data-processing/CTD/data/cnv/dres003.cnv
* Sea-Bird SBE 9 Data File:
* FileName = C:\SEASOFT\PIRATA-FR32\data\fr32003.hex
* Software Version Seasave V 7.26.7.107
* Temperature SN = 6083
* Conductivity SN = 4509
* Number of Bytes Per Scan = 42
* Number of Voltage Words = 3
* Number of Scans Averaged by the Deck Unit = 1
* NMEA Latitude = 08 29.97 N
* NMEA Longitude = 019 27.09 W
* NMEA UTC (Time) = Mar 04 2022 23:37:48
** Cruise: PIRATA-FR32
** Ship: THALASSA
** Station: 003
** Bottom Depth: 4492
** Barometric pressure : 1009
** Temp Air: 25.8
** Operator: LWMH
** Comments:
# nquan = 25
# nvalues = 500                         
# units = specified
# name 0 = scan: Scan Count
# name 1 = timeJ: Julian Days
# name 2 = prDM: Pressure, Digiquartz [db]
# name 3 = depSM: Depth [salt water, m]
# name 4 = t090C: Temperature [ITS-90, deg C]
# name 5 = t190C: Temperature, 2 [ITS-90, deg C]
# name 6 = c0S/m: Conductivity [S/m]
# name 7 = c1S/m: Conductivity, 2 [S/m]
# name 8 = sbeox0V: Oxygen raw, SBE 43 [V]
# name 9 = sbeox1V: Oxygen raw, SBE 43, 2 [V]
# name 10 = sbox0dV/dT: Oxygen, SBE 43 [dov/dt]
# name 11 = sbox1dV/dT: Oxygen, SBE 43, 2 [dov/dt]
# name 12 = CStarTr0: Beam Transmission, WET Labs C-Star [%]
# name 13 = flECO-AFL: Fluorescence, WET Labs ECO-AFL/FL [mg/m^3]
# name 14 = flC: Fluorescence, Chelsea Aqua 3 Chl Con [ug/l]
# name 15 = sbox0Mm/Kg: Oxygen, SBE 43 [umol/kg], WS = 2
# name 16 = sbox1Mm/Kg: Oxygen, SBE 43, 2 [umol/kg], WS = 2
# name 17 = sal00: Salinity, Practical [PSU]
# name 18 = sal11: Salinity, Practical, 2 [PSU]
# name 19 = sigma-é00: Density [sigma-theta, kg/m^3]
# name 20 = sigma-é11: Density, 2 [sigma-theta, kg/m^3]
# name 21 = svCM: Sound Velocity [Chen-Millero, m/s]
# name 22 = svCM1: Sound Velocity, 2 [Chen-Millero, m/s]
# name 23 = nbin: number of scans per bin
# name 24 = flag: flag
# span 0 =       1422,      20715       
# span 1 =  63.985280,  63.994584       
# span 2 =      3.000,    502.000       
# span 3 =      2.983,    498.601       
# span 4 =     9.3602,    25.7406       
# span 5 =     9.3607,    25.7400       
# span 6 =   3.771967,   5.509449       
# span 7 =   3.771737,   5.508723       
# span 8 =     0.7730,     2.6249       
# span 9 =     0.8520,     3.0502       
# span 10 =   -0.07661,    0.05039      
# span 11 =   -0.08796,    0.05552      
# span 12 =    83.0358,    89.9035      
# span 13 =     0.0483,     2.6502      
# span 14 =     0.0272,     0.7939      
# span 15 =     36.249,    197.909      
# span 16 =     35.192,    192.473      
# span 17 =    35.0096,    35.9493      
# span 18 =    35.0067,    35.9472      
# span 19 =    23.8017,    27.0764      
# span 20 =    23.7981,    27.0741      
# span 21 =    1495.78,    1537.53      
# span 22 =    1495.76,    1537.52      
# span 23 =         12,         89      
# span 24 = 0.0000e+00, 0.0000e+00      
# interval = decibars: 1                
# start_time = Mar 04 2022 23:37:49 [System UTC, first data scan.]
# bad_flag = -9.990e-29
*END*
[from data line 174]
       9298  63.989079    177.000    175.935    14.1155    14.1125   4.260953   4.260167     1.3145     1.4783   -0.00565   -0.01894    89.8284     0.0552     0.0328     95.721     91.107    35.4468    35.4423    26.5135    26.5107    1507.30    1507.29         20 0.0000e+00
       9319  63.989090    178.000    176.925    14.0827    14.0798   4.257211   4.256414     1.3361     1.5069    0.01252    0.00308    89.8284     0.0586     0.0326     98.352     93.924    35.4417    35.4369    26.5166    26.5135    1507.21    1507.19         21 0.0000e+00
       9344  63.989101    179.000    177.931    14.0534    14.0520   4.254144   4.253641     1.3458     1.5275    0.02806    0.02498    89.8284     0.0550     0.0310     99.559     95.971    35.4397    35.4363    26.5212    26.5189    1507.13    1507.12         29 0.0000e+00
       9374  63.989117    180.000    178.904    14.0489    14.0480   4.253718   4.253299     1.3470     1.5346    0.02812    0.03447    89.8284     0.0550     0.0297     99.730     96.668    35.4394    35.4364    26.5220    26.5198    1507.13    1507.12         29 0.0000e+00
       9400  63.989128    181.000    179.902    14.0491    14.0477   4.253779   4.253304     1.3461     1.5357    0.01207    0.02240    89.8274     0.0561     0.0303     99.634     96.783    35.4394    35.4362    26.5220    26.5198    1507.15    1507.14         24 0.0000e+00
       9421  63.989140    182.000    180.896    14.0415    14.0397   4.252944   4.252394     1.3482     1.5369    0.00280    0.00928    89.8335     0.0532     0.0321     99.909     96.932    35.4382    35.4347    26.5227    26.5204    1507.14    1507.13         19 0.0000e+00
       9439  63.989147    183.000    181.881    14.0342    14.0327   4.252169   4.251667     1.3507     1.5391   -0.00034    0.00320    89.8369     0.0595     0.0324    100.231     97.172    35.4373    35.4340    26.5236    26.5214    1507.13    1507.12         17 0.0000e+00
       9455  63.989155    184.000    182.903    14.0278    14.0263   4.251462   4.250944     1.3568     1.5437   -0.00084    0.00129    89.8388     0.0530     0.0314    100.978     97.635    35.4362    35.4327    26.5241    26.5217    1507.12    1507.11         16 0.0000e+00
       9472  63.989162    185.000    183.885    14.0190    14.0174   4.250467   4.249930     1.3693     1.5563    0.00096    0.00105    89.8424     0.0535     0.0313    102.488     98.883    35.4345    35.4310    26.5247    26.5224    1507.11    1507.10         17 0.0000e+00
       9491  63.989170    186.000    184.878    14.0105    14.0093   4.249515   4.249058     1.3853     1.5755    0.00285    0.00217    89.8510     0.0588     0.0321    104.407    100.756    35.4331    35.4299    26.5254    26.5232    1507.10    1507.09         22 0.0000e+00
       9517  63.989185    187.000    185.867    14.0033    14.0019   4.248703   4.248199     1.4044     1.5991    0.00918    0.00800    89.8421     0.0521     0.0313    106.696    103.054    35.4317    35.4283    26.5259    26.5236    1507.09    1507.08         30 0.0000e+00
       9548  63.989201    188.000    186.859    13.9873    13.9862   4.246897   4.246436     1.4280     1.6280    0.01868    0.02122    89.8469     0.0576     0.0306    109.530    105.881    35.4292    35.4259    26.5274    26.5250    1507.05    1507.04         31 0.0000e+00
       9575  63.989212    189.000    187.850    13.9832    13.9819   4.246464   4.246034     1.4431     1.6469    0.01806    0.02211    89.8512     0.0533     0.0299    111.334    107.731    35.4285    35.4257    26.5278    26.5258    1507.05    1507.04         24 0.0000e+00
       9599  63.989223    190.000    188.847    13.9808    13.9793   4.246236   4.245755     1.4504     1.6570    0.01845    0.02247    89.8511     0.0586     0.0298    112.217    108.720    35.4282    35.4251    26.5280    26.5259    1507.06    1507.05         23 0.0000e+00
       9623  63.989235    191.000    189.842    13.9693    13.9672   4.244930   4.244355     1.4527     1.6609    0.01551    0.01938    89.8522     0.0580     0.0305    112.531    109.140    35.4261    35.4227    26.5289    26.5267    1507.04    1507.03         25 0.0000e+00
       9648  63.989246    192.000    190.839    13.9320    13.9290   4.240722   4.239985     1.4494     1.6588    0.00978    0.01272    89.8522     0.0586     0.0307    112.241    109.043    35.4207    35.4167    26.5326    26.5301    1506.93    1506.91         25 0.0000e+00
       9672  63.989258    193.000    191.827    13.9042    13.9021   4.237778   4.237178     1.4456     1.6553    0.00471    0.00710    89.8522     0.0594     0.0305    111.879    108.774    35.4185    35.4148    26.5367    26.5343    1506.85    1506.84         22 0.0000e+00
       9693  63.989269    194.000    192.815    13.8901    13.8880   4.236184   4.235564     1.4446     1.6534    0.00010    0.00136    89.8522     0.0527     0.0304    111.809    108.637    35.4161    35.4123    26.5379    26.5354    1506.82    1506.81         20 0.0000e+00
       9711  63.989277    195.000    193.814    13.8722    13.8707   4.234245   4.233703     1.4428     1.6517   -0.00349   -0.00244    89.8522     0.0522     0.0306    111.653    108.530    35.4140    35.4104    26.5400    26.5375    1506.77    1506.76         18 0.0000e+00
       9730  63.989288    196.000    194.804    13.8667    13.8652   4.233669   4.233180     1.4398     1.6498   -0.00366   -0.00340    89.8522     0.0595     0.0305    111.324    108.374    35.4134    35.4102    26.5407    26.5385    1506.77    1506.76         19 0.0000e+00
       9750  63.989296    197.000    195.807    13.8602    13.8587   4.232965   4.232478     1.4374     1.6477   -0.00184   -0.00247    89.8522     0.0585     0.0311    111.063    108.197    35.4123    35.4092    26.5413    26.5392    1506.77    1506.76         22 0.0000e+00
       9773  63.989307    198.000    196.806    13.8538    13.8524   4.232296   4.231833     1.4345     1.6455   -0.00232   -0.00213    89.8522     0.0521     0.0294    110.748    108.019    35.4115    35.4085    26.5421    26.5400    1506.76    1506.75         25 0.0000e+00
       9802  63.989323    199.000    197.784    13.8474    13.8462   4.231654   4.231190     1.4297     1.6386   -0.00335   -0.00255    89.8466     0.0495     0.0292    110.217    107.380    35.4110    35.4078    26.5430    26.5408    1506.76    1506.75         31 0.0000e+00
       9832  63.989334    200.000    198.782    13.8400    13.8387   4.230873   4.230425     1.4253     1.6310   -0.00299   -0.00243    89.8515     0.0592     0.0291    109.720    106.671    35.4101    35.4071    26.5439    26.5418    1506.75    1506.74         27 0.0000e+00
       9856  63.989349    201.000    199.768    13.8354    13.8340   4.230444   4.229990     1.4174     1.6245   -0.00385   -0.00512    89.8522     0.0518     0.0302    108.815    106.069    35.4099    35.4070    26.5448    26.5427    1506.75    1506.74         22 0.0000e+00
       9876  63.989357    202.000    200.761    13.8290    13.8275   4.229830   4.229343     1.4086     1.6145   -0.00374   -0.00675    89.8441     0.0506     0.0305    107.794    105.132    35.4096    35.4065    26.5459    26.5438    1506.74    1506.74         18 0.0000e+00
       9894  63.989365    203.000    201.759    13.8144    13.8124   4.228189   4.227560     1.4025     1.6067   -0.00396   -0.00584    89.8321     0.0542     0.0297    107.118    104.418    35.4073    35.4033    26.5472    26.5445    1506.71    1506.70         18 0.0000e+00
       9911  63.989372    204.000    202.769    13.7956    13.7940   4.226156   4.225629     1.3978     1.5997   -0.00670   -0.00625    89.8285     0.0571     0.0299    106.610    103.797    35.4053    35.4017    26.5495    26.5471    1506.66    1506.65         18 0.0000e+00
       9931  63.989384    205.000    203.750    13.7850    13.7837   4.225036   4.224546     1.3936     1.5931   -0.00976   -0.00995    89.8316     0.0515     0.0294    106.155    103.191    35.4041    35.4007    26.5509    26.5485    1506.64    1506.64         22 0.0000e+00
       9957  63.989395    206.000    204.752    13.7799    13.7786   4.224511   4.224062     1.3920     1.5894   -0.00840   -0.01074    89.8378     0.0574     0.0291    105.990    102.862    35.4034    35.4004    26.5515    26.5494    1506.64    1506.64         30 0.0000e+00
       9989  63.989410    207.000    205.725    13.7769    13.7760   4.224185   4.223800     1.3951     1.5925   -0.00527   -0.00831    89.8351     0.0573     0.0305    106.377    103.175    35.4027    35.3999    26.5516    26.5496    1506.65    1506.64         32 0.0000e+00
      10015  63.989426    208.000    206.731    13.7719    13.7706   4.223648   4.223185     1.4019     1.5998   -0.00170   -0.00351    89.8539     0.0524     0.0301    107.217    103.917    35.4019    35.3988    26.5520    26.5499    1506.65    1506.64         23 0.0000e+00
      10037  63.989433    209.000    207.725    13.7699    13.7688   4.223466   4.223065     1.4089     1.6074    0.00159    0.00117    89.8372     0.0503     0.0292    108.058    104.665    35.4016    35.3989    26.5522    26.5503    1506.66    1506.65         19 0.0000e+00
      10056  63.989445    210.000    208.707    13.7695    13.7680   4.223468   4.223021     1.4137     1.6133    0.00351    0.00377    89.8196     0.0552     0.0295    108.649    105.256    35.4016    35.3988    26.5523    26.5505    1506.67    1506.67         19 0.0000e+00
      10076  63.989452    211.000    209.715    13.7663    13.7632   4.223090   4.222392     1.4184     1.6181    0.00632    0.00677    89.8527     0.0580     0.0292    109.229    105.747    35.4005    35.3969    26.5522    26.5500    1506.68    1506.66         21 0.0000e+00
      10099  63.989464    212.000    210.705    13.7387    13.7366   4.220014   4.219457     1.4207     1.6232    0.00742    0.00832    89.8642     0.0566     0.0272    109.581    106.313    35.3967    35.3935    26.5550    26.5530    1506.60    1506.59         24 0.0000e+00
      10124  63.989479    213.000    211.694    13.7321    13.7312   4.219373   4.218976     1.4175     1.6228    0.00615    0.00694    89.8717     0.0498     0.0300    109.225    106.304    35.3965    35.3935    26.5562    26.5541    1506.59    1506.59         26 0.0000e+00
      10148  63.989487    214.000    212.690    13.7242    13.7224   4.218497   4.217980     1.4071     1.6140    0.00417    0.00572    89.8701     0.0516     0.0303    108.022    105.481    35.3951    35.3919    26.5568    26.5547    1506.58    1506.57         24 0.0000e+00
      10171  63.989498    215.000    213.682    13.7174    13.7161   4.217806   4.217362     1.3949     1.6009   -0.00020    0.00282    89.8548     0.0507     0.0326    106.601    104.232    35.3945    35.3915    26.5578    26.5558    1506.58    1506.57         22 0.0000e+00
      10194  63.989510    216.000    214.680    13.7088    13.7069   4.216825   4.216273     1.3836     1.5880   -0.00610   -0.00382    89.8623     0.0503     0.0309    105.284    103.014    35.3927    35.3894    26.5583    26.5561    1506.56    1506.55         25 0.0000e+00
      10219  63.989521    217.000    215.671    13.6960    13.6948   4.215500   4.215059     1.3750     1.5746   -0.01175   -0.01151    89.8526     0.0510     0.0310    104.297    101.749    35.3917    35.3887    26.5602    26.5581    1506.54    1506.53         26 0.0000e+00
      10246  63.989536    218.000    216.656    13.6929    13.6915   4.215203   4.214765     1.3709     1.5675   -0.01243   -0.01386    89.8522     0.0496     0.0304    103.833    101.083    35.3914    35.3886    26.5606    26.5587    1506.54    1506.54         24 0.0000e+00
      10268  63.989548    219.000    217.655    13.6913    13.6901   4.215068   4.214639     1.3703     1.5657   -0.01006   -0.01334    89.8522     0.0509     0.0300    103.777    100.919    35.3912    35.3883    26.5608    26.5589    1506.55    1506.55         20 0.0000e+00
      10286  63.989555    220.000    218.645    13.6874    13.6858   4.214663   4.214170     1.3719     1.5648   -0.00673   -0.01109    89.8522     0.0512     0.0304    103.988    100.855    35.3906    35.3874    26.5612    26.5591    1506.56    1506.55         18 0.0000e+00
      10304  63.989563    221.000    219.647    13.6699    13.6676   4.212688   4.212055     1.3749     1.5666   -0.00367   -0.00641    89.8522     0.0498     0.0298    104.403    101.083    35.3878    35.3840    26.5627    26.5602    1506.51    1506.50         18 0.0000e+00
      10324  63.989574    222.000    220.644    13.6469    13.6454   4.210240   4.209730     1.3776     1.5713   -0.00112   -0.00274    89.8522     0.0522     0.0299    104.782    101.608    35.3856    35.3822    26.5658    26.5635    1506.45    1506.44         23 0.0000e+00
      10351  63.989586    223.000    221.633    13.6366    13.6354   4.209188   4.208739     1.3784     1.5748    0.00215   -0.00034    89.8522     0.0511     0.0304    104.925    101.984    35.3848    35.3817    26.5673    26.5652    1506.43    1506.43         30 0.0000e+00
      10381  63.989601    224.000    222.615    13.6269    13.6252   4.208159   4.207636     1.3781     1.5751    0.00346    0.00455    89.8522     0.0495     0.0309    104.918    102.049    35.3837    35.3803    26.5685    26.5662    1506.42    1506.41         27 0.0000e+00
      10404  63.989613    225.000    223.614    13.6061    13.6039   4.205939   4.205338     1.3754     1.5740    0.00132    0.00384    89.8640     0.0577     0.0312    104.652    102.001    35.3815    35.3779    26.5712    26.5689    1506.36    1506.35         22 0.0000e+00
      10424  63.989620    226.000    224.604    13.5951    13.5937   4.204879   4.204414     1.3679     1.5664    0.00011    0.00146    89.8747     0.0589     0.0321    103.798    101.287    35.3814    35.3783    26.5734    26.5713    1506.34    1506.34         17 0.0000e+00
      10442  63.989632    227.000    225.601    13.5862    13.5843   4.203920   4.203350     1.3604     1.5569   -0.00042    0.00002    89.8659     0.0583     0.0318    102.928    100.399    35.3801    35.3765    26.5743    26.5719    1506.33    1506.32         19 0.0000e+00
      10461  63.989639    228.000    226.604    13.5673    13.5653   4.201838   4.201245     1.3546     1.5481   -0.00265   -0.00139    89.8583     0.0587     0.0304    102.288     99.598    35.3776    35.3739    26.5762    26.5738    1506.28    1506.27         21 0.0000e+00
      10484  63.989651    229.000    227.597    13.5508    13.5491   4.200060   4.199529     1.3508     1.5428   -0.00777   -0.00758    89.8591     0.0580     0.0307    101.885     99.122    35.3757    35.3722    26.5782    26.5759    1506.24    1506.23         24 0.0000e+00
      10510  63.989662    230.000    228.579    13.5384    13.5367   4.198720   4.198216     1.3471     1.5390   -0.00902   -0.01194    89.8523     0.0581     0.0319    101.489     98.788    35.3742    35.3710    26.5796    26.5775    1506.22    1506.21         28 0.0000e+00
      10540  63.989677    231.000    229.583    13.5291    13.5276   4.197754   4.197269     1.3398     1.5313   -0.00498   -0.00714    89.8522     0.0514     0.0311    100.636     98.070    35.3732    35.3700    26.5808    26.5787    1506.20    1506.19         32 0.0000e+00
      10575  63.989693    232.000    230.566    13.5226    13.5211   4.197105   4.196615     1.3261     1.5159   -0.00369   -0.00399    89.8522     0.0550     0.0318     99.026     96.586    35.3727    35.3695    26.5818    26.5796    1506.20    1506.19         35 0.0000e+00
      10605  63.989708    233.000    231.551    13.5129    13.5113   4.196056   4.195574     1.3157     1.5027   -0.00700   -0.00696    89.8512     0.0637     0.0332     97.815     95.334    35.3714    35.3683    26.5828    26.5807    1506.18    1506.17         24 0.0000e+00
