data-processing/CTD/data/cnv/dres016.cnv
* Sea-Bird SBE 9 Data File:
* FileName = C:\SEASOFT\PIRATA-FR32\data\fr32016.hex
* Software Version Seasave V 7.26.7.107
* Temperature SN = 6083
* Conductivity SN = 4509
* Number of Bytes Per Scan = 42
* Number of Voltage Words = 3
* Number of Scans Averaged by the Deck Unit = 1
* NMEA Latitude = 03 59.85 S
* NMEA Longitude = 010 00.12 W
* NMEA UTC (Time) = Mar 10 2022 01:27:56
** Cruise: PIRATA-FR32
** Ship: THALASSA
** Station: 016
** Bottom Depth: 3584
** Barometric pressure : 1006.4
** Temp Air: 28.1
** Operator: SCP
** Comments:
# nquan = 25
# nvalues = 536                         
# units = specified
# name 0 = scan: Scan Count
# name 1 = timeJ: Julian Days
# name 2 = prDM: Pressure, Digiquartz [db]
# name 3 = depSM: Depth [salt water, m]
# name 4 = t090C: Temperature [ITS-90, deg C]
# name 5 = t190C: Temperature, 2 [ITS-90, deg C]
# name 6 = c0S/m: Conductivity [S/m]
# name 7 = c1S/m: Conductivity, 2 [S/m]
# name 8 = sbeox0V: Oxygen raw, SBE 43 [V]
# name 9 = sbeox1V: Oxygen raw, SBE 43, 2 [V]
# name 10 = sbox0dV/dT: Oxygen, SBE 43 [dov/dt]
# name 11 = sbox1dV/dT: Oxygen, SBE 43, 2 [dov/dt]
# name 12 = CStarTr0: Beam Transmission, WET Labs C-Star [%]
# name 13 = flECO-AFL: Fluorescence, WET Labs ECO-AFL/FL [mg/m^3]
# name 14 = flC: Fluorescence, Chelsea Aqua 3 Chl Con [ug/l]
# name 15 = sbox0Mm/Kg: Oxygen, SBE 43 [umol/kg], WS = 2
# name 16 = sbox1Mm/Kg: Oxygen, SBE 43, 2 [umol/kg], WS = 2
# name 17 = sal00: Salinity, Practical [PSU]
# name 18 = sal11: Salinity, Practical, 2 [PSU]
# name 19 = sigma-é00: Density [sigma-theta, kg/m^3]
# name 20 = sigma-é11: Density, 2 [sigma-theta, kg/m^3]
# name 21 = svCM: Sound Velocity [Chen-Millero, m/s]
# name 22 = svCM1: Sound Velocity, 2 [Chen-Millero, m/s]
# name 23 = nbin: number of scans per bin
# name 24 = flag: flag
# span 0 =       -390,      34032       
# span 1 =  69.060888,  69.077489       
# span 2 =      3.000,    538.000       
# span 3 =      2.981,    534.338       
# span 4 =     7.2940,    28.7814       
# span 5 =     7.2959,    28.7809       
# span 6 =   3.547533,   5.780464       
# span 7 =   3.547459,   5.779828       
# span 8 =     1.0387,     2.7533       
# span 9 =     1.1682,     3.1823       
# span 10 =   -0.06102,    0.02374      
# span 11 =   -0.07241,    0.03000      
# span 12 =    87.5448,    90.0195      
# span 13 =     0.0480,     1.7555      
# span 14 =     0.0289,     0.3726      
# span 15 =     73.632,    207.100      
# span 16 =     71.519,    199.996      
# span 17 =    34.6481,    36.1194      
# span 18 =    34.6454,    36.1131      
# span 19 =    22.5220,    27.1078      
# span 20 =    22.5190,    27.1054      
# span 21 =    1488.20,    1543.86      
# span 22 =    1488.20,    1543.85      
# span 23 =         12,        113      
# span 24 = 0.0000e+00, 0.0000e+00      
# interval = decibars: 1                
# start_time = Mar 10 2022 01:27:57 [System UTC, first data scan.]
# bad_flag = -9.990e-29
*END*
[from data line 174]
      11865  69.066795    177.000    175.949    13.8297    13.8278   4.227351   4.226798     1.3708     1.5633   -0.00680   -0.00897    89.8284     0.0558     0.0334    102.988     99.866    35.3963    35.3928    26.5346    26.5323    1506.32    1506.31         19 0.0000e+00
      11884  69.066811    178.000    176.929    13.8141    13.8114   4.225614   4.224883     1.3649     1.5577   -0.00742   -0.00931    89.8227     0.0525     0.0339    102.344     99.382    35.3939    35.3896    26.5361    26.5333    1506.28    1506.27         17 0.0000e+00
      11900  69.066818    179.000    177.937    13.7887    13.7861   4.222844   4.222129     1.3585     1.5516   -0.00702   -0.00952    89.8090     0.0515     0.0338    101.647     98.853    35.3910    35.3867    26.5392    26.5364    1506.21    1506.20         16 0.0000e+00
      11915  69.066818    180.000    178.932    13.7687    13.7663   4.220626   4.219951     1.3511     1.5445   -0.00682   -0.00938    89.8311     0.0510     0.0345    100.833     98.223    35.3882    35.3841    26.5412    26.5385    1506.16    1506.15         15 0.0000e+00
      11930  69.066826    181.000    179.922    13.7438    13.7387   4.217713   4.216493     1.3419     1.5350   -0.00685   -0.00815    89.8238     0.0511     0.0345     99.803     97.379    35.3835    35.3767    26.5428    26.5386    1506.09    1506.06         15 0.0000e+00
      11948  69.066841    182.000    180.927    13.6617    13.6538   4.208449   4.206758     1.3284     1.5213   -0.00792   -0.00785    89.8136     0.0569     0.0346     98.398     96.248    35.3718    35.3632    26.5508    26.5459    1505.82    1505.79         22 0.0000e+00
      11975  69.066849    183.000    181.918    13.5811    13.5768   4.199798   4.198842     1.3109     1.5008   -0.01135   -0.01108    89.8078     0.0581     0.0344     96.498     94.427    35.3645    35.3595    26.5619    26.5589    1505.57    1505.55         32 0.0000e+00
      12012  69.066872    184.000    182.900    13.5549    13.5521   4.196847   4.196176     1.2963     1.4807   -0.01664   -0.01751    89.8146     0.0567     0.0340     94.820     92.536    35.3606    35.3568    26.5644    26.5620    1505.49    1505.48         39 0.0000e+00
      12049  69.066887    185.000    183.893    13.5415    13.5399   4.195419   4.194857     1.2894     1.4690   -0.01286   -0.01612    89.8170     0.0511     0.0363     94.032     91.435    35.3590    35.3553    26.5660    26.5634    1505.46    1505.45         35 0.0000e+00
      12079  69.066902    186.000    184.887    13.5217    13.5197   4.193280   4.192665     1.2845     1.4611   -0.00692   -0.01063    89.8090     0.0513     0.0366     93.502     90.723    35.3568    35.3528    26.5684    26.5657    1505.41    1505.40         26 0.0000e+00
      12101  69.066910    187.000    185.874    13.5053    13.5033   4.191537   4.190934     1.2807     1.4571   -0.00438   -0.00745    89.8110     0.0511     0.0366     93.098     90.377    35.3552    35.3513    26.5705    26.5679    1505.37    1505.36         19 0.0000e+00
      12120  69.066917    188.000    186.873    13.4888    13.4868   4.189764   4.189153     1.2778     1.4539   -0.00363   -0.00617    89.8047     0.0566     0.0367     92.791     90.108    35.3533    35.3494    26.5724    26.5698    1505.33    1505.32         19 0.0000e+00
      12139  69.066933    189.000    187.881    13.4771    13.4749   4.188488   4.187878     1.2755     1.4507   -0.00405   -0.00619    89.8047     0.0661     0.0358     92.550     89.832    35.3516    35.3479    26.5736    26.5712    1505.31    1505.30         21 0.0000e+00
      12161  69.066940    190.000    188.862    13.4651    13.4634   4.187222   4.186681     1.2729     1.4476   -0.00412   -0.00474    89.8047     0.0486     0.0360     92.277     89.565    35.3503    35.3468    26.5751    26.5727    1505.29    1505.28         22 0.0000e+00
      12184  69.066948    191.000    189.860    13.4559    13.4538   4.186253   4.185673     1.2706     1.4444   -0.00353   -0.00401    89.8047     0.0576     0.0369     92.037     89.286    35.3493    35.3458    26.5762    26.5739    1505.27    1505.26         23 0.0000e+00
      12206  69.066963    192.000    190.855    13.4484    13.4472   4.185501   4.185040     1.2692     1.4422   -0.00300   -0.00374    89.7885     0.0595     0.0367     91.892     89.091    35.3487    35.3454    26.5773    26.5750    1505.26    1505.25         21 0.0000e+00
      12227  69.066971    193.000    191.835    13.4432    13.4415   4.184983   4.184461     1.2679     1.4402   -0.00274   -0.00352    89.8012     0.0539     0.0369     91.757     88.923    35.3482    35.3448    26.5780    26.5758    1505.26    1505.25         20 0.0000e+00
      12246  69.066978    194.000    192.843    13.4401    13.4385   4.184702   4.184228     1.2671     1.4392   -0.00234   -0.00324    89.7946     0.0510     0.0367     91.681     88.834    35.3480    35.3450    26.5786    26.5765    1505.27    1505.26         19 0.0000e+00
      12266  69.066994    195.000    193.832    13.4350    13.4331   4.184168   4.183628     1.2661     1.4380   -0.00168   -0.00267    89.8045     0.0514     0.0375     91.583     88.747    35.3473    35.3439    26.5791    26.5769    1505.27    1505.26         22 0.0000e+00
      12288  69.067001    196.000    194.832    13.4168    13.4135   4.182196   4.181423     1.2653     1.4380   -0.00137   -0.00197    89.8036     0.0509     0.0388     91.538     88.790    35.3451    35.3408    26.5811    26.5785    1505.22    1505.20         22 0.0000e+00
      12311  69.067017    197.000    195.820    13.3927    13.3907   4.179647   4.179088     1.2648     1.4374   -0.00116   -0.00147    89.8046     0.0527     0.0395     91.540     88.785    35.3429    35.3394    26.5844    26.5821    1505.15    1505.14         24 0.0000e+00
      12339  69.067024    198.000    196.818    13.3864    13.3850   4.178988   4.178512     1.2639     1.4359   -0.00097   -0.00073    89.8047     0.0500     0.0373     91.456     88.667    35.3421    35.3388    26.5851    26.5828    1505.15    1505.14         31 0.0000e+00
      12371  69.067039    199.000    197.801    13.3821    13.3805   4.178544   4.178041     1.2629     1.4362   -0.00055   -0.00067    89.8047     0.0515     0.0356     91.352     88.711    35.3414    35.3381    26.5855    26.5833    1505.15    1505.14         32 0.0000e+00
      12401  69.067055    200.000    198.799    13.3711    13.3692   4.177386   4.176831     1.2621     1.4358   -0.00081   -0.00090    89.7882     0.0581     0.0364     91.286     88.712    35.3402    35.3368    26.5868    26.5846    1505.13    1505.12         28 0.0000e+00
      12427  69.067070    201.000    199.795    13.3613    13.3595   4.176358   4.175824     1.2610     1.4347   -0.00079    0.00019    89.8095     0.0558     0.0378     91.196     88.631    35.3392    35.3358    26.5881    26.5858    1505.11    1505.10         27 0.0000e+00
      12455  69.067085    202.000    200.788    13.3525    13.3509   4.175434   4.174942     1.2604     1.4329   -0.00076   -0.00028    89.8074     0.0653     0.0373     91.149     88.482    35.3381    35.3350    26.5891    26.5870    1505.10    1505.09         26 0.0000e+00
      12479  69.067093    203.000    201.773    13.3475    13.3459   4.174942   4.174471     1.2598     1.4309   -0.00071   -0.00086    89.8035     0.0581     0.0362     91.094     88.310    35.3377    35.3347    26.5898    26.5878    1505.10    1505.09         22 0.0000e+00
      12499  69.067101    204.000    202.765    13.3464    13.3446   4.174852   4.174338     1.2596     1.4299   -0.00075   -0.00116    89.8022     0.0572     0.0364     91.082     88.225    35.3375    35.3343    26.5899    26.5878    1505.11    1505.10         19 0.0000e+00
      12516  69.067108    205.000    203.775    13.3318    13.3301   4.173286   4.172730     1.2589     1.4294   -0.00061   -0.00179    89.8046     0.0590     0.0371     91.040     88.215    35.3358    35.3321    26.5915    26.5890    1505.08    1505.07         16 0.0000e+00
      12533  69.067123    206.000    204.757    13.3241    13.3225   4.172502   4.172017     1.2585     1.4289   -0.00059   -0.00193    89.8047     0.0585     0.0368     91.019     88.189    35.3351    35.3320    26.5926    26.5906    1505.07    1505.06         19 0.0000e+00
      12554  69.067131    207.000    205.764    13.3202    13.3182   4.172102   4.171565     1.2582     1.4287   -0.00044   -0.00138    89.8047     0.0516     0.0367     91.002     88.191    35.3345    35.3313    26.5930    26.5909    1505.07    1505.06         24 0.0000e+00
      12647  69.067177    208.000    206.757    13.3078    13.3028   4.170801   4.169971     1.2572     1.4283   -0.00049   -0.00090    89.7848     0.0734     0.0366     90.917     88.190    35.3333    35.3300    26.5946    26.5931    1505.05    1505.03         61 0.0000e+00
      12767  69.067230    209.000    207.749    13.2828    13.2801   4.168049   4.167474     1.2538     1.4245   -0.00080   -0.00037    89.8216     0.0580     0.0360     90.577     87.872    35.3299    35.3270    26.5971    26.5955    1504.98    1504.96         90 0.0000e+00
      13437  69.067558    210.000    208.745    13.2730    13.2717   4.167012   4.166593     1.2508     1.4212   -0.00008   -0.00028    89.8393     0.0549     0.0353     90.238     87.577    35.3288    35.3260    26.5983    26.5964    1504.96    1504.95         74 0.0000e+00
      15097  69.068359    211.000    209.731    13.2691    13.2676   4.166574   4.166114     1.2493     1.4199   -0.00005    0.00014    89.8455     0.0547     0.0346     90.080     87.473    35.3278    35.3248    26.5983    26.5964    1504.96    1504.95         93 0.0000e+00
      16301  69.068939    212.000    210.725    13.2570    13.2554   4.165237   4.164738     1.2472     1.4179   -0.00004   -0.00003    89.8451     0.0523     0.0348     89.862     87.313    35.3259    35.3227    26.5994    26.5972    1504.94    1504.93        113 0.0000e+00
      17247  69.069397    213.000    211.724    13.2375    13.2358   4.163121   4.162594     1.2445     1.4142   -0.00049   -0.00032    89.8423     0.0534     0.0357     89.588     86.996    35.3236    35.3201    26.6016    26.5992    1504.88    1504.88         78 0.0000e+00
      18792  69.070137    214.000    212.711    13.2212    13.2170   4.161388   4.160613     1.2424     1.4128   -0.00048   -0.00189    89.8184     0.0519     0.0345     89.385     86.906    35.3219    35.3183    26.6036    26.6017    1504.85    1504.83         76 0.0000e+00
      19423  69.070442    215.000    213.699    13.2103    13.2089   4.160169   4.159674     1.2403     1.4104   -0.00086    0.00036    89.8186     0.0506     0.0346     89.164     86.691    35.3200    35.3165    26.6044    26.6020    1504.82    1504.81         32 0.0000e+00
      19392  69.070427    216.000    214.695    13.2026    13.2015   4.159347   4.158852     1.2403     1.4109   -0.00078    0.00031    89.8428     0.0540     0.0347     89.190     86.768    35.3189    35.3152    26.6051    26.6025    1504.81    1504.81         24 0.0000e+00
      19415  69.070435    217.000    215.683    13.1950    13.1935   4.158557   4.158024     1.2403     1.4108   -0.00089   -0.00120    89.8423     0.0576     0.0345     89.216     86.784    35.3180    35.3144    26.6060    26.6035    1504.80    1504.79         24 0.0000e+00
      19442  69.070450    218.000    216.693    13.1892    13.1881   4.157942   4.157469     1.2403     1.4109   -0.00044   -0.00041    89.8380     0.0575     0.0352     89.239     86.818    35.3171    35.3136    26.6065    26.6040    1504.80    1504.79         30 0.0000e+00
      19475  69.070465    219.000    217.661    13.1851    13.1835   4.157535   4.157002     1.2403     1.4102 7.8983e-07    0.00022    89.8435     0.0534     0.0353     89.258     86.765    35.3166    35.3130    26.6070    26.6046    1504.80    1504.79         32 0.0000e+00
      19499  69.070480    220.000    218.681    13.1794    13.1777   4.156918   4.156353     1.2403     1.4091    0.00004    0.00002    89.8421     0.0502     0.0351     89.281     86.683    35.3157    35.3119    26.6074    26.6049    1504.80    1504.79         21 0.0000e+00
      19521  69.070488    221.000    219.646    13.1664    13.1656   4.155497   4.155025     1.2403     1.4092   -0.00008   -0.00015    89.8511     0.0530     0.0349     89.319     86.722    35.3138    35.3101    26.6087    26.6059    1504.77    1504.76         20 0.0000e+00
      19541  69.070503    222.000    220.673    13.1625    13.1603   4.155128   4.154548     1.2403     1.4079   -0.00001   -0.00109    89.8463     0.0556     0.0348     89.337     86.614    35.3135    35.3100    26.6092    26.6070    1504.77    1504.76         23 0.0000e+00
      19571  69.070511    223.000    221.652    13.1615    13.1545   4.155031   4.153889     1.2409     1.4093   -0.00003   -0.00049    89.8389     0.0519     0.0346     89.413     86.778    35.3130    35.3088    26.6091    26.6072    1504.79    1504.76         38 0.0000e+00
      19611  69.070534    224.000    222.636    13.1491    13.1486   4.153700   4.153308     1.2416     1.4100    0.00019   -0.00035    89.8461     0.0612     0.0351     89.537     86.871    35.3115    35.3082    26.6105    26.6080    1504.76    1504.75         37 0.0000e+00
      19640  69.070549    225.000    223.635    13.1453    13.1444   4.153296   4.152810     1.2412     1.4107    0.00052    0.00133    89.8419     0.0652     0.0353     89.508     86.954    35.3108    35.3070    26.6107    26.6080    1504.76    1504.76         23 0.0000e+00
      19663  69.070557    226.000    224.632    13.1350    13.1337   4.152208   4.151701     1.2406     1.4090    0.00048    0.00025    89.8450     0.0595     0.0352     89.469     86.824    35.3096    35.3060    26.6119    26.6094    1504.74    1504.74         23 0.0000e+00
      19685  69.070572    227.000    225.622    13.1311    13.1288   4.151802   4.151180     1.2411     1.4084   -0.00003    0.00053    89.8372     0.0624     0.0357     89.543     86.785    35.3090    35.3051    26.6122    26.6097    1504.75    1504.73         22 0.0000e+00
      19707  69.070580    228.000    226.611    13.1100    13.1083   4.149458   4.148846     1.2410     1.4077   -0.00056   -0.00032    89.8410     0.0615     0.0359     89.587     86.763    35.3059    35.3016    26.6141    26.6112    1504.69    1504.68         21 0.0000e+00
      19726  69.070587    229.000    227.592    13.1000    13.0984   4.148436   4.147903     1.2404     1.4060   -0.00035   -0.00155    89.8396     0.0569     0.0350     89.548     86.624    35.3050    35.3014    26.6155    26.6130    1504.67    1504.66         17 0.0000e+00
      19741  69.070595    230.000    228.608    13.0899    13.0898   4.147366   4.146935     1.2403     1.4047    0.00020   -0.00090    89.8302     0.0507     0.0347     89.561     86.527    35.3038    35.2998    26.6166    26.6135    1504.65    1504.65         14 0.0000e+00
      19755  69.070602    231.000    229.587    13.0802    13.0791   4.146330   4.145810     1.2393     1.4047    0.00031   -0.00023    89.8284     0.0503     0.0346     89.476     86.560    35.3025    35.2986    26.6177    26.6148    1504.64    1504.63         12 0.0000e+00
      19768  69.070610    232.000    230.600    13.0692    13.0673   4.145145   4.144475     1.2381     1.4059   -0.00009   -0.00091    89.8233     0.0589     0.0346     89.358     86.713    35.3010    35.2964    26.6187    26.6156    1504.61    1504.60         14 0.0000e+00
      19781  69.070618    233.000    231.602    13.0516    13.0490   4.143213   4.142380     1.2375     1.4064   -0.00044   -0.00183    89.8247     0.0567     0.0346     89.330     86.801    35.2985    35.2930    26.6204    26.6166    1504.57    1504.55         13 0.0000e+00
