data-processing/CTD/data/cnv/dres004.cnv
* Sea-Bird SBE 9 Data File:
* FileName = C:\SEASOFT\PIRATA-FR32\data\fr32004.hex
* Software Version Seasave V 7.26.7.107
* Temperature SN = 6083
* Conductivity SN = 4509
* Number of Bytes Per Scan = 42
* Number of Voltage Words = 3
* Number of Scans Averaged by the Deck Unit = 1
* NMEA Latitude = 08 00.05 N
* NMEA Longitude = 018 51.14 W
* NMEA UTC (Time) = Mar 05 2022 04:57:11
** Cruise: PIRATA-FR32
** Ship: THALASSA
** Station: 004
** Bottom Depth: 4318
** Barometric pressure : 1007
** Temp Air: 25.1
** Operator: AMGE
** Comments:
# nquan = 25
# nvalues = 502                         
# units = specified
# name 0 = scan: Scan Count
# name 1 = timeJ: Julian Days
# name 2 = prDM: Pressure, Digiquartz [db]
# name 3 = depSM: Depth [salt water, m]
# name 4 = t090C: Temperature [ITS-90, deg C]
# name 5 = t190C: Temperature, 2 [ITS-90, deg C]
# name 6 = c0S/m: Conductivity [S/m]
# name 7 = c1S/m: Conductivity, 2 [S/m]
# name 8 = sbeox0V: Oxygen raw, SBE 43 [V]
# name 9 = sbeox1V: Oxygen raw, SBE 43, 2 [V]
# name 10 = sbox0dV/dT: Oxygen, SBE 43 [dov/dt]
# name 11 = sbox1dV/dT: Oxygen, SBE 43, 2 [dov/dt]
# name 12 = CStarTr0: Beam Transmission, WET Labs C-Star [%]
# name 13 = flECO-AFL: Fluorescence, WET Labs ECO-AFL/FL [mg/m^3]
# name 14 = flC: Fluorescence, Chelsea Aqua 3 Chl Con [ug/l]
# name 15 = sbox0Mm/Kg: Oxygen, SBE 43 [umol/kg], WS = 2
# name 16 = sbox1Mm/Kg: Oxygen, SBE 43, 2 [umol/kg], WS = 2
# name 17 = sal00: Salinity, Practical [PSU]
# name 18 = sal11: Salinity, Practical, 2 [PSU]
# name 19 = sigma-é00: Density [sigma-theta, kg/m^3]
# name 20 = sigma-é11: Density, 2 [sigma-theta, kg/m^3]
# name 21 = svCM: Sound Velocity [Chen-Millero, m/s]
# name 22 = svCM1: Sound Velocity, 2 [Chen-Millero, m/s]
# name 23 = nbin: number of scans per bin
# name 24 = flag: flag
# span 0 =        -65,      22392       
# span 1 =  64.206345,  64.217176       
# span 2 =      2.000,    503.000       
# span 3 =      1.997,    499.613       
# span 4 =     8.4717,    25.8892       
# span 5 =     8.4706,    25.8888       
# span 6 =   3.676419,   5.507981       
# span 7 =   3.676057,   5.507305       
# span 8 =     0.8011,     2.6049       
# span 9 =     0.8841,     3.0258       
# span 10 =   -0.10283,    0.03326      
# span 11 =   -0.11392,    0.03545      
# span 12 =    86.6820,    89.9147      
# span 13 =     0.0490,     0.9893      
# span 14 =     0.0286,     0.3400      
# span 15 =     39.656,    195.919      
# span 16 =     38.356,    190.104      
# span 17 =    34.8803,    35.9278      
# span 18 =    34.8776,    35.9171      
# span 19 =    23.6572,    27.1192      
# span 20 =    23.6537,    27.1169      
# span 21 =    1492.36,    1537.90      
# span 22 =    1492.35,    1537.89      
# span 23 =         13,        103      
# span 24 = 0.0000e+00, 0.0000e+00      
# interval = decibars: 1                
# start_time = Mar 05 2022 04:57:11 [System UTC, first data scan.]
# bad_flag = -9.990e-29
*END*
[from data line 232]
      10425  64.211403    234.000    232.558    13.4026    13.4016   4.183681   4.183262     1.4026     1.6032   -0.00225   -0.00264    89.8318     0.0504     0.0313    108.518    105.425    35.3562    35.3533    26.5938    26.5917    1505.82    1505.81         36 0.0000e+00
      10463  64.211426    235.000    233.552    13.3999    13.3984   4.183435   4.182978     1.3934     1.5943   -0.00348   -0.00516    89.8157     0.0499     0.0297    107.422    104.571    35.3560    35.3530    26.5942    26.5922    1505.82    1505.81         34 0.0000e+00
      10490  64.211433    236.000    234.534    13.3903    13.3888   4.182477   4.182018     1.3798     1.5809   -0.00426   -0.00447    89.8287     0.0516     0.0301    105.831    103.295    35.3554    35.3524    26.5957    26.5937    1505.81    1505.80         24 0.0000e+00
      10512  64.211449    237.000    235.541    13.3812    13.3795   4.181537   4.181044     1.3690     1.5680   -0.00549   -0.00527    89.8273     0.0491     0.0329    104.561    102.063    35.3546    35.3514    26.5970    26.5949    1505.79    1505.78         21 0.0000e+00
      10533  64.211456    238.000    236.536    13.3704    13.3687   4.180403   4.179888     1.3607     1.5573   -0.00897   -0.00836    89.8308     0.0496     0.0328    103.600    101.049    35.3534    35.3501    26.5983    26.5961    1505.77    1505.76         20 0.0000e+00
      10553  64.211464    239.000    237.526    13.3553    13.3535   4.178787   4.178226     1.3527     1.5470   -0.01194   -0.01251    89.8231     0.0501     0.0309    102.682    100.086    35.3517    35.3480    26.6001    26.5976    1505.74    1505.73         22 0.0000e+00
      10576  64.211479    240.000    238.519    13.3388    13.3371   4.177048   4.176506     1.3451     1.5370   -0.01154   -0.01391    89.8186     0.0508     0.0289    101.815     99.154    35.3501    35.3466    26.6022    26.5999    1505.70    1505.69         22 0.0000e+00
      10598  64.211487    241.000    239.503    13.3187    13.3173   4.174942   4.174452     1.3363     1.5273   -0.00969   -0.01224    89.8198     0.0509     0.0291    100.811     98.251    35.3484    35.3450    26.6051    26.6027    1505.65    1505.64         22 0.0000e+00
      10619  64.211494    242.000    240.505    13.3143    13.3132   4.174562   4.174144     1.3288     1.5184   -0.00885   -0.01161    89.8183     0.0570     0.0287     99.932     97.402    35.3484    35.3455    26.6060    26.6040    1505.65    1505.64         21 0.0000e+00
      10640  64.211510    243.000    241.497    13.3132    13.3114   4.174481   4.173987     1.3226     1.5104   -0.00839   -0.01057    89.8225     0.0580     0.0311     99.188     96.623    35.3483    35.3453    26.6062    26.6042    1505.66    1505.65         20 0.0000e+00
      10661  64.211517    244.000    242.493    13.3087    13.3072   4.174065   4.173614     1.3158     1.5029   -0.00919   -0.01041    89.8284     0.0611     0.0310     98.389     95.914    35.3482    35.3453    26.6070    26.6051    1505.66    1505.65         24 0.0000e+00
      10688  64.211533    245.000    243.493    13.2892    13.2883   4.171998   4.171569     1.2984     1.4865   -0.00818   -0.00996    89.8203     0.0605     0.0313     96.345     94.346    35.3463    35.3430    26.6095    26.6072    1505.61    1505.60         31 0.0000e+00
      10718  64.211548    246.000    244.472    13.2465    13.2443   4.167680   4.167059     1.2546     1.4398   -0.00751   -0.00860    89.8233     0.0559     0.0314     91.151     89.852    35.3445    35.3407    26.6169    26.6144    1505.48    1505.47         28 0.0000e+00
      10744  64.211555    247.000    245.467    13.2384    13.2376   4.166832   4.166451     1.2274     1.4032   -0.01387   -0.01338    89.8110     0.0577     0.0329     87.895     86.266    35.3436    35.3406    26.6179    26.6157    1505.47    1505.47         23 0.0000e+00
      10766  64.211571    248.000    246.464    13.2371    13.2361   4.166706   4.166316     1.2176     1.3855   -0.03087   -0.03059    89.8119     0.0551     0.0338     86.721     84.539    35.3432    35.3404    26.6178    26.6159    1505.49    1505.48         23 0.0000e+00
      10789  64.211578    249.000    247.466    13.2341    13.2324   4.166374   4.165865     1.2169     1.3789   -0.03268   -0.03952    89.8217     0.0499     0.0333     86.655     83.898    35.3423    35.3391    26.6178    26.6157    1505.49    1505.48         23 0.0000e+00
      10814  64.211594    250.000    248.445    13.2216    13.2198   4.164965   4.164436     1.2167     1.3777   -0.01806   -0.02682    89.8208     0.0523     0.0330     86.664     83.815    35.3401    35.3368    26.6187    26.6165    1505.46    1505.45         25 0.0000e+00
      10837  64.211601    251.000    249.445    13.2075    13.2061   4.163650   4.163215     1.2024     1.3690   -0.00599   -0.01346    89.8113     0.0571     0.0321     84.965     82.991    35.3404    35.3375    26.6218    26.6199    1505.43    1505.43         22 0.0000e+00
      10858  64.211617    252.000    250.435    13.1971    13.1950   4.162703   4.162094     1.1773     1.3449    0.00049   -0.00440    89.8046     0.0522     0.0331     81.950     80.650    35.3406    35.3368    26.6241    26.6216    1505.42    1505.40         18 0.0000e+00
      10878  64.211624    253.000    251.431    13.1615    13.1590   4.158872   4.158186     1.1538     1.3181   -0.00235   -0.00181    89.8036     0.0506     0.0338     79.182     78.076    35.3369    35.3327    26.6285    26.6257    1505.31    1505.30         22 0.0000e+00
      10903  64.211632    254.000    252.431    13.1285    13.1256   4.155364   4.154664     1.1220     1.2822   -0.01870   -0.01463    89.8024     0.0542     0.0356     75.395     74.586    35.3338    35.3298    26.6328    26.6303    1505.21    1505.20         31 0.0000e+00
      10936  64.211647    255.000    253.411    13.0648    13.0631   4.148482   4.147741     1.0843     1.2344   -0.02888   -0.03122    89.7945     0.0637     0.0370     70.920     69.970    35.3271    35.3217    26.6405    26.6366    1505.01    1505.00         33 0.0000e+00
      10966  64.211662    256.000    254.404    13.0316    13.0295   4.144809   4.144175     1.0642     1.2048   -0.03041   -0.03501    89.7948     0.0658     0.0356     68.542     67.096    35.3226    35.3186    26.6437    26.6410    1504.91    1504.90         24 0.0000e+00
      10988  64.211678    257.000    255.402    13.0100    13.0077   4.142556   4.141892     1.0554     1.1916   -0.02843   -0.03541    89.7968     0.0506     0.0351     67.518     65.825    35.3209    35.3167    26.6467    26.6440    1504.85    1504.84         21 0.0000e+00
      11006  64.211685    258.000    256.386    12.9858    12.9840   4.140082   4.139509     1.0506     1.1846   -0.02212   -0.03002    89.8003     0.0542     0.0356     66.967     65.172    35.3194    35.3155    26.6505    26.6478    1504.79    1504.78         16 0.0000e+00
      11022  64.211693    259.000    257.392    12.9697    12.9679   4.138353   4.137754     1.0479     1.1801   -0.01617   -0.02386    89.7987     0.0577     0.0359     66.669     64.761    35.3174    35.3134    26.6522    26.6495    1504.75    1504.74         16 0.0000e+00
      11038  64.211700    260.000    258.391    12.9518    12.9497   4.136406   4.135773     1.0462     1.1764   -0.01202   -0.01823    89.7799     0.0521     0.0350     66.497     64.430    35.3151    35.3110    26.6540    26.6513    1504.70    1504.69         17 0.0000e+00
      11059  64.211708    261.000    259.383    12.9194    12.9164   4.132865   4.132130     1.0441     1.1730   -0.00808   -0.01208    89.7773     0.0548     0.0357     66.306     64.143    35.3110    35.3068    26.6574    26.6547    1504.61    1504.59         26 0.0000e+00
      11094  64.211723    262.000    260.370    12.8845    12.8832   4.129268   4.128808     1.0411     1.1690   -0.00361   -0.00619    89.7866     0.0630     0.0367     65.992     63.803    35.3089    35.3056    26.6627    26.6604    1504.51    1504.50         40 0.0000e+00
      11126  64.211746    263.000    261.356    12.8701    12.8687   4.127747   4.127232     1.0387     1.1661   -0.00218   -0.00348    89.7888     0.0515     0.0376     65.734     63.542    35.3073    35.3036    26.6644    26.6618    1504.47    1504.46         27 0.0000e+00
      11149  64.211754    264.000    262.357    12.8565    12.8539   4.126286   4.125607     1.0370     1.1642   -0.00216   -0.00284    89.7951     0.0584     0.0380     65.547     63.386    35.3056    35.3014    26.6658    26.6631    1504.44    1504.43         20 0.0000e+00
      11170  64.211761    265.000    263.338    12.8191    12.8166   4.122200   4.121522     1.0357     1.1621   -0.00175   -0.00251    89.7951     0.0510     0.0376     65.455     63.233    35.3010    35.2967    26.6697    26.6669    1504.33    1504.31         20 0.0000e+00
      11191  64.211777    266.000    264.349    12.8026    12.8011   4.120481   4.119971     1.0342     1.1601   -0.00180   -0.00183    89.7764     0.0503     0.0384     65.305     63.063    35.2994    35.2960    26.6718    26.6695    1504.29    1504.28         24 0.0000e+00
      11217  64.211784    267.000    265.341    12.7911    12.7894   4.119242   4.118734     1.0331     1.1583   -0.00173   -0.00227    89.7885     0.0495     0.0399     65.196     62.908    35.2979    35.2946    26.6730    26.6707    1504.26    1504.25         28 0.0000e+00
      11247  64.211800    268.000    266.319    12.7660    12.7629   4.116550   4.115842     1.0315     1.1566   -0.00153   -0.00228    89.7880     0.0547     0.0381     65.047     62.786    35.2951    35.2912    26.6758    26.6734    1504.19    1504.18         30 0.0000e+00
      11273  64.211815    269.000    267.322    12.7227    12.7201   4.112028   4.111364     1.0300     1.1559   -0.00115   -0.00171    89.7850     0.0582     0.0390     64.929     62.775    35.2917    35.2878    26.6818    26.6793    1504.06    1504.05         23 0.0000e+00
      11294  64.211823    270.000    268.311    12.7070    12.7054   4.110458   4.109945     1.0287     1.1545   -0.00109   -0.00176    89.7702     0.0616     0.0383     64.799     62.664    35.2909    35.2875    26.6843    26.6820    1504.02    1504.01         18 0.0000e+00
      11311  64.211830    271.000    269.287    12.6926    12.6897   4.108905   4.108153     1.0273     1.1528   -0.00141   -0.00102    89.7782     0.0668     0.0385     64.656     62.532    35.2891    35.2846    26.6858    26.6829    1503.99    1503.97         16 0.0000e+00
      11326  64.211838    272.000    270.315    12.6683    12.6670   4.106401   4.105900     1.0263     1.1521   -0.00144   -0.00063    89.7809     0.0654     0.0387     64.574     62.493    35.2873    35.2837    26.6893    26.6867    1503.92    1503.91         16 0.0000e+00
      11343  64.211845    273.000    271.304    12.6646    12.6628   4.106000   4.105468     1.0251     1.1506   -0.00137   -0.00108    89.7796     0.0616     0.0384     64.437     62.356    35.2865    35.2830    26.6894    26.6870    1503.93    1503.91         18 0.0000e+00
      11366  64.211861    274.000    272.292    12.6453    12.6436   4.103945   4.103379     1.0238     1.1486   -0.00170   -0.00184    89.7689     0.0572     0.0393     64.319     62.192    35.2844    35.2805    26.6916    26.6889    1503.87    1503.86         29 0.0000e+00
      11402  64.211876    275.000    273.281    12.6233    12.6222   4.101635   4.101138     1.0212     1.1458   -0.00160   -0.00186    89.7762     0.0576     0.0376     64.034     61.947    35.2823    35.2786    26.6944    26.6917    1503.81    1503.81         40 0.0000e+00
      11440  64.211891    276.000    274.260    12.6039    12.6023   4.099545   4.099031     1.0186     1.1427   -0.00162   -0.00207    89.7741     0.0596     0.0373     63.751     61.675    35.2799    35.2765    26.6963    26.6940    1503.76    1503.75         32 0.0000e+00
      11465  64.211906    277.000    275.260    12.5880    12.5865   4.097881   4.097383     1.0163     1.1406   -0.00169   -0.00179    89.7778     0.0654     0.0373     63.506     61.494    35.2783    35.2750    26.6983    26.6960    1503.72    1503.72         23 0.0000e+00
      11486  64.211914    278.000    276.270    12.5703    12.5669   4.095914   4.095078     1.0143     1.1387   -0.00159   -0.00193    89.7612     0.0582     0.0386     63.292     61.337    35.2756    35.2707    26.6996    26.6965    1503.68    1503.66         20 0.0000e+00
      11506  64.211929    279.000    277.244    12.5320    12.5302   4.091919   4.091342     1.0117     1.1359   -0.00194   -0.00209    89.7475     0.0590     0.0391     63.024     61.111    35.2726    35.2687    26.7049    26.7022    1503.56    1503.55         18 0.0000e+00
      11525  64.211937    280.000    278.247    12.5052    12.5026   4.089019   4.088283     1.0091     1.1324   -0.00204   -0.00194    89.7746     0.0605     0.0389     62.758     60.811    35.2692    35.2646    26.7075    26.7045    1503.48    1503.47         21 0.0000e+00
      11547  64.211945    281.000    279.241    12.4664    12.4636   4.084794   4.084047     1.0064     1.1285   -0.00242   -0.00232    89.7807     0.0655     0.0391     62.487     60.475    35.2644    35.2598    26.7114    26.7084    1503.36    1503.35         25 0.0000e+00
      11574  64.211960    282.000    280.233    12.4334    12.4325   4.081392   4.080952     1.0030     1.1247   -0.00313   -0.00364    89.7800     0.0658     0.0383     62.119     60.144    35.2621    35.2587    26.7161    26.7137    1503.27    1503.26         26 0.0000e+00
      11600  64.211967    283.000    281.220    12.4259    12.4241   4.080591   4.080055     1.0003     1.1219   -0.00301   -0.00429    89.7676     0.0637     0.0376     61.801     59.881    35.2609    35.2575    26.7167    26.7143    1503.26    1503.25         27 0.0000e+00
      11624  64.211983    284.000    282.221    12.4036    12.4005   4.078173   4.077420     0.9980     1.1189   -0.00312   -0.00376    89.7614     0.0586     0.0391     61.555     59.615    35.2581    35.2538    26.7189    26.7161    1503.19    1503.18         23 0.0000e+00
      11646  64.211990    285.000    283.205    12.3599    12.3571   4.073545   4.072732     0.9958     1.1162   -0.00284   -0.00296    89.7758     0.0583     0.0383     61.346     59.410    35.2539    35.2487    26.7242    26.7207    1503.06    1503.04         19 0.0000e+00
      11666  64.212006    286.000    284.193    12.3262    12.3247   4.069980   4.069447     0.9929     1.1129   -0.00233   -0.00251    89.7713     0.0650     0.0362     61.042     59.126    35.2506    35.2469    26.7282    26.7256    1502.96    1502.95         20 0.0000e+00
      11685  64.212013    287.000    285.201    12.3219    12.3208   4.069602   4.069158     0.9906     1.1103   -0.00224   -0.00290    89.7806     0.0623     0.0375     60.775     58.874    35.2506    35.2473    26.7290    26.7267    1502.96    1502.95         21 0.0000e+00
      11708  64.212021    288.000    286.194    12.3068    12.3043   4.067934   4.067288     0.9883     1.1077   -0.00268   -0.00328    89.7809     0.0606     0.0387     60.519     58.642    35.2481    35.2442    26.7301    26.7275    1502.92    1502.91         22 0.0000e+00
      11731  64.212036    289.000    287.182    12.2783    12.2753   4.064935   4.064236     0.9857     1.1043   -0.00320   -0.00371    89.7809     0.0645     0.0379     60.236     58.347    35.2455    35.2415    26.7336    26.7310    1502.84    1502.82         24 0.0000e+00
      11755  64.212044    290.000    288.172    12.2529    12.2509   4.062256   4.061670     0.9827     1.1008   -0.00271   -0.00298    89.7809     0.0593     0.0369     59.905     58.035    35.2429    35.2391    26.7365    26.7340    1502.77    1502.75         26 0.0000e+00
