data-processing/CTD/data/cnv/dres015.cnv
* Sea-Bird SBE 9 Data File:
* FileName = C:\SEASOFT\PIRATA-FR32\data\fr32015.hex
* Software Version Seasave V 7.26.7.107
* Temperature SN = 6083
* Conductivity SN = 4509
* Number of Bytes Per Scan = 42
* Number of Voltage Words = 3
* Number of Scans Averaged by the Deck Unit = 1
* NMEA Latitude = 03 29.96 S
* NMEA Longitude = 010 00.06 W
* NMEA UTC (Time) = Mar 09 2022 21:40:31
** Cruise: PIRATA-FR32
** Ship: THALASSA
** Station: 015
** Bottom Depth: 3815
** Barometric pressure : 1006.9
** Temp Air: 28.5
** Operator: LWMH
** Comments:
# nquan = 25
# nvalues = 504                         
# units = specified
# name 0 = scan: Scan Count
# name 1 = timeJ: Julian Days
# name 2 = prDM: Pressure, Digiquartz [db]
# name 3 = depSM: Depth [salt water, m]
# name 4 = t090C: Temperature [ITS-90, deg C]
# name 5 = t190C: Temperature, 2 [ITS-90, deg C]
# name 6 = c0S/m: Conductivity [S/m]
# name 7 = c1S/m: Conductivity, 2 [S/m]
# name 8 = sbeox0V: Oxygen raw, SBE 43 [V]
# name 9 = sbeox1V: Oxygen raw, SBE 43, 2 [V]
# name 10 = sbox0dV/dT: Oxygen, SBE 43 [dov/dt]
# name 11 = sbox1dV/dT: Oxygen, SBE 43, 2 [dov/dt]
# name 12 = CStarTr0: Beam Transmission, WET Labs C-Star [%]
# name 13 = flECO-AFL: Fluorescence, WET Labs ECO-AFL/FL [mg/m^3]
# name 14 = flC: Fluorescence, Chelsea Aqua 3 Chl Con [ug/l]
# name 15 = sbox0Mm/Kg: Oxygen, SBE 43 [umol/kg], WS = 2
# name 16 = sbox1Mm/Kg: Oxygen, SBE 43, 2 [umol/kg], WS = 2
# name 17 = sal00: Salinity, Practical [PSU]
# name 18 = sal11: Salinity, Practical, 2 [PSU]
# name 19 = sigma-é00: Density [sigma-theta, kg/m^3]
# name 20 = sigma-é11: Density, 2 [sigma-theta, kg/m^3]
# name 21 = svCM: Sound Velocity [Chen-Millero, m/s]
# name 22 = svCM1: Sound Velocity, 2 [Chen-Millero, m/s]
# name 23 = nbin: number of scans per bin
# name 24 = flag: flag
# span 0 =       -501,      19665       
# span 1 =  68.902906,  68.912631       
# span 2 =      2.000,    505.000       
# span 3 =      1.978,    501.608       
# span 4 =     7.0723,    28.4292       
# span 5 =     7.0707,    28.4296       
# span 6 =   3.523675,   5.691747       
# span 7 =   3.523263,   5.691135       
# span 8 =     1.0068,     2.7678       
# span 9 =     1.1323,     3.2073       
# span 10 =   -0.14104,    0.04582      
# span 11 =   -0.17221,    0.03626      
# span 12 =    85.4224,    90.0347      
# span 13 =     0.0432,     2.3722      
# span 14 =     0.0307,     0.6013      
# span 15 =     67.236,    211.938      
# span 16 =     65.583,    205.147      
# span 17 =    34.6251,    35.9791      
# span 18 =    34.6222,    35.9558      
# span 19 =    22.3760,    27.1201      
# span 20 =    22.3724,    27.1180      
# span 21 =    1486.77,    1542.58      
# span 22 =    1486.76,    1542.57      
# span 23 =         12,        104      
# span 24 = 0.0000e+00, 0.0000e+00      
# interval = decibars: 1                
# start_time = Mar 09 2022 21:40:32 [System UTC, first data scan.]
# bad_flag = -9.990e-29
*END*
[from data line 348]
      13623  68.909714    350.000    347.776    10.5773    10.5747   3.879127   3.878475     1.0519     1.1869   -0.00095   -0.00040    89.8760     0.0715     0.0388     71.764     69.948    34.9966    34.9925    26.8562    26.8535    1497.65    1497.64         34 0.0000e+00
      13654  68.909737    351.000    348.770    10.5440    10.5426   3.875648   3.875172     1.0507     1.1848   -0.00086   -0.00048    89.8760     0.0659     0.0424     71.675     69.788    34.9930    34.9895    26.8593    26.8568    1497.55    1497.54         28 0.0000e+00
      13680  68.909744    352.000    349.752    10.5285    10.5263   3.873950   3.873388     1.0488     1.1820   -0.00040   -0.00117    89.8760     0.0672     0.0443     71.467     69.534    34.9903    34.9867    26.8600    26.8575    1497.51    1497.49         24 0.0000e+00
      13702  68.909752    353.000    350.760    10.5130    10.5096   3.872276   3.871485     1.0470     1.1799   -0.00069   -0.00145    89.8760     0.0664     0.0410     71.260     69.348    34.9878    34.9831    26.8608    26.8577    1497.46    1497.45         21 0.0000e+00
      13724  68.909767    354.000    351.750    10.4409    10.4347   3.864586   3.863373     1.0440     1.1772   -0.00133   -0.00206    89.8760     0.0665     0.0401     71.005     69.192    34.9789    34.9725    26.8664    26.8625    1497.21    1497.18         25 0.0000e+00
      13755  68.909782    355.000    352.739    10.3744    10.3709   3.857796   3.857015     1.0400     1.1719   -0.00198   -0.00249    89.8760     0.0715     0.0406     70.606     68.735    34.9735    34.9690    26.8739    26.8710    1496.99    1496.97         35 0.0000e+00
      13787  68.909798    356.000    353.730    10.3555    10.3546   3.855807   3.855371     1.0369     1.1673   -0.00307   -0.00292    89.8760     0.0581     0.0410     70.233     68.283    34.9711    34.9675    26.8753    26.8727    1496.93    1496.93         26 0.0000e+00
      13808  68.909805    357.000    354.708    10.3472    10.3463   3.854974   3.854547     1.0350     1.1654   -0.00321   -0.00411    89.8760     0.0709     0.0400     70.014     68.104    34.9702    34.9668    26.8760    26.8736    1496.92    1496.91         18 0.0000e+00
      13824  68.909813    358.000    355.715    10.3343    10.3332   3.853649   3.853129     1.0340     1.1642   -0.00293   -0.00435    89.8760     0.0718     0.0402     69.904     67.999    34.9687    34.9645    26.8772    26.8741    1496.89    1496.88         15 0.0000e+00
      13839  68.909821    359.000    356.713    10.3212    10.3200   3.852352   3.851925     1.0328     1.1629   -0.00243   -0.00364    89.8760     0.0677     0.0391     69.780     67.891    34.9677    34.9646    26.8787    26.8764    1496.86    1496.85         14 0.0000e+00
      13853  68.909828    360.000    357.703    10.3166    10.3159   3.851891   3.851524     1.0323     1.1626   -0.00209   -0.00273    89.8760     0.0725     0.0387     69.730     67.871    34.9670    34.9640    26.8790    26.8767    1496.86    1496.85         14 0.0000e+00
      13869  68.909836    361.000    358.709    10.3087    10.3073   3.851119   3.850654     1.0315     1.1624   -0.00198   -0.00223    89.8760     0.0806     0.0395     69.648     67.873    34.9663    34.9630    26.8798    26.8774    1496.84    1496.83         20 0.0000e+00
      13894  68.909851    362.000    359.698    10.3052    10.3044   3.850792   3.850420     1.0305     1.1599   -0.00172   -0.00181    89.8814     0.0582     0.0404     69.534     67.625    34.9659    34.9629    26.8801    26.8779    1496.85    1496.84         31 0.0000e+00
      13933  68.909866    363.000    360.680    10.3046    10.3031   3.850768   3.850352     1.0295     1.1591   -0.00107   -0.00112    89.8951     0.0580     0.0406     69.413     67.548    34.9659    34.9631    26.8802    26.8783    1496.86    1496.85         42 0.0000e+00
      13971  68.909882    364.000    361.672    10.2994    10.2982   3.850271   3.849841     1.0281     1.1587   -0.00076   -0.00141    89.8886     0.0653     0.0406     69.250     67.525    34.9653    34.9622    26.8807    26.8785    1496.86    1496.85         33 0.0000e+00
      14000  68.909897    365.000    362.659    10.2829    10.2820   3.848578   3.848169     1.0259     1.1567   -0.00069   -0.00008    89.8889     0.0666     0.0403     68.994     67.337    34.9635    34.9603    26.8822    26.8798    1496.81    1496.81         26 0.0000e+00
      14021  68.909912    366.000    363.666    10.2692    10.2669   3.847131   3.846503     1.0234     1.1541   -0.00084   -0.00026    89.8760     0.0658     0.0407     68.689     67.096    34.9616    34.9574    26.8831    26.8802    1496.78    1496.77         19 0.0000e+00
      14040  68.909920    367.000    364.650    10.2388    10.2365   3.844023   3.843405     1.0201     1.1501   -0.00101   -0.00070    89.8760     0.0603     0.0412     68.318     66.731    34.9588    34.9548    26.8862    26.8834    1496.68    1496.67         18 0.0000e+00
      14059  68.909927    368.000    365.646    10.2112    10.2086   3.841089   3.840425     1.0163     1.1456   -0.00198   -0.00173    89.8760     0.0607     0.0414     67.871     66.296    34.9551    34.9509    26.8881    26.8852    1496.60    1496.58         20 0.0000e+00
      14079  68.909935    369.000    366.641    10.1946    10.1922   3.839355   3.838716     1.0136     1.1421   -0.00285   -0.00296    89.8760     0.0656     0.0409     67.556     65.958    34.9531    34.9489    26.8894    26.8865    1496.55    1496.54         22 0.0000e+00
      14101  68.909950    370.000    367.629    10.1531    10.1523   3.835008   3.834491     1.0122     1.1395   -0.00404   -0.00468    89.8748     0.0649     0.0414     67.446     65.748    34.9484    34.9438    26.8929    26.8895    1496.41    1496.41         20 0.0000e+00
      14122  68.909958    371.000    368.624    10.1421    10.1406   3.833907   3.833426     1.0116     1.1384   -0.00437   -0.00539    89.8816     0.0659     0.0406     67.391     65.656    34.9473    34.9438    26.8939    26.8915    1496.39    1496.38         22 0.0000e+00
      14143  68.909966    372.000    369.620    10.1077    10.1046   3.830244   3.829473     1.0117     1.1382   -0.00306   -0.00415    89.8783     0.0598     0.0410     67.466     65.696    34.9426    34.9378    26.8962    26.8930    1496.28    1496.26         21 0.0000e+00
      14164  68.909981    373.000    370.611    10.0870    10.0826   3.828063   3.827242     1.0128     1.1384   -0.00154   -0.00267    89.8895     0.0641     0.0392     67.666     65.770    34.9399    34.9358    26.8977    26.8952    1496.22    1496.20         21 0.0000e+00
      14185  68.909988    374.000    371.599    10.0732    10.0716   3.826638   3.826181     1.0128     1.1384   -0.00059   -0.00121    89.8965     0.0712     0.0393     67.686     65.795    34.9383    34.9352    26.8988    26.8966    1496.18    1496.17         22 0.0000e+00
      14208  68.909996    375.000    372.597    10.0687    10.0679   3.826186   3.825822     1.0128     1.1384    0.00008   -0.00007    89.8842     0.0660     0.0402     67.701     65.810    34.9375    34.9346    26.8990    26.8968    1496.18    1496.18         24 0.0000e+00
      14239  68.910011    376.000    373.589    10.0649    10.0635   3.825810   3.825384     1.0128     1.1385    0.00057    0.00009    89.8951     0.0590     0.0410     67.717     65.837    34.9369    34.9340    26.8991    26.8971    1496.18    1496.18         39 0.0000e+00
      14281  68.910034    377.000    374.577    10.0634    10.0621   3.825685   3.825296     1.0127     1.1388   -0.00003   -0.00000    89.8941     0.0611     0.0414     67.719     65.880    34.9366    34.9339    26.8992    26.8974    1496.19    1496.19         38 0.0000e+00
      14311  68.910049    378.000    375.569    10.0624    10.0611   3.825647   3.825237     1.0118     1.1385    0.00005    0.00020    89.8987     0.0657     0.0412     67.606     65.851    34.9367    34.9338    26.8995    26.8975    1496.21    1496.20         25 0.0000e+00
      14332  68.910057    379.000    376.561    10.0605    10.0592   3.825493   3.825074     1.0115     1.1383    0.00001    0.00025    89.8998     0.0573     0.0402     67.579     65.843    34.9365    34.9336    26.8997    26.8976    1496.22    1496.21         18 0.0000e+00
      14350  68.910065    380.000    377.547    10.0569    10.0553   3.825152   3.824703     1.0108     1.1373   -0.00024   -0.00015    89.8998     0.0622     0.0400     67.504     65.752    34.9361    34.9331    26.9000    26.8979    1496.22    1496.21         17 0.0000e+00
      14366  68.910072    381.000    378.558    10.0500    10.0483   3.824456   3.823995     1.0104     1.1367   -0.00067   -0.00031    89.8998     0.0648     0.0401     67.460     65.705    34.9352    34.9322    26.9005    26.8984    1496.21    1496.20         17 0.0000e+00
      14383  68.910088    382.000    379.545    10.0469    10.0456   3.824181   3.823776     1.0099     1.1366   -0.00066   -0.00022    89.8998     0.0669     0.0399     67.408     65.703    34.9349    34.9320    26.9008    26.8988    1496.22    1496.21         17 0.0000e+00
      14401  68.910095    383.000    380.541    10.0346    10.0336   3.822841   3.822418     1.0099     1.1362   -0.00058   -0.00067    89.8919     0.0611     0.0399     67.435     65.690    34.9327    34.9294    26.9012    26.8988    1496.19    1496.18         19 0.0000e+00
      14422  68.910103    384.000    381.532    10.0284    10.0267   3.822235   3.821787     1.0091     1.1357   -0.00071   -0.00086    89.8653     0.0594     0.0396     67.351     65.652    34.9321    34.9291    26.9018    26.8998    1496.18    1496.17         24 0.0000e+00
      14448  68.910118    385.000    382.527    10.0261    10.0247   3.822027   3.821637     1.0083     1.1355   -0.00055   -0.00053    89.8857     0.0632     0.0395     67.260     65.648    34.9317    34.9290    26.9019    26.9001    1496.19    1496.18         28 0.0000e+00
      14476  68.910126    386.000    383.506    10.0152    10.0133   3.820892   3.820351     1.0079     1.1348   -0.00055   -0.00054    89.8937     0.0599     0.0392     67.236     65.599    34.9302    34.9265    26.9026    26.9000    1496.16    1496.15         27 0.0000e+00
      14502  68.910141    387.000    384.507     9.9676     9.9633   3.815880   3.814982     1.0079     1.1339   -0.00074   -0.00029    89.8941     0.0665     0.0407     67.319     65.583    34.9244    34.9194    26.9062    26.9031    1496.00    1495.98         25 0.0000e+00
      14530  68.910156    388.000    385.500     9.9238     9.9217   3.811384   3.810845     1.0079     1.1337   -0.00041   -0.00038    89.8871     0.0646     0.0406     67.401     65.642    34.9203    34.9168    26.9104    26.9080    1495.85    1495.84         30 0.0000e+00
      14557  68.910172    389.000    386.487     9.9080     9.9063   3.809746   3.809239     1.0079     1.1334   -0.00022   -0.00085    89.8931     0.0656     0.0404     67.436     65.637    34.9183    34.9148    26.9116    26.9092    1495.81    1495.80         25 0.0000e+00
      14579  68.910179    390.000    387.475     9.8839     9.8815   3.807175   3.806483     1.0082     1.1337   -0.00001   -0.00063    89.8961     0.0679     0.0403     67.519     65.721    34.9149    34.9101    26.9130    26.9097    1495.74    1495.72         19 0.0000e+00
      14598  68.910187    391.000    388.486     9.8410     9.8380   3.802746   3.801965     1.0094     1.1351    0.00014    0.00012    89.8945     0.0719     0.0401     67.754     65.950    34.9105    34.9054    26.9169    26.9134    1495.59    1495.58         18 0.0000e+00
      14616  68.910194    392.000    389.474     9.7887     9.7845   3.797287   3.796303     1.0109     1.1363    0.00010   -0.00020    89.8997     0.0675     0.0403     68.049     66.173    34.9047    34.8986    26.9211    26.9171    1495.41    1495.39         19 0.0000e+00
      14639  68.910210    393.000    390.467     9.7488     9.7459   3.793147   3.792425     1.0131     1.1380    0.00044    0.00038    89.8998     0.0648     0.0394     68.414     66.433    34.9003    34.8957    26.9244    26.9213    1495.28    1495.26         28 0.0000e+00
      14669  68.910225    394.000    391.455     9.7084     9.7068   3.788921   3.788360     1.0154     1.1395    0.00169    0.00164    89.8998     0.0701     0.0398     68.800     66.661    34.8955    34.8912    26.9274    26.9244    1495.15    1495.13         29 0.0000e+00
      14696  68.910233    395.000    392.439     9.6730     9.6703   3.785212   3.784469     1.0153     1.1400    0.00227    0.00179    89.9084     0.0608     0.0391     68.853     66.784    34.8912    34.8862    26.9300    26.9265    1495.03    1495.01         26 0.0000e+00
      14718  68.910248    396.000    393.435     9.6223     9.6195   3.779976   3.779160     1.0153     1.1407    0.00189    0.00138    89.9022     0.0519     0.0390     68.946     66.955    34.8859    34.8802    26.9343    26.9303    1494.85    1494.84         20 0.0000e+00
      14738  68.910255    397.000    394.431     9.5950     9.5932   3.777192   3.776650     1.0153     1.1415    0.00087    0.00071    89.9038     0.0506     0.0393     69.000     67.094    34.8833    34.8794    26.9368    26.9341    1494.77    1494.76         18 0.0000e+00
      14757  68.910263    398.000    395.433     9.5874     9.5857   3.776423   3.775919     1.0154     1.1420    0.00020    0.00050    89.9169     0.0577     0.0391     69.038     67.169    34.8822    34.8787    26.9373    26.9348    1494.76    1494.75         22 0.0000e+00
      14783  68.910278    399.000    396.420     9.5799     9.5784   3.775668   3.775211     1.0154     1.1428    0.00003    0.00079    89.9210     0.0651     0.0381     69.055     67.281    34.8812    34.8780    26.9377    26.9355    1494.74    1494.74         30 0.0000e+00
      14813  68.910294    400.000    397.407     9.5714     9.5701   3.774831   3.774395     1.0152     1.1425    0.00011    0.00077    89.9138     0.0656     0.0380     69.050     67.273    34.8804    34.8771    26.9385    26.9362    1494.73    1494.72         29 0.0000e+00
      14838  68.910301    401.000    398.400     9.5690     9.5679   3.774656   3.774269     1.0144     1.1419   -0.00004    0.00079    89.9134     0.0714     0.0379     68.954     67.211    34.8805    34.8775    26.9390    26.9369    1494.74    1494.73         21 0.0000e+00
      14859  68.910316    402.000    399.387     9.5631     9.5607   3.774067   3.773504     1.0139     1.1416   -0.00011    0.00022    89.9191     0.0729     0.0391     68.918     67.206    34.8797    34.8762    26.9394    26.9371    1494.73    1494.72         21 0.0000e+00
      14879  68.910324    403.000    400.394     9.5465     9.5435   3.772356   3.771678     1.0131     1.1414   -0.00035   -0.00042    89.9186     0.0582     0.0391     68.843     67.217    34.8777    34.8736    26.9406    26.9379    1494.68    1494.67         19 0.0000e+00
      14899  68.910332    404.000    401.393     9.5225     9.5196   3.769891   3.769217     1.0123     1.1401   -0.00063   -0.00060    89.9044     0.0575     0.0388     68.776     67.127    34.8751    34.8709    26.9426    26.9398    1494.61    1494.60         22 0.0000e+00
      14924  68.910347    405.000    402.373     9.4988     9.4951   3.767457   3.766760     1.0112     1.1387   -0.00069   -0.00032    89.9156     0.0522     0.0387     68.679     67.021    34.8724    34.8689    26.9444    26.9422    1494.54    1494.52         27 0.0000e+00
      14953  68.910362    406.000    403.363     9.4786     9.4775   3.765401   3.764979     1.0099     1.1371   -0.00101   -0.00095    89.9116     0.0523     0.0394     68.553     66.882    34.8703    34.8671    26.9461    26.9438    1494.48    1494.47         30 0.0000e+00
