data-processing/CTD/data/cnv/dres003.cnv
* Sea-Bird SBE 9 Data File:
* FileName = C:\SEASOFT\PIRATA-FR32\data\fr32003.hex
* Software Version Seasave V 7.26.7.107
* Temperature SN = 6083
* Conductivity SN = 4509
* Number of Bytes Per Scan = 42
* Number of Voltage Words = 3
* Number of Scans Averaged by the Deck Unit = 1
* NMEA Latitude = 08 29.97 N
* NMEA Longitude = 019 27.09 W
* NMEA UTC (Time) = Mar 04 2022 23:37:48
** Cruise: PIRATA-FR32
** Ship: THALASSA
** Station: 003
** Bottom Depth: 4492
** Barometric pressure : 1009
** Temp Air: 25.8
** Operator: LWMH
** Comments:
# nquan = 25
# nvalues = 500                         
# units = specified
# name 0 = scan: Scan Count
# name 1 = timeJ: Julian Days
# name 2 = prDM: Pressure, Digiquartz [db]
# name 3 = depSM: Depth [salt water, m]
# name 4 = t090C: Temperature [ITS-90, deg C]
# name 5 = t190C: Temperature, 2 [ITS-90, deg C]
# name 6 = c0S/m: Conductivity [S/m]
# name 7 = c1S/m: Conductivity, 2 [S/m]
# name 8 = sbeox0V: Oxygen raw, SBE 43 [V]
# name 9 = sbeox1V: Oxygen raw, SBE 43, 2 [V]
# name 10 = sbox0dV/dT: Oxygen, SBE 43 [dov/dt]
# name 11 = sbox1dV/dT: Oxygen, SBE 43, 2 [dov/dt]
# name 12 = CStarTr0: Beam Transmission, WET Labs C-Star [%]
# name 13 = flECO-AFL: Fluorescence, WET Labs ECO-AFL/FL [mg/m^3]
# name 14 = flC: Fluorescence, Chelsea Aqua 3 Chl Con [ug/l]
# name 15 = sbox0Mm/Kg: Oxygen, SBE 43 [umol/kg], WS = 2
# name 16 = sbox1Mm/Kg: Oxygen, SBE 43, 2 [umol/kg], WS = 2
# name 17 = sal00: Salinity, Practical [PSU]
# name 18 = sal11: Salinity, Practical, 2 [PSU]
# name 19 = sigma-é00: Density [sigma-theta, kg/m^3]
# name 20 = sigma-é11: Density, 2 [sigma-theta, kg/m^3]
# name 21 = svCM: Sound Velocity [Chen-Millero, m/s]
# name 22 = svCM1: Sound Velocity, 2 [Chen-Millero, m/s]
# name 23 = nbin: number of scans per bin
# name 24 = flag: flag
# span 0 =       1422,      20715       
# span 1 =  63.985280,  63.994584       
# span 2 =      3.000,    502.000       
# span 3 =      2.983,    498.601       
# span 4 =     9.3602,    25.7406       
# span 5 =     9.3607,    25.7400       
# span 6 =   3.771967,   5.509449       
# span 7 =   3.771737,   5.508723       
# span 8 =     0.7730,     2.6249       
# span 9 =     0.8520,     3.0502       
# span 10 =   -0.07661,    0.05039      
# span 11 =   -0.08796,    0.05552      
# span 12 =    83.0358,    89.9035      
# span 13 =     0.0483,     2.6502      
# span 14 =     0.0272,     0.7939      
# span 15 =     36.249,    197.909      
# span 16 =     35.192,    192.473      
# span 17 =    35.0096,    35.9493      
# span 18 =    35.0067,    35.9472      
# span 19 =    23.8017,    27.0764      
# span 20 =    23.7981,    27.0741      
# span 21 =    1495.78,    1537.53      
# span 22 =    1495.76,    1537.52      
# span 23 =         12,         89      
# span 24 = 0.0000e+00, 0.0000e+00      
# interval = decibars: 1                
# start_time = Mar 04 2022 23:37:49 [System UTC, first data scan.]
# bad_flag = -9.990e-29
*END*
[from data line 348]
      13289  63.991005    351.000    348.734    11.6777    11.6736   4.004414   4.003496     0.8935     0.9962   -0.00152   -0.00227    89.7718     0.0584     0.0410     49.838     48.431    35.1945    35.1895    26.8101    26.8069    1501.75    1501.73         21 0.0000e+00
      13313  63.991016    352.000    349.730    11.6053    11.6030   3.996973   3.996275     0.8898     0.9931   -0.00163   -0.00184    89.7796     0.0665     0.0417     49.461     48.194    35.1895    35.1849    26.8198    26.8166    1501.51    1501.50         25 0.0000e+00
      13339  63.991028    353.000    350.724    11.5825    11.5812   3.994825   3.994369     0.8862     0.9879   -0.00203   -0.00207    89.7809     0.0642     0.0423     49.031     47.682    35.1896    35.1863    26.8241    26.8218    1501.45    1501.44         29 0.0000e+00
      13367  63.991039    354.000    351.715    11.5748    11.5733   3.994083   3.993630     0.8831     0.9841   -0.00313   -0.00296    89.7809     0.0656     0.0427     48.650     47.308    35.1891    35.1861    26.8253    26.8232    1501.44    1501.43         26 0.0000e+00
      13391  63.991051    355.000    352.695    11.5707    11.5696   3.993834   3.993471     0.8810     0.9813   -0.00363   -0.00437    89.7809     0.0657     0.0416     48.397     47.026    35.1901    35.1876    26.8268    26.8251    1501.44    1501.44         21 0.0000e+00
      13410  63.991062    356.000    353.694    11.5672    11.5652   3.993589   3.993063     0.8793     0.9790   -0.00295   -0.00427    89.7770     0.0727     0.0395     48.194     46.801    35.1906    35.1874    26.8279    26.8257    1501.45    1501.44         19 0.0000e+00
      13429  63.991070    357.000    354.698    11.5591    11.5572   3.992824   3.992328     0.8778     0.9773   -0.00261   -0.00311    89.7683     0.0635     0.0403     48.007     46.638    35.1903    35.1872    26.8291    26.8271    1501.44    1501.43         19 0.0000e+00
      13449  63.991081    358.000    355.682    11.5439    11.5417   3.991387   3.990821     0.8758     0.9753   -0.00228   -0.00287    89.7711     0.0622     0.0416     47.776     46.454    35.1902    35.1866    26.8319    26.8296    1501.40    1501.39         22 0.0000e+00
      13471  63.991093    359.000    356.684    11.5149    11.5126   3.988322   3.987644     0.8734     0.9726   -0.00196   -0.00270    89.7816     0.0713     0.0424     47.506     46.207    35.1870    35.1825    26.8349    26.8318    1501.31    1501.30         22 0.0000e+00
      13494  63.991100    360.000    357.671    11.4777    11.4757   3.984420   3.983816     0.8708     0.9697   -0.00208   -0.00229    89.7756     0.0660     0.0429     47.228     45.945    35.1834    35.1793    26.8390    26.8362    1501.20    1501.18         23 0.0000e+00
      13517  63.991112    361.000    358.654    11.4570    11.4557   3.982393   3.981946     0.8682     0.9666   -0.00252   -0.00252    89.7673     0.0736     0.0412     46.916     45.655    35.1826    35.1794    26.8423    26.8400    1501.14    1501.13         23 0.0000e+00
      13541  63.991123    362.000    359.658    11.4499    11.4476   3.981603   3.981019     0.8656     0.9631   -0.00261   -0.00305    89.7770     0.0666     0.0411     46.602     45.300    35.1811    35.1775    26.8424    26.8400    1501.13    1501.12         25 0.0000e+00
      13566  63.991138    363.000    360.649    11.4120    11.4085   3.977450   3.976696     0.8636     0.9599   -0.00270   -0.00316    89.7674     0.0652     0.0414     46.399     45.013    35.1756    35.1715    26.8452    26.8427    1501.01    1500.99         25 0.0000e+00
      13593  63.991150    364.000    361.643    11.3726    11.3690   3.973257   3.972495     0.8609     0.9571   -0.00268   -0.00342    89.7743     0.0660     0.0411     46.103     44.768    35.1712    35.1670    26.8490    26.8465    1500.88    1500.87         28 0.0000e+00
      13619  63.991161    365.000    362.626    11.3299    11.3265   3.968739   3.967929     0.8579     0.9532   -0.00207   -0.00315    89.7800     0.0733     0.0422     45.763     44.414    35.1666    35.1618    26.8534    26.8503    1500.75    1500.73         25 0.0000e+00
      13642  63.991173    366.000    363.623    11.2777    11.2751   3.963234   3.962526     0.8547     0.9499   -0.00209   -0.00263    89.7663     0.0742     0.0421     45.417     44.130    35.1613    35.1568    26.8588    26.8558    1500.57    1500.56         20 0.0000e+00
      13662  63.991184    367.000    364.617    11.2536    11.2514   3.960762   3.960158     0.8522     0.9467   -0.00255   -0.00284    89.7604     0.0740     0.0436     45.126     43.828    35.1593    35.1553    26.8617    26.8591    1500.50    1500.49         21 0.0000e+00
      13683  63.991192    368.000    365.614    11.2439    11.2425   3.959852   3.959393     0.8497     0.9435   -0.00294   -0.00354    89.7762     0.0723     0.0439     44.821     43.504    35.1591    35.1559    26.8634    26.8612    1500.49    1500.48         21 0.0000e+00
      13705  63.991203    369.000    366.601    11.2369    11.2353   3.959125   3.958635     0.8478     0.9414   -0.00328   -0.00369    89.7787     0.0729     0.0436     44.594     43.291    35.1581    35.1547    26.8639    26.8616    1500.48    1500.47         22 0.0000e+00
      13729  63.991215    370.000    367.601    11.2219    11.2200   3.957484   3.956932     0.8461     0.9397   -0.00303   -0.00367    89.7791     0.0716     0.0424     44.386     43.136    35.1557    35.1520    26.8648    26.8623    1500.44    1500.43         26 0.0000e+00
      13755  63.991226    371.000    368.588    11.1971    11.1952   3.955048   3.954532     0.8441     0.9372   -0.00247   -0.00303    89.7683     0.0589     0.0418     44.165     42.904    35.1547    35.1513    26.8686    26.8663    1500.37    1500.36         28 0.0000e+00
      13781  63.991241    372.000    369.580    11.1790    11.1771   3.953230   3.952707     0.8418     0.9351   -0.00181   -0.00191    89.7709     0.0661     0.0432     43.899     42.708    35.1534    35.1500    26.8709    26.8686    1500.32    1500.31         24 0.0000e+00
      13803  63.991253    373.000    370.571    11.1676    11.1661   3.952173   3.951725     0.8403     0.9326   -0.00175   -0.00201    89.7782     0.0721     0.0448     43.714     42.467    35.1533    35.1502    26.8730    26.8708    1500.30    1500.29         19 0.0000e+00
      13822  63.991261    374.000    371.565    11.1649    11.1634   3.951962   3.951527     0.8390     0.9310   -0.00192   -0.00213    89.7809     0.0694     0.0439     43.559     42.303    35.1533    35.1504    26.8735    26.8715    1500.30    1500.30         19 0.0000e+00
      13841  63.991268    375.000    372.548    11.1603    11.1588   3.951565   3.951125     0.8381     0.9295   -0.00206   -0.00211    89.7809     0.0658     0.0439     43.451     42.155    35.1533    35.1504    26.8743    26.8723    1500.30    1500.30         19 0.0000e+00
      13862  63.991280    376.000    373.562    11.1579    11.1568   3.951388   3.950989     0.8374     0.9287   -0.00186   -0.00245    89.7809     0.0648     0.0433     43.373     42.076    35.1534    35.1505    26.8748    26.8728    1500.31    1500.31         23 0.0000e+00
      13885  63.991291    377.000    374.547    11.1574    11.1562   3.951425   3.951024     0.8367     0.9271   -0.00144   -0.00219    89.7809     0.0575     0.0412     43.279     41.917    35.1538    35.1509    26.8753    26.8733    1500.33    1500.32         24 0.0000e+00
      13908  63.991302    378.000    375.538    11.1542    11.1523   3.951134   3.950632     0.8359     0.9268   -0.00098   -0.00148    89.7809     0.0659     0.0406     43.194     41.896    35.1535    35.1503    26.8757    26.8735    1500.33    1500.32         21 0.0000e+00
      13931  63.991314    379.000    376.520    11.1414    11.1398   3.949809   3.949360     0.8353     0.9262   -0.00093   -0.00134    89.7809     0.0659     0.0418     43.128     41.853    35.1521    35.1492    26.8770    26.8750    1500.30    1500.29         22 0.0000e+00
      13953  63.991322    380.000    377.534    11.1344    11.1328   3.949111   3.948659     0.8347     0.9253   -0.00074   -0.00108    89.7809     0.0764     0.0424     43.063     41.769    35.1514    35.1484    26.8777    26.8756    1500.29    1500.29         26 0.0000e+00
      13983  63.991337    381.000    378.513    11.1264    11.1246   3.948333   3.947852     0.8342     0.9248   -0.00070   -0.00054    89.7809     0.0649     0.0428     43.017     41.727    35.1508    35.1477    26.8787    26.8767    1500.28    1500.27         33 0.0000e+00
      14015  63.991352    382.000    379.505    11.1156    11.1135   3.947169   3.946608     0.8332     0.9232   -0.00063   -0.00067    89.7809     0.0650     0.0415     42.908     41.578    35.1491    35.1455    26.8794    26.8769    1500.26    1500.25         29 0.0000e+00
      14041  63.991367    383.000    380.493    11.0724    11.0701   3.942617   3.941999     0.8316     0.9220   -0.00042   -0.00061    89.7809     0.0576     0.0420     42.747     41.500    35.1446    35.1407    26.8837    26.8811    1500.12    1500.11         23 0.0000e+00
      14062  63.991375    384.000    381.483    11.0522    11.0506   3.940622   3.940110     0.8303     0.9202   -0.00048   -0.00123    89.7809     0.0649     0.0424     42.603     41.335    35.1435    35.1400    26.8866    26.8841    1500.06    1500.05         20 0.0000e+00
      14080  63.991386    385.000    382.494    11.0449    11.0430   3.939867   3.939346     0.8296     0.9190   -0.00098   -0.00100    89.7809     0.0662     0.0421     42.529     41.213    35.1426    35.1392    26.8872    26.8849    1500.05    1500.04         17 0.0000e+00
      14098  63.991394    386.000    383.474    11.0303    11.0276   3.938285   3.937623     0.8290     0.9182   -0.00141   -0.00100    89.7809     0.0680     0.0425     42.467     41.150    35.1403    35.1362    26.8881    26.8854    1500.02    1500.00         18 0.0000e+00
      14117  63.991402    387.000    384.475    11.0078    11.0062   3.935964   3.935442     0.8282     0.9171   -0.00153   -0.00171    89.7876     0.0727     0.0435     42.390     41.063    35.1382    35.1345    26.8906    26.8879    1499.95    1499.94         21 0.0000e+00
      14138  63.991413    388.000    385.468    10.9857    10.9831   3.933581   3.932898     0.8271     0.9166   -0.00105   -0.00186    89.7992     0.0610     0.0439     42.273     41.037    35.1350    35.1307    26.8921    26.8892    1499.89    1499.87         22 0.0000e+00
      14161  63.991425    389.000    386.449    10.9351    10.9325   3.928263   3.927480     0.8258     0.9149   -0.00097   -0.00126    89.7932     0.0615     0.0431     42.165     40.910    35.1298    35.1245    26.8972    26.8935    1499.72    1499.70         23 0.0000e+00
      14185  63.991436    390.000    387.452    10.8869    10.8854   3.923316   3.922752     0.8244     0.9133   -0.00104   -0.00095    89.7955     0.0678     0.0423     42.031     40.794    35.1260    35.1218    26.9029    26.8999    1499.56    1499.55         26 0.0000e+00
      14212  63.991447    391.000    388.439    10.8748    10.8733   3.922072   3.921613     0.8232     0.9119   -0.00128   -0.00128    89.7996     0.0677     0.0417     41.897     40.661    35.1247    35.1215    26.9041    26.9019    1499.54    1499.53         29 0.0000e+00
      14240  63.991463    392.000    389.424    10.8650    10.8630   3.921066   3.920553     0.8228     0.9106   -0.00141   -0.00163    89.7980     0.0658     0.0413     41.856     40.535    35.1236    35.1203    26.9050    26.9028    1499.52    1499.50         25 0.0000e+00
      14265  63.991474    393.000    390.423    10.8371    10.8341   3.918129   3.917438     0.8220     0.9100   -0.00113   -0.00148    89.7947     0.0704     0.0416     41.780     40.503    35.1204    35.1164    26.9076    26.9049    1499.43    1499.41         24 0.0000e+00
      14286  63.991486    394.000    391.419    10.8221    10.8187   3.916655   3.915998     0.8209     0.9090   -0.00057   -0.00100    89.7940     0.0716     0.0406     41.660     40.420    35.1195    35.1163    26.9096    26.9077    1499.39    1499.38         20 0.0000e+00
      14306  63.991493    395.000    392.416    10.8180    10.8169   3.916277   3.915869     0.8202     0.9078   -0.00059   -0.00104    89.8033     0.0665     0.0416     41.578     40.301    35.1193    35.1162    26.9102    26.9080    1499.39    1499.39         20 0.0000e+00
      14328  63.991505    396.000    393.404    10.8148    10.8137   3.915943   3.915523     0.8197     0.9070   -0.00084   -0.00074    89.8046     0.0651     0.0420     41.528     40.224    35.1186    35.1154    26.9102    26.9079    1499.40    1499.39         23 0.0000e+00
      14351  63.991516    397.000    394.392    10.7870    10.7842   3.912956   3.912246     0.8192     0.9062   -0.00108   -0.00115    89.8047     0.0644     0.0426     41.496     40.173    35.1148    35.1103    26.9122    26.9092    1499.31    1499.30         25 0.0000e+00
      14375  63.991528    398.000    395.384    10.7585    10.7570   3.910120   3.909642     0.8178     0.9055   -0.00074   -0.00117    89.8047     0.0707     0.0422     41.346     40.124    35.1132    35.1098    26.9161    26.9137    1499.23    1499.22         21 0.0000e+00
      14395  63.991535    399.000    396.379    10.7466    10.7447   3.908888   3.908370     0.8170     0.9046   -0.00044   -0.00094    89.8035     0.0726     0.0409     41.255     40.054    35.1118    35.1084    26.9172    26.9149    1499.20    1499.19         20 0.0000e+00
      14415  63.991547    400.000    397.378    10.7346    10.7327   3.907668   3.907141     0.8160     0.9036   -0.00068   -0.00075    89.7959     0.0684     0.0407     41.140     39.957    35.1105    35.1072    26.9183    26.9160    1499.17    1499.16         21 0.0000e+00
      14441  63.991558    401.000    398.371    10.6942    10.6906   3.903394   3.902663     0.8156     0.9028   -0.00127   -0.00084    89.7964     0.0581     0.0406     41.129     39.924    35.1060    35.1021    26.9219    26.9196    1499.04    1499.02         32 0.0000e+00
      14479  63.991577    402.000    399.349    10.6462    10.6453   3.898506   3.897986     0.8144     0.9016   -0.00087   -0.00107    89.8024     0.0739     0.0414     41.025     39.837    35.1024    35.0980    26.9277    26.9244    1498.88    1498.88         37 0.0000e+00
      14507  63.991589    403.000    400.347    10.6095    10.6076   3.894720   3.894167     0.8136     0.8998   -0.00053   -0.00073    89.8047     0.0682     0.0414     40.955     39.689    35.0991    35.0953    26.9316    26.9291    1498.77    1498.76         21 0.0000e+00
      14525  63.991600    404.000    401.328    10.5859    10.5838   3.892241   3.891608     0.8135     0.8993   -0.00074   -0.00076    89.8047     0.0665     0.0414     40.971     39.668    35.0963    35.0920    26.9336    26.9307    1498.70    1498.68         16 0.0000e+00
      14541  63.991608    405.000    402.335    10.5745    10.5728   3.891052   3.890531     0.8127     0.8987   -0.00072   -0.00087    89.8047     0.0674     0.0413     40.887     39.617    35.0948    35.0913    26.9345    26.9321    1498.67    1498.66         15 0.0000e+00
      14555  63.991615    406.000    403.320    10.5597    10.5573   3.889430   3.888791     0.8122     0.8980   -0.00084   -0.00124    89.8047     0.0723     0.0413     40.847     39.552    35.0923    35.0881    26.9352    26.9324    1498.63    1498.62         14 0.0000e+00
      14569  63.991619    407.000    404.335    10.5365    10.5344   3.887011   3.886391     0.8122     0.8975   -0.00067   -0.00132    89.8047     0.0747     0.0415     40.875     39.536    35.0897    35.0855    26.9373    26.9344    1498.56    1498.55         15 0.0000e+00
