data-processing/CTD/data/cnv/dres003.cnv
* Sea-Bird SBE 9 Data File:
* FileName = C:\SEASOFT\PIRATA-FR32\data\fr32003.hex
* Software Version Seasave V 7.26.7.107
* Temperature SN = 6083
* Conductivity SN = 4509
* Number of Bytes Per Scan = 42
* Number of Voltage Words = 3
* Number of Scans Averaged by the Deck Unit = 1
* NMEA Latitude = 08 29.97 N
* NMEA Longitude = 019 27.09 W
* NMEA UTC (Time) = Mar 04 2022 23:37:48
** Cruise: PIRATA-FR32
** Ship: THALASSA
** Station: 003
** Bottom Depth: 4492
** Barometric pressure : 1009
** Temp Air: 25.8
** Operator: LWMH
** Comments:
# nquan = 25
# nvalues = 500                         
# units = specified
# name 0 = scan: Scan Count
# name 1 = timeJ: Julian Days
# name 2 = prDM: Pressure, Digiquartz [db]
# name 3 = depSM: Depth [salt water, m]
# name 4 = t090C: Temperature [ITS-90, deg C]
# name 5 = t190C: Temperature, 2 [ITS-90, deg C]
# name 6 = c0S/m: Conductivity [S/m]
# name 7 = c1S/m: Conductivity, 2 [S/m]
# name 8 = sbeox0V: Oxygen raw, SBE 43 [V]
# name 9 = sbeox1V: Oxygen raw, SBE 43, 2 [V]
# name 10 = sbox0dV/dT: Oxygen, SBE 43 [dov/dt]
# name 11 = sbox1dV/dT: Oxygen, SBE 43, 2 [dov/dt]
# name 12 = CStarTr0: Beam Transmission, WET Labs C-Star [%]
# name 13 = flECO-AFL: Fluorescence, WET Labs ECO-AFL/FL [mg/m^3]
# name 14 = flC: Fluorescence, Chelsea Aqua 3 Chl Con [ug/l]
# name 15 = sbox0Mm/Kg: Oxygen, SBE 43 [umol/kg], WS = 2
# name 16 = sbox1Mm/Kg: Oxygen, SBE 43, 2 [umol/kg], WS = 2
# name 17 = sal00: Salinity, Practical [PSU]
# name 18 = sal11: Salinity, Practical, 2 [PSU]
# name 19 = sigma-é00: Density [sigma-theta, kg/m^3]
# name 20 = sigma-é11: Density, 2 [sigma-theta, kg/m^3]
# name 21 = svCM: Sound Velocity [Chen-Millero, m/s]
# name 22 = svCM1: Sound Velocity, 2 [Chen-Millero, m/s]
# name 23 = nbin: number of scans per bin
# name 24 = flag: flag
# span 0 =       1422,      20715       
# span 1 =  63.985280,  63.994584       
# span 2 =      3.000,    502.000       
# span 3 =      2.983,    498.601       
# span 4 =     9.3602,    25.7406       
# span 5 =     9.3607,    25.7400       
# span 6 =   3.771967,   5.509449       
# span 7 =   3.771737,   5.508723       
# span 8 =     0.7730,     2.6249       
# span 9 =     0.8520,     3.0502       
# span 10 =   -0.07661,    0.05039      
# span 11 =   -0.08796,    0.05552      
# span 12 =    83.0358,    89.9035      
# span 13 =     0.0483,     2.6502      
# span 14 =     0.0272,     0.7939      
# span 15 =     36.249,    197.909      
# span 16 =     35.192,    192.473      
# span 17 =    35.0096,    35.9493      
# span 18 =    35.0067,    35.9472      
# span 19 =    23.8017,    27.0764      
# span 20 =    23.7981,    27.0741      
# span 21 =    1495.78,    1537.53      
# span 22 =    1495.76,    1537.52      
# span 23 =         12,         89      
# span 24 = 0.0000e+00, 0.0000e+00      
# interval = decibars: 1                
# start_time = Mar 04 2022 23:37:49 [System UTC, first data scan.]
# bad_flag = -9.990e-29
*END*
[from data line 58]
       4543  63.986786     61.000     60.663    17.2797    17.2378   4.608266   4.602158     1.1811     1.3437   -0.05416   -0.05265    89.1134     0.6136     0.1938     73.940     72.332    35.7634    35.7473    26.0356    26.0334    1515.55    1515.41         36 0.0000e+00
       4589  63.986809     62.000     61.638    17.4654    17.3037   4.626948   4.608922     1.1602     1.3221   -0.04660   -0.06005    89.1210     0.5418     0.1874     71.430     70.345    35.7610    35.7474    25.9888    26.0176    1516.11    1515.62         46 0.0000e+00
       4624  63.986824     63.000     62.631    17.0960    17.0953   4.587742   4.586753     1.1435     1.2981   -0.01309   -0.01482    89.1605     0.5061     0.1889     70.128     68.497    35.7466    35.7386    26.0670    26.0610    1515.02    1515.01         27 0.0000e+00
       4648  63.986835     64.000     63.631    17.0023    16.9973   4.577454   4.575976     1.1348     1.2841   -0.00873   -0.00818    89.2978     0.4752     0.1665     69.313     67.390    35.7394    35.7309    26.0840    26.0787    1514.75    1514.72         24 0.0000e+00
       4674  63.986847     65.000     64.630    16.9324    16.9292   4.569830   4.568717     1.1284     1.2735   -0.01137   -0.01572    89.3679     0.4759     0.1490     68.716     66.538    35.7344    35.7275    26.0968    26.0923    1514.55    1514.53         27 0.0000e+00
       4702  63.986862     66.000     65.620    16.8784    16.8767   4.563936   4.563090     1.1243     1.2677   -0.00953   -0.01523    89.4093     0.4555     0.1393     68.345     66.095    35.7303    35.7244    26.1066    26.1024    1514.40    1514.39         30 0.0000e+00
       4733  63.986877     67.000     66.612    16.8408    16.8375   4.559871   4.558913     1.1203     1.2625   -0.00605   -0.00977    89.3600     0.4670     0.1360     67.967     65.687    35.7277    35.7222    26.1135    26.1101    1514.30    1514.28         32 0.0000e+00
       4763  63.986893     68.000     67.605    16.7741    16.7678   4.552565   4.551037     1.1142     1.2563   -0.00338   -0.00483    89.4804     0.4592     0.1278     67.400     65.233    35.7225    35.7147    26.1254    26.1209    1514.11    1514.08         27 0.0000e+00
       4788  63.986904     69.000     68.600    16.6162    16.6101   4.535537   4.533928     1.1074     1.2485   -0.00308   -0.00405    89.4707     0.4120     0.1222     66.865     64.738    35.7130    35.7042    26.1554    26.1501    1513.64    1513.61         24 0.0000e+00
       4812  63.986916     70.000     69.600    16.4987    16.4944   4.522650   4.521386     1.1021     1.2418   -0.00421   -0.00450    89.5095     0.3982     0.1183     66.447     64.295    35.7037    35.6963    26.1759    26.1712    1513.29    1513.27         25 0.0000e+00
       4841  63.986931     71.000     70.592    16.4310    16.4289   4.515277   4.514371     1.0981     1.2360   -0.00612   -0.00672    89.5480     0.3874     0.1159     66.098     63.859    35.6985    35.6924    26.1878    26.1836    1513.09    1513.08         34 0.0000e+00
       4876  63.986946     72.000     71.581    16.3809    16.3793   4.509842   4.509056     1.0947     1.2317   -0.00503   -0.00654    89.5665     0.3915     0.1093     65.793     63.543    35.6949    35.6894    26.1968    26.1929    1512.95    1512.94         32 0.0000e+00
       4904  63.986958     73.000     72.572    16.3126    16.3081   4.502238   4.501054     1.0920     1.2294   -0.00310   -0.00446    89.5790     0.3656     0.1049     65.599     63.435    35.6882    35.6817    26.2075    26.2036    1512.75    1512.73         24 0.0000e+00
       4925  63.986969     74.000     73.564    16.2561    16.2534   4.496219   4.495238     1.0901     1.2276   -0.00239   -0.00306    89.6133     0.3312     0.0997     65.462     63.350    35.6849    35.6787    26.2182    26.2140    1512.60    1512.58         19 0.0000e+00
       4943  63.986977     75.000     74.570    16.2106    16.2077   4.491356   4.490397     1.0869     1.2248   -0.00228   -0.00248    89.6209     0.3038     0.0985     65.183     63.154    35.6821    35.6762    26.2266    26.2228    1512.47    1512.45         18 0.0000e+00
       4963  63.986988     76.000     75.565    16.1900    16.1881   4.489118   4.488351     1.0838     1.2206   -0.00223   -0.00205    89.6567     0.2688     0.0944     64.866     62.808    35.6803    35.6751    26.2300    26.2265    1512.42    1512.41         21 0.0000e+00
       4988  63.987000     77.000     76.562    16.1646    16.1635   4.486292   4.485688     1.0819     1.2173   -0.00275   -0.00242    89.6537     0.2730     0.0932     64.704     62.549    35.6775    35.6731    26.2338    26.2307    1512.36    1512.35         31 0.0000e+00
       5030  63.987019     78.000     77.549    16.1555    16.1563   4.485356   4.484986     1.0804     1.2151   -0.00303   -0.00400    89.6641     0.3160     0.0912     64.554     62.371    35.6769    35.6729    26.2355    26.2322    1512.34    1512.34         52 0.0000e+00
       5079  63.987045     79.000     78.539    16.1464    16.1442   4.484435   4.483786     1.0785     1.2129   -0.00084   -0.00129    89.6631     0.3472     0.0913     64.356     62.190    35.6765    35.6727    26.2373    26.2349    1512.33    1512.32         41 0.0000e+00
       5112  63.987061     80.000     79.528    16.1393    16.1386   4.483801   4.483309     1.0769     1.2110   -0.00088   -0.00088    89.6783     0.3156     0.0866     64.193     62.033    35.6769    35.6730    26.2393    26.2365    1512.33    1512.32         27 0.0000e+00
       5135  63.987072     81.000     80.521    16.1227    16.1207   4.481994   4.481228     1.0762     1.2105   -0.00086   -0.00136    89.6680     0.2679     0.0852     64.146     62.018    35.6752    35.6702    26.2419    26.2384    1512.29    1512.28         19 0.0000e+00
       5152  63.987080     82.000     81.523    16.0869    16.0845   4.478218   4.477428     1.0756     1.2108   -0.00113   -0.00110    89.6647     0.2692     0.0856     64.132     62.096    35.6733    35.6685    26.2487    26.2456    1512.20    1512.18         17 0.0000e+00
       5169  63.987087     83.000     82.519    16.0630    16.0615   4.475684   4.475067     1.0755     1.2114   -0.00128   -0.00132    89.6694     0.2218     0.0827     64.166     62.188    35.6718    35.6676    26.2531    26.2502    1512.14    1512.13         16 0.0000e+00
       5186  63.987095     84.000     83.521    16.0578    16.0563   4.475180   4.474610     1.0755     1.2119   -0.00096   -0.00104    89.6891     0.2073     0.0820     64.184     62.243    35.6715    35.6678    26.2541    26.2516    1512.14    1512.13         19 0.0000e+00
       5209  63.987106     85.000     84.515    16.0531    16.0516   4.474628   4.474039     1.0760     1.2116   -0.00066    0.00005    89.6949     0.2051     0.0829     64.248     62.232    35.6704    35.6665    26.2544    26.2517    1512.14    1512.13         30 0.0000e+00
       5248  63.987125     86.000     85.499    16.0448    16.0463   4.473700   4.473488     1.0761     1.2112    0.00004    0.00047    89.6949     0.2431     0.0806     64.279     62.209    35.6692    35.6660    26.2554    26.2526    1512.13    1512.13         44 0.0000e+00
       5286  63.987144     87.000     86.488    16.0222    16.0208   4.471283   4.470667 -9.990e-29     1.2104    0.00043   -0.00012    89.6853     0.2358     0.0785 -9.990e-29     62.177    35.6675    35.6633    26.2594    26.2564    1512.07    1512.07         29 0.0000e+00
       5311  63.987156     88.000     87.486    15.9842    15.9804   4.467020   4.466072 -9.990e-29     1.2107   -0.00013   -0.00051    89.7102     0.2507     0.0785 -9.990e-29     62.267    35.6632    35.6582    26.2648    26.2618    1511.97    1511.95         24 0.0000e+00
       5335  63.987167     89.000     88.483    15.9416    15.9395   4.462518   4.461859 -9.990e-29     1.2119    0.00012   -0.00060    89.7095     0.2233     0.0759 -9.990e-29     62.431    35.6610    35.6569    26.2729    26.2702    1511.85    1511.84         24 0.0000e+00
       5361  63.987179     90.000     89.481    15.9357    15.9345   4.461879   4.461329 -9.990e-29     1.2129    0.00013    0.00010    89.7095     0.2050     0.0749 -9.990e-29     62.533    35.6601    35.6563    26.2736    26.2710    1511.85    1511.84         32 0.0000e+00
       5402  63.987198     91.000     90.466    15.9326    15.9311   4.461546   4.460964 -9.990e-29 -9.990e-29    0.00050    0.00115    89.7160     0.2209     0.0740 -9.990e-29 -9.990e-29    35.6595    35.6557    26.2739    26.2713    1511.86    1511.85         45 0.0000e+00
       5440  63.987217     92.000     91.464    15.9130    15.9103   4.459353   4.458614     1.0783     1.2138    0.00027    0.00018    89.7347     0.2366     0.0739     64.780     62.691    35.6571    35.6529    26.2766    26.2739    1511.81    1511.80         31 0.0000e+00
       5468  63.987232     93.000     92.456    15.8789    15.8767   4.455658   4.454999     1.0791     1.2143    0.00006    0.00012    89.7058     0.2221     0.0750     64.883     62.757    35.6543    35.6504    26.2822    26.2798    1511.72    1511.71         27 0.0000e+00
       5494  63.987244     94.000     93.453    15.8526    15.8509   4.452678   4.452037     1.0798     1.2157    0.00028   -0.00005    89.7113     0.2128     0.0744     65.014     62.925    35.6509    35.6467    26.2857    26.2829    1511.65    1511.64         26 0.0000e+00
       5523  63.987259     95.000     94.448    15.8363    15.8350   4.450881   4.450374     1.0813     1.2165    0.00072    0.00079    89.7307     0.1940     0.0702     65.203     63.026    35.6491    35.6457    26.2880    26.2857    1511.61    1511.61         32 0.0000e+00
       5557  63.987274     96.000     95.440    15.8312    15.8300   4.450315   4.449823     1.0821     1.2183    0.00093    0.00110    89.4684     0.1787     0.0682     65.315     63.210    35.6482    35.6449    26.2886    26.2863    1511.61    1511.61         35 0.0000e+00
       5596  63.987293     97.000     96.434    15.8272    15.8258   4.449903   4.449375 -9.990e-29     1.2192    0.00091    0.00110    89.6974     0.1887     0.0686 -9.990e-29     63.306    35.6477    35.6443    26.2891    26.2868    1511.62    1511.61         46 0.0000e+00
       5722  63.987354     98.000     97.437    15.8165    15.8134   4.448722   4.447952     1.0847     1.2198   -0.00000   -0.00037    89.7390     0.1906     0.0681     65.651     63.381    35.6463    35.6422    26.2906    26.2881    1511.60    1511.58         57 0.0000e+00
       5806  63.987392     99.000     98.422    15.7900    15.7876   4.445727   4.445058     1.0894     1.2252    0.00078    0.00086    89.7291     0.1819     0.0672     66.209     63.919    35.6430    35.6391    26.2941    26.2916    1511.53    1511.52         48 0.0000e+00
       5881  63.987431    100.000     99.424    15.7678    15.7610   4.443211   4.442089     1.1044     1.2402    0.00358    0.00413    89.7177     0.2032     0.0658     67.935     65.336    35.6400    35.6360    26.2968    26.2953    1511.47    1511.45         82 0.0000e+00
       5946  63.987461    101.000    100.408    15.7217    15.7193   4.438072   4.437362     1.1239     1.2613    0.00511    0.00422    89.7441     0.1866     0.0618     70.213     67.335    35.6350    35.6308    26.3035    26.3008    1511.34    1511.33         37 0.0000e+00
       6064  63.987518    102.000    101.412    15.6910    15.6875   4.434711   4.433945     1.1357     1.2771    0.00180   -0.00050    89.7573     0.1677     0.0648     71.590     68.844    35.6321    35.6284    26.3083    26.3062    1511.26    1511.25         53 0.0000e+00
       7222  63.988079    103.000    102.405    15.6677    15.6649   4.432000   4.431340     1.1498     1.2981   -0.00038   -0.00153    89.7571     0.1615     0.0644     73.221     70.814    35.6283    35.6249    26.3107    26.3087    1511.20    1511.19         62 0.0000e+00
       7425  63.988174    104.000    103.384    15.6597    15.6558   4.431041   4.430315     1.1537     1.3017    0.00024   -0.00061    89.7579     0.1519     0.0622     73.689     71.168    35.6265    35.6235    26.3112    26.3097    1511.19    1511.17         33 0.0000e+00
       7446  63.988186    105.000    104.376    15.6514    15.6488   4.430150   4.429498     1.1554     1.3061    0.00087   -0.00082    89.7986     0.1423     0.0642     73.899     71.594    35.6256    35.6221    26.3124    26.3102    1511.18    1511.17         21 0.0000e+00
       7474  63.988197    106.000    105.384    15.6302    15.6298   4.427808   4.427451     1.1575     1.3104    0.00051    0.00159    89.7840     0.1500     0.0632     74.184     72.026    35.6233    35.6204    26.3154    26.3133    1511.13    1511.12         43 0.0000e+00
       7541  63.988232    107.000    106.374    15.6258    15.6417   4.427315   4.428670     1.1576     1.3122    0.00128    0.00316    89.7950     0.1769     0.0618     74.205     72.177    35.6224    35.6202    26.3157    26.3104    1511.13    1511.18         60 0.0000e+00
       7603  63.988262    108.000    107.364    15.5813    15.5803   4.422405   4.421918     1.1609     1.3139    0.00002   -0.00023    89.7979     0.1675     0.0598     74.658     72.437    35.6180    35.6144    26.3224    26.3199    1511.00    1511.00         62 0.0000e+00
       7647  63.988281    109.000    108.360    15.5585    15.5556   4.419853   4.419139     1.1622     1.3149    0.00161    0.00140    89.7872     0.1631     0.0593     74.847     72.572    35.6151    35.6113    26.3254    26.3231    1510.95    1510.93         30 0.0000e+00
       7674  63.988297    110.000    109.358    15.5334    15.5312   4.417158   4.416525     1.1644     1.3163    0.00123   -0.00002    89.8035     0.1498     0.0586     75.142     72.754    35.6131    35.6093    26.3296    26.3272    1510.88    1510.87         25 0.0000e+00
       7702  63.988308    111.000    110.349    15.5076    15.5056   4.414280   4.413691     1.1720     1.3241    0.00061    0.00064    89.7948     0.1517     0.0593     76.057     73.518    35.6100    35.6065    26.3331    26.3308    1510.81    1510.80         36 0.0000e+00
       7745  63.988331    112.000    111.343    15.4835    15.4840   4.411640   4.411277     1.1771     1.3322    0.00421    0.00378    89.7990     0.1589     0.0595     76.683     74.304    35.6076    35.6039    26.3366    26.3337    1510.75    1510.75         46 0.0000e+00
       7783  63.988346    113.000    112.325    15.4536    15.4503   4.408242   4.407425     1.1708     1.3267    0.00552    0.00713    89.8020     0.1545     0.0593     76.023     73.858    35.6035    35.5991    26.3403    26.3376    1510.67    1510.66         26 0.0000e+00
       7807  63.988358    114.000    113.329    15.3864    15.3836   4.400794   4.399962     1.1719     1.3253    0.00089    0.00266    89.7945     0.1452     0.0579     76.264     73.841    35.5966    35.5916    26.3500    26.3468    1510.47    1510.46         24 0.0000e+00
       7831  63.988373    115.000    114.329    15.3489    15.3462   4.396684   4.395934     1.1809     1.3335   -0.00386   -0.00294    89.7829     0.1404     0.0569     77.356     74.664    35.5929    35.5885    26.3557    26.3528    1510.37    1510.35         25 0.0000e+00
       7860  63.988384    116.000    115.317    15.3197    15.3178   4.393470   4.392843     1.1889     1.3422   -0.00078   -0.00249    89.7685     0.1311     0.0559     78.325     75.528    35.5898    35.5858    26.3598    26.3571    1510.29    1510.28         34 0.0000e+00
       7894  63.988400    117.000    116.309    15.2871    15.2854   4.389864   4.389262     1.1948     1.3510    0.00826    0.00756    89.7850     0.1283     0.0530     79.054     76.400    35.5863    35.5824    26.3644    26.3618    1510.20    1510.19         31 0.0000e+00
