data-processing/CTD/data/cnv/dres019.cnv
* Sea-Bird SBE 9 Data File:
* FileName = C:\SEASOFT\PIRATA-FR32\data\fr32019.hex
* Software Version Seasave V 7.26.7.107
* Temperature SN = 6083
* Conductivity SN = 4509
* Number of Bytes Per Scan = 42
* Number of Voltage Words = 3
* Number of Scans Averaged by the Deck Unit = 1
* NMEA Latitude = 05 29.90 S
* NMEA Longitude = 010 00.01 W
* NMEA UTC (Time) = Mar 10 2022 12:46:45
** Cruise: PIRATA-FR32
** Ship: THALASSA
** Station: 019
** Bottom Depth: 3384
** Barometric pressure : 1007.6
** Temp Air: 28.4
** Operator: SCP
** Comments:
# nquan = 25
# nvalues = 499                         
# units = specified
# name 0 = scan: Scan Count
# name 1 = timeJ: Julian Days
# name 2 = prDM: Pressure, Digiquartz [db]
# name 3 = depSM: Depth [salt water, m]
# name 4 = t090C: Temperature [ITS-90, deg C]
# name 5 = t190C: Temperature, 2 [ITS-90, deg C]
# name 6 = c0S/m: Conductivity [S/m]
# name 7 = c1S/m: Conductivity, 2 [S/m]
# name 8 = sbeox0V: Oxygen raw, SBE 43 [V]
# name 9 = sbeox1V: Oxygen raw, SBE 43, 2 [V]
# name 10 = sbox0dV/dT: Oxygen, SBE 43 [dov/dt]
# name 11 = sbox1dV/dT: Oxygen, SBE 43, 2 [dov/dt]
# name 12 = CStarTr0: Beam Transmission, WET Labs C-Star [%]
# name 13 = flECO-AFL: Fluorescence, WET Labs ECO-AFL/FL [mg/m^3]
# name 14 = flC: Fluorescence, Chelsea Aqua 3 Chl Con [ug/l]
# name 15 = sbox0Mm/Kg: Oxygen, SBE 43 [umol/kg], WS = 2
# name 16 = sbox1Mm/Kg: Oxygen, SBE 43, 2 [umol/kg], WS = 2
# name 17 = sal00: Salinity, Practical [PSU]
# name 18 = sal11: Salinity, Practical, 2 [PSU]
# name 19 = sigma-é00: Density [sigma-theta, kg/m^3]
# name 20 = sigma-é11: Density, 2 [sigma-theta, kg/m^3]
# name 21 = svCM: Sound Velocity [Chen-Millero, m/s]
# name 22 = svCM1: Sound Velocity, 2 [Chen-Millero, m/s]
# name 23 = nbin: number of scans per bin
# name 24 = flag: flag
# span 0 =      -1073,      21520       
# span 1 =  69.531959,  69.542854       
# span 2 =      3.000,    501.000       
# span 3 =      2.981,    497.618       
# span 4 =     7.6125,    28.4813       
# span 5 =     7.6113,    28.4707       
# span 6 =   3.577702,   5.829354       
# span 7 =   3.577317,   5.827801       
# span 8 =     1.0857,     2.7124       
# span 9 =     1.2262,     3.1498       
# span 10 =   -0.08362,    0.03782      
# span 11 =   -0.07674,    0.04357      
# span 12 =    87.8171,    90.0502      
# span 13 =     0.0470,     1.5293      
# span 14 =     0.0239,     0.4352      
# span 15 =     80.717,    205.920      
# span 16 =     78.629,    199.606      
# span 17 =    34.6758,    36.1052      
# span 18 =    34.6728,    36.0968      
# span 19 =    23.0506,    27.0836      
# span 20 =    23.0518,    27.0815      
# span 21 =    1488.85,    1544.00      
# span 22 =    1488.84,    1544.00      
# span 23 =         13,        111      
# span 24 = 0.0000e+00, 0.0000e+00      
# interval = decibars: 1                
# start_time = Mar 10 2022 12:46:46 [System UTC, first data scan.]
# bad_flag = -9.990e-29
*END*
[from data line 464]
      17375  69.540855    467.000    463.884     7.7928     7.7910   3.594513   3.594072     1.1461     1.2998    0.00083    0.00092    90.0425     0.0638     0.0347     91.298     89.099    34.6941    34.6912    27.0713    27.0693    1488.99    1488.98         22 0.0000e+00
      17400  69.540871    468.000    464.883     7.7867     7.7854   3.593946   3.593563     1.1470     1.3006    0.00040    0.00010    90.0234     0.0588     0.0348     91.451     89.221    34.6936    34.6908    27.0718    27.0699    1488.99    1488.98         27 0.0000e+00
      17433  69.540886    469.000    465.872     7.7810     7.7797   3.593396   3.593024     1.1477     1.3020    0.00071    0.00079    90.0332     0.0621     0.0344     91.570     89.409    34.6929    34.6902    27.0722    27.0702    1488.98    1488.97         38 0.0000e+00
      17467  69.540901    470.000    466.864     7.7748     7.7732   3.592823   3.592437     1.1481     1.3025    0.00072    0.00093    90.0293     0.0684     0.0358     91.653     89.494    34.6924    34.6899    27.0726    27.0709    1488.97    1488.96         29 0.0000e+00
      17491  69.540909    471.000    467.840     7.7697     7.7683   3.592365   3.591980     1.1480     1.3029    0.00046    0.00109    90.0313     0.0676     0.0356     91.664     89.555    34.6921    34.6894    27.0732    27.0712    1488.97    1488.96         19 0.0000e+00
      17508  69.540916    472.000    468.856     7.7667     7.7649   3.592095   3.591684     1.1479     1.3025    0.00047    0.00058    90.0408     0.0620     0.0350     91.663     89.537    34.6917    34.6890    27.0733    27.0714    1488.97    1488.96         17 0.0000e+00
      17524  69.540924    473.000    469.822     7.7599     7.7577   3.591466   3.590983     1.1479     1.3027    0.00029    0.00023    90.0425     0.0569     0.0344     91.694     89.579    34.6912    34.6882    27.0740    27.0719    1488.96    1488.95         14 0.0000e+00
      17538  69.540932    474.000    470.851     7.7527     7.7507   3.590771   3.590309     1.1480     1.3025   -0.00003    0.00044    90.0425     0.0600     0.0343     91.729     89.586    34.6904    34.6874    27.0744    27.0723    1488.95    1488.94         15 0.0000e+00
      17553  69.540939    475.000    471.832     7.7429     7.7412   3.589839   3.589395     1.1485     1.3031   -0.00003    0.00014    90.0425     0.0631     0.0344     91.845     89.690    34.6896    34.6865    27.0752    27.0730    1488.93    1488.92         16 0.0000e+00
      17573  69.540947    476.000    472.826     7.7396     7.7382   3.589543   3.589174     1.1490     1.3036   -0.00017   -0.00015    90.0425     0.0565     0.0348     91.925     89.774    34.6892    34.6866    27.0754    27.0736    1488.93    1488.93         24 0.0000e+00
      17600  69.540962    477.000    473.813     7.7350     7.7338   3.589115   3.588753     1.1499     1.3047    0.00027    0.00013    90.0425     0.0634     0.0339     92.077     89.920    34.6886    34.6859    27.0756    27.0737    1488.93    1488.92         32 0.0000e+00
      17645  69.540985    478.000    474.802     7.7340     7.7322   3.589064   3.588705     1.1506     1.3063    0.00067    0.00080    90.0425     0.0535     0.0351     92.190     90.112    34.6887    34.6865    27.0758    27.0744    1488.95    1488.94         57 0.0000e+00
      17692  69.541008    479.000    475.788     7.7275     7.7254   3.588415   3.587989     1.1511     1.3067    0.00028    0.00080    90.0425     0.0631     0.0345     92.291     90.186    34.6876    34.6851    27.0759    27.0742    1488.94    1488.92         31 0.0000e+00
      17721  69.541023    480.000    476.792     7.7189     7.7171   3.587618   3.587206     1.1511     1.3077    0.00056    0.00092    90.0307     0.0652     0.0341     92.321     90.339    34.6870    34.6844    27.0768    27.0749    1488.92    1488.91         29 0.0000e+00
      17753  69.541039    481.000    477.779     7.7152     7.7149   3.587292   3.587045     1.1517     1.3082    0.00004   -0.00000    90.0385     0.0525     0.0350     92.426     90.407    34.6868    34.6844    27.0771    27.0753    1488.92    1488.92         39 0.0000e+00
      17796  69.541061    482.000    478.773     7.7059     7.7049   3.586384   3.586029     1.1523     1.3085    0.00027    0.00072    90.0436     0.0565     0.0348     92.550     90.487    34.6857    34.6829    27.0776    27.0756    1488.90    1488.89         45 0.0000e+00
      17835  69.541077    483.000    479.757     7.7025     7.7013   3.586086   3.585739     1.1523     1.3085    0.00040    0.00029    90.0424     0.0626     0.0346     92.570     90.507    34.6854    34.6829    27.0779    27.0761    1488.90    1488.90         30 0.0000e+00
      17863  69.541092    484.000    480.752     7.7001     7.6988   3.585881   3.585533     1.1523     1.3085    0.00029 3.3489e-07    90.0425     0.0642     0.0351     92.587     90.526    34.6851    34.6826    27.0781    27.0763    1488.91    1488.90         26 0.0000e+00
      17890  69.541107    485.000    481.755     7.6994     7.6981   3.585850   3.585509     1.1523     1.3085    0.00005   -0.00011    90.0425     0.0641     0.0344     92.602     90.539    34.6850    34.6826    27.0781    27.0764    1488.92    1488.92         39 0.0000e+00
      18007  69.541161    486.000    482.736     7.6989     7.6975   3.585858   3.585483     1.1523     1.3084    0.00011    0.00030    90.0316     0.0571     0.0350     92.616     90.532    34.6851    34.6825    27.0782    27.0764    1488.94    1488.93         30 0.0000e+00
      18052  69.541183    487.000    483.730     7.6975     7.6949   3.585725   3.585256     1.1523     1.3081   -0.00021   -0.00055    90.0428     0.0590     0.0346     92.632     90.523    34.6846    34.6822    27.0781    27.0765    1488.95    1488.94         27 0.0000e+00
      18082  69.541199    488.000    484.732     7.6882     7.6859   3.584820   3.584354     1.1523     1.3091   -0.00016   -0.00031    90.0425     0.0718     0.0343     92.666     90.664    34.6836    34.6808    27.0786    27.0768    1488.93    1488.92         37 0.0000e+00
      18121  69.541214    489.000    485.714     7.6766     7.6749   3.583711   3.583304     1.1523     1.3096   -0.00000    0.00024    90.0425     0.0623     0.0327     92.705     90.765    34.6826    34.6799    27.0796    27.0777    1488.90    1488.89         41 0.0000e+00
      18259  69.541283    490.000    486.715     7.6753     7.6698   3.583615   3.582843     1.1532     1.3104    0.00007    0.00029    90.0453     0.0647     0.0336     92.847     90.879    34.6825    34.6795    27.0797    27.0781    1488.91    1488.89         63 0.0000e+00
      18458  69.541382    491.000    487.705     7.6693     7.6677   3.583047   3.582669     1.1535     1.3097    0.00006   -0.00001    90.0461     0.0658     0.0348     92.917     90.818    34.6818    34.6794    27.0800    27.0783    1488.90    1488.90         70 0.0000e+00
      18890  69.541588    492.000    488.699     7.6652     7.6636   3.582661   3.582262     1.1536     1.3098    0.00002   -0.00027    90.0482     0.0555     0.0333     92.947     90.842    34.6812    34.6785    27.0802    27.0783    1488.90    1488.90         57 0.0000e+00
      19130  69.541702    493.000    489.697     7.6585     7.6571   3.582037   3.581647     1.1544     1.3092   -0.00004   -0.00046    90.0427     0.0628     0.0339     93.087     90.804    34.6807    34.6779    27.0807    27.0787    1488.90    1488.89         77 0.0000e+00
      19375  69.541817    494.000    490.682     7.6529     7.6515   3.581485   3.581116     1.1549     1.3108    0.00000    0.00016    90.0497     0.0592     0.0336     93.180     91.016    34.6799    34.6772    27.0809    27.0790    1488.89    1488.88        104 0.0000e+00
      19547  69.541901    495.000    491.682     7.6475     7.6459   3.580988   3.580571     1.1549     1.3106   -0.00002    0.00005    90.0448     0.0546     0.0338     93.209     91.018    34.6794    34.6764    27.0813    27.0792    1488.88    1488.87         25 0.0000e+00
      19595  69.541924    496.000    492.670     7.6412     7.6389   3.580396   3.579940     1.1551     1.3110   -0.00003   -0.00023    90.0502     0.0540     0.0338     93.267     91.087    34.6788    34.6761    27.0818    27.0800    1488.88    1488.86         53 0.0000e+00
      19839  69.542046    497.000    493.656     7.6324     7.6312   3.579541   3.579191     1.1565     1.3144    0.00015    0.00058    90.0490     0.0566     0.0335     93.497     91.511    34.6778    34.6752    27.0823    27.0804    1488.86    1488.85         83 0.0000e+00
      19973  69.542107    498.000    494.645     7.6277     7.6262   3.579108   3.578710     1.1572     1.3139   -0.00006   -0.00017    90.0457     0.0629     0.0340     93.621     91.488    34.6773    34.6745    27.0826    27.0806    1488.86    1488.85         68 0.0000e+00
      20200  69.542221    499.000    495.639     7.6239     7.6223   3.578764   3.578353     1.1574     1.3153   -0.00001   -0.00015    90.0446     0.0627     0.0343     93.670     91.663    34.6768    34.6740    27.0828    27.0808    1488.86    1488.85         59 0.0000e+00
      20710  69.542465    500.000    496.631     7.6175     7.6164   3.578145   3.577786     1.1581     1.3160   -0.00014    0.00036    90.0398     0.0564     0.0333     93.802     91.775    34.6761    34.6733    27.0831    27.0811    1488.85    1488.84         83 0.0000e+00
      21520  69.542854    501.000    497.618     7.6125     7.6113   3.577702   3.577317     1.1585     1.3158   -0.00026   -0.00050    89.9274     0.0616     0.0342     93.880     91.772    34.6758    34.6728    27.0836    27.0815    1488.85    1488.84         22 0.0000e+00
