data-processing/CTD/data/cnv/dres016.cnv
* Sea-Bird SBE 9 Data File:
* FileName = C:\SEASOFT\PIRATA-FR32\data\fr32016.hex
* Software Version Seasave V 7.26.7.107
* Temperature SN = 6083
* Conductivity SN = 4509
* Number of Bytes Per Scan = 42
* Number of Voltage Words = 3
* Number of Scans Averaged by the Deck Unit = 1
* NMEA Latitude = 03 59.85 S
* NMEA Longitude = 010 00.12 W
* NMEA UTC (Time) = Mar 10 2022 01:27:56
** Cruise: PIRATA-FR32
** Ship: THALASSA
** Station: 016
** Bottom Depth: 3584
** Barometric pressure : 1006.4
** Temp Air: 28.1
** Operator: SCP
** Comments:
# nquan = 25
# nvalues = 536                         
# units = specified
# name 0 = scan: Scan Count
# name 1 = timeJ: Julian Days
# name 2 = prDM: Pressure, Digiquartz [db]
# name 3 = depSM: Depth [salt water, m]
# name 4 = t090C: Temperature [ITS-90, deg C]
# name 5 = t190C: Temperature, 2 [ITS-90, deg C]
# name 6 = c0S/m: Conductivity [S/m]
# name 7 = c1S/m: Conductivity, 2 [S/m]
# name 8 = sbeox0V: Oxygen raw, SBE 43 [V]
# name 9 = sbeox1V: Oxygen raw, SBE 43, 2 [V]
# name 10 = sbox0dV/dT: Oxygen, SBE 43 [dov/dt]
# name 11 = sbox1dV/dT: Oxygen, SBE 43, 2 [dov/dt]
# name 12 = CStarTr0: Beam Transmission, WET Labs C-Star [%]
# name 13 = flECO-AFL: Fluorescence, WET Labs ECO-AFL/FL [mg/m^3]
# name 14 = flC: Fluorescence, Chelsea Aqua 3 Chl Con [ug/l]
# name 15 = sbox0Mm/Kg: Oxygen, SBE 43 [umol/kg], WS = 2
# name 16 = sbox1Mm/Kg: Oxygen, SBE 43, 2 [umol/kg], WS = 2
# name 17 = sal00: Salinity, Practical [PSU]
# name 18 = sal11: Salinity, Practical, 2 [PSU]
# name 19 = sigma-é00: Density [sigma-theta, kg/m^3]
# name 20 = sigma-é11: Density, 2 [sigma-theta, kg/m^3]
# name 21 = svCM: Sound Velocity [Chen-Millero, m/s]
# name 22 = svCM1: Sound Velocity, 2 [Chen-Millero, m/s]
# name 23 = nbin: number of scans per bin
# name 24 = flag: flag
# span 0 =       -390,      34032       
# span 1 =  69.060888,  69.077489       
# span 2 =      3.000,    538.000       
# span 3 =      2.981,    534.338       
# span 4 =     7.2940,    28.7814       
# span 5 =     7.2959,    28.7809       
# span 6 =   3.547533,   5.780464       
# span 7 =   3.547459,   5.779828       
# span 8 =     1.0387,     2.7533       
# span 9 =     1.1682,     3.1823       
# span 10 =   -0.06102,    0.02374      
# span 11 =   -0.07241,    0.03000      
# span 12 =    87.5448,    90.0195      
# span 13 =     0.0480,     1.7555      
# span 14 =     0.0289,     0.3726      
# span 15 =     73.632,    207.100      
# span 16 =     71.519,    199.996      
# span 17 =    34.6481,    36.1194      
# span 18 =    34.6454,    36.1131      
# span 19 =    22.5220,    27.1078      
# span 20 =    22.5190,    27.1054      
# span 21 =    1488.20,    1543.86      
# span 22 =    1488.20,    1543.85      
# span 23 =         12,        113      
# span 24 = 0.0000e+00, 0.0000e+00      
# interval = decibars: 1                
# start_time = Mar 10 2022 01:27:57 [System UTC, first data scan.]
# bad_flag = -9.990e-29
*END*
[from data line 406]
      23999  69.072647    409.000    406.339     9.1491     9.1471   3.730926   3.730339     1.0617     1.1971   -0.00073   -0.00053    89.9225     0.0613     0.0378     76.164     74.103    34.8318    34.8276    26.9697    26.9667    1493.28    1493.26         23 0.0000e+00
      24021  69.072662    410.000    407.331     9.1169     9.1132   3.727594   3.726663     1.0600     1.1952   -0.00139   -0.00155    89.9273     0.0685     0.0377     76.002     73.958    34.8280    34.8220    26.9719    26.9678    1493.17    1493.15         20 0.0000e+00
      24041  69.072670    411.000    408.322     9.0746     9.0731   3.723484   3.722912     1.0594     1.1939   -0.00178   -0.00212    89.9234     0.0716     0.0381     76.009     73.898    34.8260    34.8214    26.9772    26.9738    1493.03    1493.02         19 0.0000e+00
      24059  69.072678    412.000    409.314     9.0520     9.0492   3.721148   3.720388     1.0591     1.1939   -0.00224   -0.00197    89.9236     0.0577     0.0385     76.011     73.950    34.8231    34.8179    26.9786    26.9750    1492.96    1492.94         19 0.0000e+00
      24077  69.072685    413.000    410.305     9.0205     9.0187   3.718016   3.717415     1.0584     1.1936   -0.00203   -0.00203    89.9463     0.0608     0.0389     75.984     73.977    34.8208    34.8162    26.9818    26.9785    1492.85    1492.84         17 0.0000e+00
      24094  69.072693    414.000    411.316     9.0092     9.0079   3.716892   3.716388     1.0567     1.1922   -0.00123   -0.00175    89.9362     0.0640     0.0381     75.793     73.857    34.8195    34.8156    26.9826    26.9798    1492.83    1492.82         18 0.0000e+00
      24115  69.072708    415.000    412.307     9.0008     8.9988   3.715992   3.715402     1.0547     1.1899   -0.00056   -0.00075    89.9241     0.0582     0.0379     75.541     73.631    34.8179    34.8137    26.9828    26.9798    1492.81    1492.80         24 0.0000e+00
      24141  69.072716    416.000    413.287     8.9798     8.9776   3.713823   3.713216     1.0518     1.1866   -0.00125   -0.00072    89.9236     0.0646     0.0384     75.194     73.311    34.8153    34.8111    26.9841    26.9811    1492.75    1492.73         28 0.0000e+00
      24169  69.072731    417.000    414.275     8.9572     8.9551   3.711573   3.710995     1.0477     1.1831   -0.00229   -0.00232    89.9236     0.0647     0.0374     74.679     72.963    34.8134    34.8093    26.9862    26.9833    1492.68    1492.67         27 0.0000e+00
      24195  69.072746    418.000    415.277     8.9229     8.9188   3.708052   3.707186     1.0431     1.1779   -0.00253   -0.00299    89.9236     0.0652     0.0371     74.123     72.462    34.8096    34.8045    26.9887    26.9853    1492.56    1492.54         26 0.0000e+00
      24221  69.072754    419.000    416.263     8.8864     8.8847   3.704442   3.703887     1.0399     1.1727   -0.00335   -0.00296    89.9236     0.0783     0.0377     73.771     71.953    34.8069    34.8028    26.9924    26.9895    1492.44    1492.43         26 0.0000e+00
      24247  69.072769    420.000    417.253     8.8737     8.8720   3.703175   3.702649     1.0387     1.1693   -0.00414   -0.00429    89.9236     0.0578     0.0373     73.632     71.604    34.8056    34.8018    26.9934    26.9907    1492.41    1492.40         25 0.0000e+00
      24269  69.072777    421.000    418.251     8.8623     8.8607   3.702028   3.701513     1.0387     1.1682   -0.00365   -0.00512    89.9236     0.0638     0.0369     73.666     71.519    34.8043    34.8005    26.9942    26.9914    1492.38    1492.37         20 0.0000e+00
      24291  69.072792    422.000    419.246     8.8462     8.8443   3.700430   3.699855     1.0391     1.1689   -0.00215   -0.00399    89.9272     0.0646     0.0371     73.762     71.631    34.8028    34.7986    26.9956    26.9926    1492.34    1492.33         23 0.0000e+00
      24319  69.072807    423.000    420.241     8.8327     8.8311   3.699098   3.698597     1.0399     1.1702   -0.00053   -0.00212    89.9380     0.0695     0.0380     73.898     71.809    34.8016    34.7979    26.9968    26.9942    1492.30    1492.29         35 0.0000e+00
      24354  69.072823    424.000    421.227     8.8185     8.8168   3.697678   3.697134     1.0408     1.1717    0.00055    0.00057    89.9373     0.0636     0.0379     74.056     72.013    34.8001    34.7961    26.9978    26.9950    1492.26    1492.25         31 0.0000e+00
      24379  69.072830    425.000    422.209     8.7947     8.7926   3.695292   3.694669     1.0411     1.1716    0.00059    0.00112    89.9256     0.0648     0.0380     74.148     72.054    34.7979    34.7934    27.0000    26.9967    1492.19    1492.18         20 0.0000e+00
      24397  69.072838    426.000    423.204     8.7629     8.7605   3.692052   3.691303     1.0417     1.1723    0.00037    0.00156    89.9416     0.0731     0.0373     74.297     72.199    34.7945    34.7890    27.0022    26.9983    1492.08    1492.07         16 0.0000e+00
      24411  69.072845    427.000    424.196     8.7263     8.7240   3.688372   3.687662     1.0425     1.1735    0.00074    0.00093    89.9455     0.0703     0.0370     74.493     72.405    34.7912    34.7860    27.0055    27.0018    1491.96    1491.95         13 0.0000e+00
      24424  69.072853    428.000    425.188     8.7000     8.6979   3.685697   3.684999     1.0440     1.1746    0.00058    0.00014    89.9455     0.0631     0.0372     74.751     72.593    34.7884    34.7831    27.0074    27.0036    1491.88    1491.86         13 0.0000e+00
      24438  69.072861    429.000    426.206     8.6743     8.6721   3.683100   3.682369     1.0453     1.1763    0.00031    0.00006    89.9457     0.0664     0.0374     74.992     72.839    34.7858    34.7802    27.0094    27.0053    1491.79    1491.78         14 0.0000e+00
      24460  69.072876    430.000    427.198     8.6723     8.6819   3.682894   3.683656     1.0474     1.1794    0.00097    0.00098    89.9367     0.0647     0.0371     75.287     73.179    34.7851    34.7837    27.0092    27.0065    1491.80    1491.84         39 0.0000e+00
      24507  69.072891    431.000    428.166     8.6854     8.6808   3.684122   3.683115     1.0485     1.1817    0.00250    0.00303    89.9236     0.0633     0.0376     75.428     73.450    34.7847    34.7786    27.0068    27.0028    1491.87    1491.84         38 0.0000e+00
      24533  69.072906    432.000    429.159     8.5940     8.5922   3.675029   3.674470     1.0494     1.1820    0.00174    0.00303    89.9346     0.0566     0.0371     75.739     73.651    34.7780    34.7739    27.0158    27.0129    1491.54    1491.52         22 0.0000e+00
      24554  69.072914    433.000    430.160     8.5869     8.5855   3.674266   3.673788     1.0505     1.1836    0.00032    0.00086    89.9453     0.0629     0.0363     75.904     73.849    34.7765    34.7729    27.0157    27.0131    1491.52    1491.51         21 0.0000e+00
      24577  69.072929    434.000    431.161     8.5798     8.5782   3.673534   3.673044     1.0511     1.1848    0.00031   -0.00001    89.9473     0.0638     0.0357     76.015     74.006    34.7753    34.7717    27.0159    27.0133    1491.51    1491.50         25 0.0000e+00
      24605  69.072945    435.000    432.146     8.5634     8.5591   3.671865   3.671077     1.0522     1.1856    0.00113    0.00124    89.9474     0.0653     0.0357     76.202     74.149    34.7733    34.7692    27.0169    27.0144    1491.47    1491.44         31 0.0000e+00
      24634  69.072960    436.000    433.128     8.5308     8.5280   3.668575   3.667928     1.0531     1.1865    0.00084    0.00142    89.9474     0.0513     0.0363     76.398     74.313    34.7701    34.7660    27.0195    27.0167    1491.36    1491.34         25 0.0000e+00
      24656  69.072968    437.000    434.120     8.5194     8.5172   3.667476   3.666903     1.0541     1.1868    0.00079    0.00101    89.9474     0.0653     0.0365     76.576     74.383    34.7692    34.7653    27.0206    27.0178    1491.33    1491.32         20 0.0000e+00
      24673  69.072975    438.000    435.120     8.5051     8.5034   3.666067   3.665581     1.0546     1.1875    0.00074    0.00040    89.9474     0.0715     0.0371     76.680     74.491    34.7679    34.7644    27.0218    27.0193    1491.29    1491.28         15 0.0000e+00
      24689  69.072983    439.000    436.117     8.4911     8.4898   3.664660   3.664130     1.0546     1.1880    0.00073    0.00059    89.9474     0.0648     0.0377     76.715     74.588    34.7663    34.7620    27.0227    27.0195    1491.25    1491.24         16 0.0000e+00
      24706  69.072990    440.000    437.116     8.4699     8.4669   3.662478   3.661761     1.0551     1.1890    0.00104    0.00067    89.9527     0.0765     0.0375     76.838     74.750    34.7636    34.7589    27.0238    27.0206    1491.19    1491.17         19 0.0000e+00
      24726  69.072998    441.000    438.102     8.4513     8.4498   3.660672   3.660189     1.0561     1.1897    0.00095    0.00065    89.9687     0.0760     0.0370     77.020     74.874    34.7623    34.7587    27.0257    27.0230    1491.13    1491.12         21 0.0000e+00
      24748  69.073013    442.000    439.088     8.4478     8.4462   3.660355   3.659886     1.0572     1.1907    0.00032    0.00093    89.9598     0.0629     0.0371     77.189     75.003    34.7619    34.7586    27.0259    27.0235    1491.14    1491.12         23 0.0000e+00
      24770  69.073021    443.000    440.080     8.4375     8.4359   3.659318   3.658814     1.0582     1.1918    0.00072    0.00105    89.9608     0.0575     0.0373     77.363     75.150    34.7606    34.7568    27.0265    27.0238    1491.11    1491.10         23 0.0000e+00
      24793  69.073036    444.000    441.083     8.4127     8.4100   3.656806   3.656129     1.0598     1.1933    0.00120    0.00100    89.9588     0.0641     0.0368     77.639     75.388    34.7579    34.7534    27.0282    27.0250    1491.03    1491.02         23 0.0000e+00
      24822  69.073044    445.000    442.072     8.3916     8.3899   3.654775   3.654268     1.0618     1.1959    0.00115    0.00113    89.9577     0.0537     0.0361     77.970     75.730    34.7566    34.7530    27.0305    27.0278    1490.97    1490.96         37 0.0000e+00
      24866  69.073067    446.000    443.057     8.3851     8.3831   3.654147   3.653620     1.0643     1.1985    0.00166    0.00193    89.9497     0.0699     0.0364     78.337     76.043    34.7559    34.7524    27.0309    27.0284    1490.96    1490.95         42 0.0000e+00
      24897  69.073082    447.000    444.050     8.3703     8.3689   3.652688   3.652204     1.0644     1.1987    0.00169    0.00173    89.9464     0.0802     0.0366     78.388     76.100    34.7545    34.7508    27.0321    27.0294    1490.92    1490.91         25 0.0000e+00
      24919  69.073090    448.000    445.036     8.3640     8.3625   3.652113   3.651681     1.0644     1.1987    0.00140    0.00133    89.9566     0.0596     0.0365     78.411     76.121    34.7542    34.7510    27.0328    27.0305    1490.91    1490.90         18 0.0000e+00
      24936  69.073105    449.000    446.037     8.3618     8.3604   3.651940   3.651517     1.0644     1.1987    0.00067    0.00089    89.9544     0.0578     0.0362     78.425     76.135    34.7540    34.7509    27.0330    27.0308    1490.92    1490.91         17 0.0000e+00
      24952  69.073112    450.000    447.030     8.3582     8.3564   3.651599   3.651121     1.0644     1.1989    0.00008    0.00045    89.9505     0.0632     0.0370     78.443     76.183    34.7535    34.7502    27.0332    27.0309    1490.92    1490.91         15 0.0000e+00
      24969  69.073120    451.000    448.023     8.3540     8.3527   3.651214   3.650799     1.0645     1.1996   -0.00004    0.00014    89.9593     0.0656     0.0362     78.470     76.271    34.7531    34.7500    27.0335    27.0313    1490.92    1490.91         18 0.0000e+00
      24988  69.073128    452.000    449.019     8.3529     8.3517   3.651145   3.650743     1.0645     1.2001   -0.00003   -0.00012    89.9678     0.0653     0.0363     78.481     76.342    34.7529    34.7499    27.0336    27.0313    1490.93    1490.93         21 0.0000e+00
      25010  69.073135    453.000    450.010     8.3504     8.3487   3.650895   3.650429     1.0645     1.2010   -0.00001    0.00015    89.9607     0.0639     0.0363     78.503     76.465    34.7523    34.7490    27.0334    27.0311    1490.94    1490.93         23 0.0000e+00
      25034  69.073151    454.000    451.006     8.3351     8.3333   3.649372   3.648870     1.0654     1.2011    0.00006    0.00072    89.9656     0.0647     0.0357     78.659     76.511    34.7507    34.7472    27.0346    27.0321    1490.90    1490.89         26 0.0000e+00
      25062  69.073166    455.000    451.995     8.3207     8.3174   3.647928   3.647255     1.0659     1.2018    0.00006    0.00082    89.9664     0.0599     0.0363     78.771     76.639    34.7491    34.7452    27.0355    27.0329    1490.86    1490.84         30 0.0000e+00
      25093  69.073181    456.000    452.978     8.2955     8.2934   3.645416   3.644899     1.0670     1.2031    0.00066    0.00029    89.9640     0.0614     0.0367     78.988     76.839    34.7468    34.7434    27.0375    27.0352    1490.78    1490.76         28 0.0000e+00
      25117  69.073189    457.000    453.969     8.2852     8.2837   3.644416   3.643937     1.0676     1.2046    0.00046    0.00051    89.9715     0.0579     0.0358     79.097     77.042    34.7458    34.7423    27.0383    27.0358    1490.75    1490.74         20 0.0000e+00
      25135  69.073196    458.000    454.963     8.2810     8.2795   3.644032   3.643601     1.0683     1.2050    0.00070    0.00075    89.9711     0.0642     0.0359     79.212     77.105    34.7455    34.7423    27.0388    27.0365    1490.75    1490.74         17 0.0000e+00
      25151  69.073204    459.000    455.962     8.2756     8.2741   3.643526   3.643071     1.0689     1.2060    0.00081    0.00114    89.9711     0.0707     0.0367     79.320     77.230    34.7449    34.7415    27.0392    27.0367    1490.75    1490.74         17 0.0000e+00
      25172  69.073212    460.000    456.965     8.2694     8.2673   3.642902   3.642399     1.0700     1.2069    0.00072    0.00129    89.9711     0.0656     0.0357     79.493     77.361    34.7439    34.7406    27.0393    27.0371    1490.74    1490.73         29 0.0000e+00
      25213  69.073235    461.000    457.942     8.2760     8.2714   3.643634   3.642900     1.0708     1.2077    0.00098    0.00104    89.9569     0.0614     0.0365     79.613     77.449    34.7447    34.7414    27.0390    27.0371    1490.78    1490.76         45 0.0000e+00
      25247  69.073250    462.000    458.936     8.2572     8.2559   3.641740   3.641307     1.0718     1.2083    0.00103    0.00071    89.9687     0.0570     0.0369     79.789     77.565    34.7426    34.7393    27.0402    27.0377    1490.73    1490.72         25 0.0000e+00
      25269  69.073265    463.000    459.925     8.2523     8.2510   3.641294   3.640853     1.0718     1.2089    0.00034    0.00038    89.9699     0.0572     0.0370     79.811     77.650    34.7422    34.7389    27.0406    27.0382    1490.72    1490.72         19 0.0000e+00
      25286  69.073273    464.000    460.917     8.2463     8.2447   3.640689   3.640222     1.0720     1.2095    0.00035    0.00049    89.9697     0.0644     0.0362     79.864     77.743    34.7412    34.7378    27.0408    27.0383    1490.72    1490.71         17 0.0000e+00
      25303  69.073280    465.000    461.916     8.2331     8.2308   3.639359   3.638731     1.0734     1.2109    0.00063    0.00052    89.9573     0.0643     0.0363     80.090     77.943    34.7396    34.7352    27.0415    27.0384    1490.68    1490.67         17 0.0000e+00
