data-processing/CTD/data/cnv/dres018.cnv
* Sea-Bird SBE 9 Data File:
* FileName = C:\SEASOFT\PIRATA-FR32\data\fr32018.hex
* Software Version Seasave V 7.26.7.107
* Temperature SN = 6083
* Conductivity SN = 4509
* Number of Bytes Per Scan = 42
* Number of Voltage Words = 3
* Number of Scans Averaged by the Deck Unit = 1
* NMEA Latitude = 05 00.02 S
* NMEA Longitude = 010 00.06 W
* NMEA UTC (Time) = Mar 10 2022 09:06:28
** Cruise: PIRATA-FR32
** Ship: THALASSA
** Station: 018
** Bottom Depth: 3283
** Barometric pressure : 1008.9
** Temp Air: 23.7
** Operator: LWMH
** Comments:
# nquan = 25
# nvalues = 506                         
# units = specified
# name 0 = scan: Scan Count
# name 1 = timeJ: Julian Days
# name 2 = prDM: Pressure, Digiquartz [db]
# name 3 = depSM: Depth [salt water, m]
# name 4 = t090C: Temperature [ITS-90, deg C]
# name 5 = t190C: Temperature, 2 [ITS-90, deg C]
# name 6 = c0S/m: Conductivity [S/m]
# name 7 = c1S/m: Conductivity, 2 [S/m]
# name 8 = sbeox0V: Oxygen raw, SBE 43 [V]
# name 9 = sbeox1V: Oxygen raw, SBE 43, 2 [V]
# name 10 = sbox0dV/dT: Oxygen, SBE 43 [dov/dt]
# name 11 = sbox1dV/dT: Oxygen, SBE 43, 2 [dov/dt]
# name 12 = CStarTr0: Beam Transmission, WET Labs C-Star [%]
# name 13 = flECO-AFL: Fluorescence, WET Labs ECO-AFL/FL [mg/m^3]
# name 14 = flC: Fluorescence, Chelsea Aqua 3 Chl Con [ug/l]
# name 15 = sbox0Mm/Kg: Oxygen, SBE 43 [umol/kg], WS = 2
# name 16 = sbox1Mm/Kg: Oxygen, SBE 43, 2 [umol/kg], WS = 2
# name 17 = sal00: Salinity, Practical [PSU]
# name 18 = sal11: Salinity, Practical, 2 [PSU]
# name 19 = sigma-é00: Density [sigma-theta, kg/m^3]
# name 20 = sigma-é11: Density, 2 [sigma-theta, kg/m^3]
# name 21 = svCM: Sound Velocity [Chen-Millero, m/s]
# name 22 = svCM1: Sound Velocity, 2 [Chen-Millero, m/s]
# name 23 = nbin: number of scans per bin
# name 24 = flag: flag
# span 0 =        -29,      17054       
# span 1 =  69.379486,  69.387726       
# span 2 =      1.000,    506.000       
# span 3 =      1.078,    502.605       
# span 4 =     7.9385,    28.3175       
# span 5 =     7.9368,    28.3169       
# span 6 =   3.611155,   5.803302       
# span 7 =   3.610748,   5.802637       
# span 8 =     1.0456,     2.6994       
# span 9 =     1.1788,     3.1354       
# span 10 =   -0.13336,    0.01664      
# span 11 =   -0.15051,    0.01896      
# span 12 =    87.6079,    89.9725      
# span 13 =     0.0469,     1.0096      
# span 14 =     0.0304,     0.2707      
# span 15 =     73.473,    203.954      
# span 16 =     71.561,    198.441      
# span 17 =    34.7101,    36.1126      
# span 18 =    34.7074,    36.0999      
# span 19 =    23.0575,    27.0631      
# span 20 =    23.0543,    27.0612      
# span 21 =    1490.21,    1543.58      
# span 22 =    1490.20,    1543.58      
# span 23 =          1,        106      
# span 24 = 0.0000e+00, 0.0000e+00      
# interval = decibars: 1                
# start_time = Mar 10 2022 09:06:29 [System UTC, first data scan.]
# bad_flag = -9.990e-29
*END*
[from data line 58]
       4691  69.381767     59.000     58.667    22.7536    22.7446   5.198059   5.195424     2.4884     2.8988   -0.01203   -0.01187    88.4426     0.7895     0.2421    195.555    190.636    35.9450    35.9318    24.7250    24.7177    1530.84    1530.80         22 0.0000e+00
       4711  69.381775     60.000     59.660    22.5614    22.5486   5.176170   5.172526     2.4680     2.8713   -0.01620   -0.01655    88.3424     0.8021     0.2462    194.224    189.071    35.9321    35.9142    24.7704    24.7605    1530.35    1530.30         20 0.0000e+00
       4732  69.381783     61.000     60.655    22.1896    22.1801   5.134579   5.131773     2.4500     2.8469   -0.02052   -0.01857    88.3101     0.8773     0.2579    193.711    188.286    35.9128    35.8985    24.8615    24.8533    1529.38    1529.34         22 0.0000e+00
       4759  69.381798     62.000     61.652    22.0700    22.0622   5.121683   5.119571     2.4363     2.8321   -0.02220   -0.02466    88.2849     0.9570     0.2669    192.768    187.475    35.9099    35.8997    24.8932    24.8876    1529.09    1529.05         32 0.0000e+00
       4795  69.381813     63.000     62.642    21.9278    21.9209   5.106096   5.104125     2.4137     2.8055   -0.01917   -0.02551    88.3354     1.0096     0.2707    191.016    185.770    35.9045    35.8947    24.9290    24.9235    1528.72    1528.70         40 0.0000e+00
       4830  69.381828     64.000     63.630    21.7101    21.6975   5.081638   5.078901     2.3755     2.7699   -0.01181   -0.01235    88.3760     0.9800     0.2682    187.940    183.593    35.8914    35.8801    24.9801    24.9750    1528.15    1528.11         28 0.0000e+00
       4855  69.381844     65.000     64.625    21.4249    21.4066   5.050128   5.045684     2.3186     2.7152   -0.01574   -0.01901    88.4031     0.9278     0.2633    183.182    180.031    35.8780    35.8577    25.0492    25.0387    1527.40    1527.33         22 0.0000e+00
       4875  69.381851     66.000     65.621    20.8295    20.8008   4.984751   4.977384     2.2175     2.6127   -0.02306   -0.02210    88.5674     0.8838     0.2504    174.845    173.428    35.8520    35.8165    25.1924    25.1731    1525.79    1525.68         20 0.0000e+00
       4896  69.381866     67.000     66.622    19.9292    19.9029   4.887940   4.880435     2.0871     2.4640   -0.03380   -0.03104    88.7851     0.8202     0.2341    164.197    163.630    35.8250    35.7857    25.4129    25.3898    1523.32    1523.20         22 0.0000e+00
       4920  69.381874     68.000     67.621    19.4580    19.4370   4.839174   4.834715     1.9641     2.3077   -0.07262   -0.07168    88.9126     0.7119     0.2231    152.794    151.659    35.8248    35.8057    25.5366    25.5274    1522.02    1521.94         27 0.0000e+00
       4954  69.381889     69.000     68.608    19.2092    19.2615   4.813474   4.818734     1.8952     2.1766   -0.13336   -0.15051    88.8195     0.7936     0.2346    146.273    140.938    35.8243    35.8231    25.6008    25.5862    1521.34    1521.48         44 0.0000e+00
       5000  69.381912     70.000     69.596    19.1068    19.5040   4.802979   4.842252     1.8574     2.0883   -0.08184   -0.11921    88.7429     0.9469     0.2464    142.596    132.851    35.8245    35.8096    25.6273    25.5121    1521.07    1522.16         37 0.0000e+00
       5027  69.381927     71.000     70.586    18.9955    18.9792   4.792284   4.789498     1.7928     2.0494   -0.00953   -0.06396    88.6740     0.9556     0.2459    136.095    130.756    35.8307    35.8214    25.6607    25.6578    1520.78    1520.72         21 0.0000e+00
       5044  69.381935     72.000     71.580    18.9047    18.8989   4.783299   4.781581     1.7607     2.0261   -0.00486   -0.04432    88.6972     0.8301     0.2439    132.953    128.950    35.8334    35.8240    25.6860    25.6803    1520.54    1520.51         16 0.0000e+00
       5061  69.381943     73.000     72.594    18.7553    18.7464   4.768041   4.765297     1.7298     1.9978   -0.03883   -0.03795    88.7750     0.8092     0.2438    130.063    126.888    35.8341    35.8186    25.7246    25.7151    1520.13    1520.09         17 0.0000e+00
       5082  69.381950     74.000     73.591    18.4181    18.4043   4.733241   4.730159     1.7047     1.9604   -0.05211   -0.03541    88.8668     0.7866     0.2332    128.218    124.436    35.8324    35.8183    25.8085    25.8012    1519.18    1519.12         28 0.0000e+00
       5136  69.381981     75.000     74.566    18.6739    18.9713   4.759896   4.791494     1.7186     1.9384   -0.03222   -0.03807    88.9902     0.8027     0.2249    129.097    121.275    35.8351    35.8437    25.7460    25.6771    1519.93    1520.79         63 0.0000e+00
       5173  69.381996     76.000     75.557    18.0673    18.2325   4.697967   4.709810     1.6658     1.8943    0.01416   -0.00813    88.9792     0.7702     0.2318    124.917    119.125    35.8378    35.7943    25.9005    25.8258    1518.20    1518.63         21 0.0000e+00
       5190  69.382004     77.000     76.550    18.0019    17.9947   4.691592   4.690048     1.6325     1.8668    0.01215    0.00299    89.0620     0.7161     0.2112    121.500    117.219    35.8401    35.8332    25.9186    25.9150    1518.03    1518.00         16 0.0000e+00
       5204  69.382011     78.000     77.550    17.9271    17.9177   4.684091   4.681649     1.6069     1.8423   -0.00754   -0.00972    89.1233     0.6669     0.1979    118.937    115.254    35.8411    35.8284    25.9378    25.9304    1517.83    1517.79         14 0.0000e+00
       5218  69.382019     79.000     78.559    17.5850    17.5478   4.646203   4.637462     1.5815     1.8169   -0.02981   -0.02757    89.2067     0.6238     0.1884    116.991    113.863    35.8154    35.7725    26.0020    25.9781    1516.81    1516.65         14 0.0000e+00
       5235  69.382027     80.000     79.559    16.9148    16.9005   4.571239   4.566742     1.5585     1.7853   -0.04424   -0.03772    89.2222     0.5792     0.1770    116.023    112.474    35.7563    35.7296    26.1182    26.1012    1514.77    1514.69         22 0.0000e+00
       5277  69.382050     81.000     80.540    17.2770    17.4516   4.611359   4.630935     1.5646     1.7720   -0.03785   -0.03979    89.3177     0.5776     0.1621    115.887    110.106    35.7843    35.7996    26.0524    26.0218    1515.89    1516.43         67 0.0000e+00
       5341  69.382080     82.000     81.525    17.0265    17.2306   4.582052   4.598978     1.5297     1.7417    0.01151    0.00028    89.3073     0.5888     0.1814    112.647    107.929    35.7502    35.7162    26.0863    26.0107    1515.12    1515.69         43 0.0000e+00
       5370  69.382095     83.000     82.511    15.9740    15.9630   4.464481   4.459966     1.4584     1.6712    0.00060    0.00325    89.3323     0.5639     0.1712    107.108    104.246    35.6519    35.6216    26.2585    26.2378    1511.84    1511.78         22 0.0000e+00
       5389  69.382103     84.000     83.512    15.7909    15.7869   4.444100   4.442003     1.4256     1.6311   -0.02430   -0.01892    89.3684     0.5052     0.1553    103.828    100.954    35.6336    35.6184    26.2861    26.2753    1511.27    1511.24         17 0.0000e+00
       5404  69.382111     85.000     84.504    15.6886    15.6844   4.432248   4.430258     1.4052     1.6043   -0.04419   -0.03739    89.4246     0.4796     0.1477    101.773     98.720    35.6189    35.6048    26.2980    26.2882    1510.96    1510.93         14 0.0000e+00
       5418  69.382118     86.000     85.503    15.6188    15.6165   4.424330   4.422890     1.3911     1.5860   -0.05273   -0.04975    89.4242     0.4658     0.1419    100.341     97.187    35.6102    35.5993    26.3072    26.2993    1510.75    1510.73         14 0.0000e+00
       5433  69.382118     87.000     86.525    15.6001    15.5965   4.421940   4.420465     1.3795     1.5714   -0.05125   -0.05423    89.4417     0.4541     0.1392     99.082     95.892    35.6052    35.5952    26.3076    26.3007    1510.70    1510.68         18 0.0000e+00
       5467  69.382141     88.000     87.499    15.7017    15.6992   4.433223   4.433039     1.3724     1.5592   -0.03394   -0.04163    89.4542     0.4780     0.1386     98.091     94.588    35.6146    35.6152    26.2918    26.2928    1511.04    1511.03         53 0.0000e+00
       5515  69.382164     89.000     88.481    15.6207    15.6704   4.423702   4.427389     1.3610     1.5485   -0.00938   -0.01349    89.4467     0.4963     0.1391     96.988     93.680    35.6015    35.5898    26.3000    26.2797    1510.79    1510.93         33 0.0000e+00
       5539  69.382172     90.000     89.478    15.3466    15.3437   4.394231   4.392705     1.3463     1.5357   -0.00010   -0.00298    89.4594     0.4228     0.1379     95.872     93.127    35.5829    35.5717    26.3476    26.3396    1509.93    1509.91         21 0.0000e+00
       5561  69.382187     91.000     90.479    15.2941    15.2920   4.388635   4.387641     1.3414     1.5290   -0.00460   -0.00370    89.5101     0.3958     0.1313     95.430     92.615    35.5794    35.5723    26.3566    26.3516    1509.78    1509.77         22 0.0000e+00
       5584  69.382195     92.000     91.476    15.2608    15.2552   4.384936   4.383444     1.3426     1.5280   -0.01272   -0.01048    89.5251     0.3920     0.1263     95.643     92.609    35.5756    35.5671    26.3611    26.3559    1509.69    1509.66         27 0.0000e+00
       5615  69.382210     93.000     92.468    15.1508    15.1181   4.372746   4.368027     1.3485     1.5335   -0.00799   -0.00864    89.5485     0.3835     0.1192     96.554     93.390    35.5642    35.5510    26.3769    26.3739    1509.35    1509.23         35 0.0000e+00
       5652  69.382225     94.000     93.454    14.9403    14.9061   4.349395   4.344650     1.3399     1.5294    0.00251    0.00041    89.5763     0.3342     0.1135     96.006     93.433    35.5423    35.5300    26.4065    26.4045    1508.67    1508.55         35 0.0000e+00
       5683  69.382240     95.000     94.451    14.8146    14.8127   4.335914   4.335042     1.3226     1.5114    0.00329    0.00437    89.6092     0.3079     0.1127     94.282     91.942    35.5330    35.5268    26.4269    26.4226    1508.28    1508.27         27 0.0000e+00
       5708  69.382256     96.000     95.448    14.7760    14.7725   4.331580   4.330267     1.3162     1.5024   -0.00706   -0.00392    89.6125     0.3076     0.1120     93.630     91.186    35.5281    35.5191    26.4316    26.4255    1508.17    1508.15         25 0.0000e+00
       5738  69.382271     97.000     96.446    14.7806    14.6907   4.331967   4.321350     1.3144     1.4996   -0.01204   -0.01232    89.6287     0.3211     0.1084     93.429     91.087    35.5270    35.5115    26.4298    26.4374    1508.20    1507.90         39 0.0000e+00
       5798  69.382301     98.000     97.433    14.7846    14.6897   4.332337   4.321195     1.3136     1.4971   -0.00195   -0.00331    89.6457     0.3440     0.1051     93.342     90.873    35.5263    35.5106    26.4284    26.4370    1508.23    1507.91         74 0.0000e+00
       5854  69.382324     99.000     98.430    14.6056    14.5975   4.312809   4.311341     1.3140     1.4947   -0.00049   -0.00087    89.6537     0.3263     0.1024     93.756     90.827    35.5099    35.5038    26.4548    26.4518    1507.66    1507.63         40 0.0000e+00
       5980  69.382385    100.000     99.428    14.5705    14.5608   4.309029   4.307287     1.3148     1.4968   -0.00111   -0.00271    89.6548     0.2878     0.0983     93.925     91.109    35.5067    35.4995    26.4599    26.4565    1507.56    1507.52         39 0.0000e+00
       6106  69.382446    101.000    100.429    14.5257    14.5254   4.303938   4.303442     1.3148     1.4969   -0.00153   -0.00330    89.6665     0.2696     0.0982     94.021     91.198    35.5004    35.4961    26.4648    26.4615    1507.43    1507.42         23 0.0000e+00
       6708  69.382736    102.000    101.416    14.4863    14.4828   4.299064   4.298358     1.3203     1.5057   -0.00057   -0.00164    89.6824     0.2708     0.0951     94.759     92.120    35.4910    35.4877    26.4661    26.4643    1507.30    1507.29         35 0.0000e+00
       7081  69.382919    103.000    102.416    14.4763    14.4744   4.297710   4.297338     1.3233     1.5114   -0.00126   -0.00191    89.6755     0.2934     0.0940     95.133     92.686    35.4873    35.4856    26.4653    26.4645    1507.29    1507.28         39 0.0000e+00
       7134  69.382942    104.000    103.398    14.4126    14.4100   4.290574   4.289636     1.3287     1.5159   -0.00091   -0.00326    89.6848     0.2734     0.0940     95.899     93.254    35.4793    35.4729    26.4729    26.4686    1507.09    1507.07         22 0.0000e+00
       7155  69.382950    105.000    104.387    14.3557    14.3492   4.283944   4.282338     1.3401     1.5272    0.00051   -0.00115    89.6846     0.2611     0.0931     97.348     94.462    35.4697    35.4607    26.4778    26.4722    1506.91    1506.88         21 0.0000e+00
       7175  69.382965    106.000    105.388    14.2369    14.2267   4.270512   4.268734     1.3549     1.5420    0.00302    0.00256    89.7002     0.2567     0.0894     99.330     96.120    35.4537    35.4465    26.4909    26.4875    1506.53    1506.49         20 0.0000e+00
       7194  69.382973    107.000    106.382    14.1728    14.1706   4.263416   4.262356     1.3689     1.5566    0.00794    0.00832    89.7083     0.2452     0.0876    101.109     97.635    35.4463    35.4384    26.4988    26.4931    1506.33    1506.31         20 0.0000e+00
       7215  69.382980    108.000    107.372    14.1430    14.1217   4.259964   4.257078     1.3815     1.5725    0.01278    0.01271    89.7256     0.2595     0.0839    102.659     99.253    35.4411    35.4338    26.5011    26.5001    1506.24    1506.17         22 0.0000e+00
       7246  69.382996    109.000    108.376    14.0629    14.0739   4.250849   4.251864     1.3950     1.5923    0.01664    0.01721    89.7291     0.2661     0.0795    104.422    101.253    35.4294    35.4288    26.5091    26.5063    1505.99    1506.02         41 0.0000e+00
       7290  69.383018    110.000    109.360    13.9839    13.9782   4.241827   4.240552     1.4087     1.6101    0.01284    0.01748    89.6854     0.2701     0.0806    106.227    103.181    35.4176    35.4109    26.5167    26.5127    1505.73    1505.71         40 0.0000e+00
       7322  69.383034    111.000    110.353    13.8853    13.8825   4.230811   4.229992     1.4172     1.6204    0.00828    0.01208    89.7310     0.2197     0.0784    107.458    104.387    35.4050    35.4000    26.5278    26.5245    1505.42    1505.40         27 0.0000e+00
       7345  69.383041    112.000    111.348    13.8363    13.8341   4.225255   4.224329     1.4217     1.6257    0.00703    0.00836    89.7357     0.2026     0.0749    108.117    105.020    35.3978    35.3911    26.5325    26.5278    1505.26    1505.25         21 0.0000e+00
       7366  69.383057    113.000    112.331    13.7806    13.7788   4.219151   4.218506     1.4249     1.6305    0.00693    0.00801    89.7216     0.2003     0.0708    108.630    105.612    35.3915    35.3872    26.5393    26.5363    1505.09    1505.08         19 0.0000e+00
       7383  69.383064    114.000    113.339    13.7778    13.7759   4.218892   4.218306     1.4262     1.6347    0.00595    0.00763    89.7450     0.1991     0.0675    108.807    106.035    35.3913    35.3875    26.5397    26.5372    1505.10    1505.09         17 0.0000e+00
       7400  69.383072    115.000    114.339    13.7678    13.7659   4.217783   4.217134     1.4273     1.6374    0.00495    0.00605    89.7570     0.1925     0.0660    108.972    106.333    35.3897    35.3854    26.5406    26.5377    1505.08    1505.07         18 0.0000e+00
