data-processing/CTD/data/cnv/dres020.cnv
* Sea-Bird SBE 9 Data File:
* FileName = C:\SEASOFT\PIRATA-FR32\data\fr32020.hex
* Software Version Seasave V 7.26.7.107
* Temperature SN = 6083
* Conductivity SN = 4509
* Number of Bytes Per Scan = 42
* Number of Voltage Words = 3
* Number of Scans Averaged by the Deck Unit = 1
* NMEA Latitude = 06 01.56 S
* NMEA Longitude = 010 00.61 W
* NMEA UTC (Time) = Mar 11 2022 01:24:21
** Cruise: PIRATA-FR32
** Ship: THALASSA
** Station: 020
** Bottom Depth: 3554
** Barometric pressure : 1008.1
** Temp Air: 28.3
** Operator: SCP
** Comments:
# nquan = 25
# nvalues = 2000                        
# units = specified
# name 0 = scan: Scan Count
# name 1 = timeJ: Julian Days
# name 2 = prDM: Pressure, Digiquartz [db]
# name 3 = depSM: Depth [salt water, m]
# name 4 = t090C: Temperature [ITS-90, deg C]
# name 5 = t190C: Temperature, 2 [ITS-90, deg C]
# name 6 = c0S/m: Conductivity [S/m]
# name 7 = c1S/m: Conductivity, 2 [S/m]
# name 8 = sbeox0V: Oxygen raw, SBE 43 [V]
# name 9 = sbeox1V: Oxygen raw, SBE 43, 2 [V]
# name 10 = sbox0dV/dT: Oxygen, SBE 43 [dov/dt]
# name 11 = sbox1dV/dT: Oxygen, SBE 43, 2 [dov/dt]
# name 12 = CStarTr0: Beam Transmission, WET Labs C-Star [%]
# name 13 = flECO-AFL: Fluorescence, WET Labs ECO-AFL/FL [mg/m^3]
# name 14 = flC: Fluorescence, Chelsea Aqua 3 Chl Con [ug/l]
# name 15 = sbox0Mm/Kg: Oxygen, SBE 43 [umol/kg], WS = 2
# name 16 = sbox1Mm/Kg: Oxygen, SBE 43, 2 [umol/kg], WS = 2
# name 17 = sal00: Salinity, Practical [PSU]
# name 18 = sal11: Salinity, Practical, 2 [PSU]
# name 19 = sigma-é00: Density [sigma-theta, kg/m^3]
# name 20 = sigma-é11: Density, 2 [sigma-theta, kg/m^3]
# name 21 = svCM: Sound Velocity [Chen-Millero, m/s]
# name 22 = svCM1: Sound Velocity, 2 [Chen-Millero, m/s]
# name 23 = nbin: number of scans per bin
# name 24 = flag: flag
# span 0 =        -87,      68654       
# span 1 =  70.058546,  70.091696       
# span 2 =      3.000,   2002.000       
# span 3 =      2.986,   1981.418       
# span 4 =     3.5561,    28.3310       
# span 5 =     3.5546,    28.3305       
# span 6 =   3.291365,   5.823346       
# span 7 =   3.290996,   5.822835       
# span 8 =     0.9945,     2.7109       
# span 9 =     1.1172,     3.1530       
# span 10 =   -0.05732,    0.00900      
# span 11 =   -0.05991,    0.01903      
# span 12 =    86.8351,    90.2803      
# span 13 =     0.0360,     1.8066      
# span 14 =     0.0114,     0.5130      
# span 15 =     66.804,    234.441      
# span 16 =     65.059,    229.391      
# span 17 =    34.5093,    36.2024      
# span 18 =    34.5057,    36.1947      
# span 19 =    23.1454,    27.8138      
# span 20 =    23.1494,    27.8111      
# span 21 =    1482.95,    1543.69      
# span 22 =    1482.94,    1543.68      
# span 23 =         12,        143      
# span 24 = 0.0000e+00, 0.0000e+00      
# interval = decibars: 1                
# start_time = Mar 11 2022 01:24:22 [System UTC, first data scan.]
# bad_flag = -9.990e-29
*END*
[from data line 1334]
      46177  70.080856   1337.000   1325.334     4.3293     4.3284   3.334757   3.334391     1.6329     1.8801    0.00088   -0.00037    90.2428     0.0461     0.0169    195.729    191.190    34.8912    34.8879    27.6763    27.6737    1489.90    1489.90         26 0.0000e+00
      46204  70.080872   1338.000   1326.295     4.3300     4.3291   3.334935   3.334573     1.6342     1.8821    0.00092    0.00025    90.2502     0.0479     0.0183    195.965    191.495    34.8920    34.8887    27.6769    27.6744    1489.92    1489.92         26 0.0000e+00
      46227  70.080879   1339.000   1327.297     4.3306     4.3296   3.335082   3.334705     1.6353     1.8831    0.00101    0.00134    90.2411     0.0520     0.0177    196.175    191.651    34.8926    34.8892    27.6773    27.6747    1489.94    1489.94         24 0.0000e+00
      46251  70.080894   1340.000   1328.283     4.3308     4.3299   3.335153   3.334789     1.6360     1.8847    0.00104    0.00175    90.2508     0.0453     0.0163    196.323    191.907    34.8927    34.8895    27.6774    27.6749    1489.96    1489.95         22 0.0000e+00
      46275  70.080902   1341.000   1329.285     4.3309     4.3300   3.335250   3.334888     1.6370     1.8859    0.00118    0.00133    90.2449     0.0525     0.0173    196.515    192.089    34.8933    34.8900    27.6778    27.6753    1489.98    1489.97         26 0.0000e+00
      46312  70.080925   1342.000   1330.264     4.3316     4.3308   3.335388   3.335034     1.6381     1.8878    0.00085    0.00142    90.2542     0.0456     0.0169    196.725    192.382    34.8936    34.8904    27.6780    27.6755    1490.00    1489.99         44 0.0000e+00
      46345  70.080940   1343.000   1331.239     4.3318     4.3307   3.335521   3.335128     1.6387     1.8887    0.00074    0.00118    90.2440     0.0448     0.0166    196.862    192.533    34.8945    34.8911    27.6787    27.6761    1490.02    1490.01         23 0.0000e+00
      46366  70.080948   1344.000   1332.225     4.3299     4.3290   3.335459   3.335083     1.6392     1.8895    0.00080    0.00110    90.2433     0.0460     0.0164    196.986    192.678    34.8953    34.8919    27.6796    27.6769    1490.03    1490.02         18 0.0000e+00
      46382  70.080956   1345.000   1333.223     4.3300     4.3290   3.335536   3.335163     1.6395     1.8898    0.00083    0.00108    90.2431     0.0452     0.0164    197.053    192.747    34.8956    34.8923    27.6798    27.6772    1490.04    1490.04         16 0.0000e+00
      46398  70.080963   1346.000   1334.210     4.3302     4.3293   3.335623   3.335261     1.6398     1.8898    0.00045    0.00083    90.2566     0.0461     0.0172    197.128    192.769    34.8959    34.8927    27.6800    27.6775    1490.06    1490.05         17 0.0000e+00
      46416  70.080971   1347.000   1335.223     4.3299     4.3289   3.335664   3.335280     1.6408     1.8903    0.00045    0.00065    90.2554     0.0449     0.0178    197.328    192.866    34.8963    34.8928    27.6803    27.6777    1490.08    1490.07         20 0.0000e+00
      46450  70.080986   1348.000   1336.189     4.3301     4.3288   3.335689   3.335307     1.6417     1.8919    0.00058    0.00047    90.2420     0.0502     0.0189    197.508    193.124    34.8958    34.8927    27.6800    27.6776    1490.10    1490.09         49 0.0000e+00
      46492  70.081009   1349.000   1337.180     4.3294     4.3282   3.335719   3.335327     1.6423     1.8939    0.00084    0.00086    90.2439     0.0524     0.0164    197.652    193.437    34.8964    34.8931    27.6805    27.6781    1490.11    1490.10         30 0.0000e+00
      46519  70.081024   1350.000   1338.162     4.3287     4.3277   3.335749   3.335365     1.6426     1.8951    0.00068    0.00117    90.2362     0.0458     0.0167    197.733    193.626    34.8970    34.8935    27.6811    27.6784    1490.12    1490.12         28 0.0000e+00
      46544  70.081032   1351.000   1339.150     4.3277     4.3267   3.335775   3.335406     1.6431     1.8947    0.00027    0.00116    90.2457     0.0451     0.0181    197.836    193.599    34.8978    34.8946    27.6819    27.6794    1490.14    1490.13         23 0.0000e+00
      46566  70.081047   1352.000   1340.151     4.3271     4.3261   3.335807   3.335433     1.6433     1.8941    0.00030    0.00133    90.2529     0.0457     0.0172    197.903    193.550    34.8984    34.8951    27.6824    27.6799    1490.15    1490.14         21 0.0000e+00
      46588  70.081055   1353.000   1341.123     4.3253     4.3242   3.335771   3.335386     1.6441     1.8940    0.00027    0.00022    90.2497     0.0535     0.0174    198.085    193.565    34.8994    34.8960    27.6834    27.6808    1490.16    1490.15         21 0.0000e+00
      46609  70.081062   1354.000   1342.118     4.3197     4.3186   3.335559   3.335178     1.6450     1.8953    0.00041   -0.00038    90.2405     0.0485     0.0172    198.290    193.804    34.9023    34.8990    27.6863    27.6838    1490.16    1490.15         21 0.0000e+00
      46632  70.081078   1355.000   1343.109     4.3173     4.3162   3.335506   3.335108     1.6467     1.8973    0.00042   -0.00060    90.2447     0.0503     0.0178    198.619    194.122    34.9037    34.9002    27.6877    27.6850    1490.17    1490.16         24 0.0000e+00
      46657  70.081085   1356.000   1344.087     4.3160     4.3151   3.335458   3.335084     1.6489     1.9004    0.00092    0.00054    90.2546     0.0503     0.0167    199.026    194.593    34.9039    34.9005    27.6880    27.6854    1490.18    1490.17         27 0.0000e+00
      46685  70.081100   1357.000   1345.085     4.3145     4.3134   3.335364   3.334975     1.6507     1.9032    0.00156    0.00202    90.2528     0.0501     0.0170    199.375    195.023    34.9039    34.9005    27.6881    27.6856    1490.19    1490.18         26 0.0000e+00
      46710  70.081116   1358.000   1346.070     4.3136     4.3125   3.335341   3.334946     1.6521     1.9051    0.00193    0.00256    90.2556     0.0478     0.0174    199.644    195.322    34.9041    34.9006    27.6884    27.6857    1490.20    1490.20         26 0.0000e+00
      46734  70.081123   1359.000   1347.059     4.3129     4.3118   3.335320   3.334937     1.6525     1.9060    0.00185    0.00275    90.2535     0.0439     0.0186    199.758    195.471    34.9041    34.9008    27.6885    27.6860    1490.22    1490.21         23 0.0000e+00
      46766  70.081139   1360.000   1348.052     4.3123     4.3111   3.335310   3.334912     1.6534     1.9072    0.00116    0.00182    90.2514     0.0456     0.0177    199.934    195.678    34.9041    34.9007    27.6886    27.6860    1490.23    1490.22         45 0.0000e+00
      46805  70.081161   1361.000   1349.022     4.3110     4.3098   3.335263   3.334873     1.6542     1.9090    0.00067    0.00072    90.2361     0.0451     0.0158    200.112    195.960    34.9044    34.9011    27.6889    27.6865    1490.24    1490.23         27 0.0000e+00
      46829  70.081169   1362.000   1350.020     4.3105     4.3096   3.335284   3.334901     1.6543     1.9093    0.00056    0.00109    90.2558     0.0537     0.0166    200.156    196.031    34.9047    34.9012    27.6892    27.6866    1490.26    1490.25         21 0.0000e+00
      46848  70.081177   1363.000   1351.000     4.3105     4.3096   3.335335   3.334958     1.6543     1.9091    0.00054    0.00120    90.2508     0.0595     0.0178    200.175    196.031    34.9048    34.9014    27.6893    27.6867    1490.28    1490.27         17 0.0000e+00
      46864  70.081184   1364.000   1352.006     4.3106     4.3097   3.335377   3.335007     1.6545     1.9090    0.00053    0.00102    90.2566     0.0535     0.0177    200.240    196.040    34.9048    34.9013    27.6893    27.6867    1490.29    1490.28         16 0.0000e+00
      46880  70.081192   1365.000   1352.985     4.3103     4.3095   3.335390   3.335031     1.6545     1.9090    0.00022    0.00064    90.2534     0.0448     0.0178    200.268    196.068    34.9047    34.9013    27.6893    27.6867    1490.31    1490.30         16 0.0000e+00
      46897  70.081207   1366.000   1353.985     4.3090     4.3081   3.335368   3.334998     1.6545     1.9087    0.00001    0.00001    90.2553     0.0520     0.0186    200.300    196.059    34.9053    34.9019    27.6899    27.6873    1490.32    1490.31         20 0.0000e+00
      46926  70.081215   1367.000   1354.970     4.3092     4.3082   3.335427   3.335056     1.6545     1.9093    0.00004   -0.00012    90.2564     0.0520     0.0200    200.325    196.165    34.9053    34.9020    27.6899    27.6874    1490.34    1490.33         45 0.0000e+00
      46975  70.081238   1368.000   1355.945     4.3103     4.3091   3.335535   3.335151     1.6550     1.9102    0.00009    0.00016    90.2565     0.0457     0.0176    200.434    196.314    34.9049    34.9017    27.6895    27.6871    1490.36    1490.35         43 0.0000e+00
      47009  70.081261   1369.000   1356.941     4.3093     4.3085   3.335544   3.335175     1.6555     1.9103    0.00028    0.00047    90.2565     0.0452     0.0162    200.554    196.364    34.9055    34.9021    27.6901    27.6875    1490.37    1490.36         26 0.0000e+00
      47034  70.081268   1370.000   1357.923     4.3096     4.3087   3.335623   3.335250     1.6556     1.9101    0.00015    0.00046    90.2565     0.0455     0.0169    200.583    196.359    34.9057    34.9023    27.6902    27.6876    1490.39    1490.38         24 0.0000e+00
      47055  70.081284   1371.000   1358.915     4.3092     4.3079   3.335666   3.335283     1.6556     1.9102    0.00026    0.00022    90.2565     0.0512     0.0172    200.624    196.395    34.9062    34.9030    27.6906    27.6883    1490.41    1490.40         19 0.0000e+00
      47073  70.081291   1372.000   1359.902     4.3080     4.3070   3.335678   3.335299     1.6558     1.9096    0.00043   -0.00010    90.2565     0.0543     0.0168    200.678    196.341    34.9070    34.9036    27.6914    27.6889    1490.42    1490.41         18 0.0000e+00
      47093  70.081299   1373.000   1360.888     4.3078     4.3069   3.335722   3.335345     1.6557     1.9094    0.00011   -0.00008    90.2565     0.0528     0.0177    200.695    196.334    34.9073    34.9038    27.6917    27.6891    1490.43    1490.43         20 0.0000e+00
      47111  70.081306   1374.000   1361.883     4.3078     4.3068   3.335806   3.335435     1.6558     1.9097   -0.00007   -0.00007    90.2565     0.0535     0.0172    200.731    196.410    34.9078    34.9045    27.6921    27.6896    1490.45    1490.44         19 0.0000e+00
      47132  70.081314   1375.000   1362.867     4.3071     4.3061   3.335935   3.335567     1.6564     1.9099    0.00013   -0.00058    90.2565     0.0529     0.0172    200.859    196.465    34.9095    34.9063    27.6936    27.6911    1490.47    1490.46         21 0.0000e+00
      47155  70.081329   1376.000   1363.862     4.3067     4.3058   3.336069   3.335689     1.6575     1.9106    0.00006   -0.00014    90.2565     0.0537     0.0175    201.091    196.590    34.9109    34.9075    27.6948    27.6921    1490.48    1490.48         26 0.0000e+00
      47188  70.081345   1377.000   1364.837     4.3064     4.3054   3.336178   3.335806     1.6597     1.9129    0.00048    0.00028    90.2557     0.0538     0.0151    201.498    196.945    34.9120    34.9088    27.6957    27.6932    1490.50    1490.49         39 0.0000e+00
      47225  70.081360   1378.000   1365.834     4.3057     4.3048   3.336297   3.335921     1.6624     1.9164    0.00143    0.00107    90.2537     0.0537     0.0157    201.981    197.463    34.9137    34.9102    27.6971    27.6944    1490.52    1490.51         34 0.0000e+00
      47254  70.081375   1379.000   1366.803     4.3056     4.3048   3.336359   3.335989     1.6641     1.9193    0.00160    0.00201    90.2498     0.0511     0.0167    202.314    197.906    34.9140    34.9106    27.6973    27.6947    1490.53    1490.53         25 0.0000e+00
      47277  70.081390   1380.000   1367.814     4.3056     4.3047   3.336421   3.336040     1.6647     1.9206    0.00170    0.00233    90.2511     0.0465     0.0175    202.446    198.112    34.9142    34.9108    27.6975    27.6949    1490.55    1490.54         22 0.0000e+00
      47301  70.081398   1381.000   1368.801     4.3054     4.3045   3.336472   3.336101     1.6659     1.9216    0.00154    0.00222    90.2428     0.0453     0.0181    202.674    198.283    34.9146    34.9112    27.6979    27.6952    1490.57    1490.56         23 0.0000e+00
      47326  70.081413   1382.000   1369.777     4.3052     4.3042   3.336505   3.336130     1.6667     1.9222    0.00108    0.00190    90.2458     0.0449     0.0185    202.836    198.394    34.9146    34.9114    27.6979    27.6954    1490.58    1490.57         29 0.0000e+00
      47354  70.081421   1383.000   1370.768     4.3048     4.3038   3.336544   3.336168     1.6669     1.9230    0.00094    0.00112    90.2493     0.0461     0.0168    202.912    198.528    34.9151    34.9117    27.6983    27.6958    1490.60    1490.59         26 0.0000e+00
      47378  70.081436   1384.000   1371.754     4.3030     4.3020   3.336544   3.336165     1.6675     1.9233    0.00086    0.00082    90.2521     0.0455     0.0152    203.053    198.606    34.9165    34.9131    27.6996    27.6970    1490.61    1490.60         21 0.0000e+00
      47397  70.081444   1385.000   1372.731     4.3021     4.3012   3.336542   3.336160     1.6682     1.9235    0.00057    0.00030    90.2435     0.0462     0.0144    203.198    198.674    34.9169    34.9134    27.7000    27.6974    1490.62    1490.61         17 0.0000e+00
      47413  70.081451   1386.000   1373.733     4.3021     4.3012   3.336581   3.336205     1.6682     1.9239    0.00028    0.00061    90.2523     0.0431     0.0144    203.219    198.745    34.9168    34.9134    27.7000    27.6974    1490.64    1490.63         16 0.0000e+00
      47429  70.081459   1387.000   1374.727     4.3015     4.3006   3.336576   3.336197     1.6688     1.9237    0.00032    0.00060    90.2468     0.0386     0.0146    203.362    198.759    34.9169    34.9135    27.7002    27.6975    1490.65    1490.65         17 0.0000e+00
      47448  70.081467   1388.000   1375.719     4.2988     4.2978   3.336462   3.336085     1.6694     1.9247    0.00073    0.00027    90.2442     0.0447     0.0157    203.509    198.933    34.9180    34.9145    27.7013    27.6987    1490.66    1490.65         23 0.0000e+00
      47486  70.081490   1389.000   1376.698     4.2999     4.2986   3.336575   3.336180     1.6708     1.9274    0.00061    0.00045    90.2522     0.0493     0.0175    203.774    199.345    34.9176    34.9144    27.7009    27.6985    1490.68    1490.67         54 0.0000e+00
      47530  70.081512   1390.000   1377.689     4.2988     4.2976   3.336563   3.336178     1.6723     1.9299    0.00090    0.00158    90.2466     0.0598     0.0161    204.052    199.733    34.9181    34.9149    27.7015    27.6990    1490.69    1490.69         31 0.0000e+00
      47563  70.081528   1391.000   1378.670     4.2985     4.2976   3.336605   3.336238     1.6727     1.9308    0.00080    0.00170    90.2510     0.0517     0.0153    204.152    199.879    34.9184    34.9151    27.7017    27.6992    1490.71    1490.70         34 0.0000e+00
      47591  70.081535   1392.000   1379.650     4.2985     4.2975   3.336653   3.336276     1.6731     1.9308    0.00073    0.00117    90.2509     0.0436     0.0169    204.259    199.909    34.9186    34.9151    27.7019    27.6992    1490.73    1490.72         24 0.0000e+00
      47616  70.081551   1393.000   1380.646     4.2979     4.2969   3.336661   3.336292     1.6732     1.9308    0.00031    0.00082    90.2566     0.0459     0.0171    204.299    199.940    34.9188    34.9155    27.7021    27.6996    1490.74    1490.73         24 0.0000e+00
