data-processing/CTD/data/cnv/dres015.cnv
* Sea-Bird SBE 9 Data File:
* FileName = C:\SEASOFT\PIRATA-FR32\data\fr32015.hex
* Software Version Seasave V 7.26.7.107
* Temperature SN = 6083
* Conductivity SN = 4509
* Number of Bytes Per Scan = 42
* Number of Voltage Words = 3
* Number of Scans Averaged by the Deck Unit = 1
* NMEA Latitude = 03 29.96 S
* NMEA Longitude = 010 00.06 W
* NMEA UTC (Time) = Mar 09 2022 21:40:31
** Cruise: PIRATA-FR32
** Ship: THALASSA
** Station: 015
** Bottom Depth: 3815
** Barometric pressure : 1006.9
** Temp Air: 28.5
** Operator: LWMH
** Comments:
# nquan = 25
# nvalues = 504                         
# units = specified
# name 0 = scan: Scan Count
# name 1 = timeJ: Julian Days
# name 2 = prDM: Pressure, Digiquartz [db]
# name 3 = depSM: Depth [salt water, m]
# name 4 = t090C: Temperature [ITS-90, deg C]
# name 5 = t190C: Temperature, 2 [ITS-90, deg C]
# name 6 = c0S/m: Conductivity [S/m]
# name 7 = c1S/m: Conductivity, 2 [S/m]
# name 8 = sbeox0V: Oxygen raw, SBE 43 [V]
# name 9 = sbeox1V: Oxygen raw, SBE 43, 2 [V]
# name 10 = sbox0dV/dT: Oxygen, SBE 43 [dov/dt]
# name 11 = sbox1dV/dT: Oxygen, SBE 43, 2 [dov/dt]
# name 12 = CStarTr0: Beam Transmission, WET Labs C-Star [%]
# name 13 = flECO-AFL: Fluorescence, WET Labs ECO-AFL/FL [mg/m^3]
# name 14 = flC: Fluorescence, Chelsea Aqua 3 Chl Con [ug/l]
# name 15 = sbox0Mm/Kg: Oxygen, SBE 43 [umol/kg], WS = 2
# name 16 = sbox1Mm/Kg: Oxygen, SBE 43, 2 [umol/kg], WS = 2
# name 17 = sal00: Salinity, Practical [PSU]
# name 18 = sal11: Salinity, Practical, 2 [PSU]
# name 19 = sigma-é00: Density [sigma-theta, kg/m^3]
# name 20 = sigma-é11: Density, 2 [sigma-theta, kg/m^3]
# name 21 = svCM: Sound Velocity [Chen-Millero, m/s]
# name 22 = svCM1: Sound Velocity, 2 [Chen-Millero, m/s]
# name 23 = nbin: number of scans per bin
# name 24 = flag: flag
# span 0 =       -501,      19665       
# span 1 =  68.902906,  68.912631       
# span 2 =      2.000,    505.000       
# span 3 =      1.978,    501.608       
# span 4 =     7.0723,    28.4292       
# span 5 =     7.0707,    28.4296       
# span 6 =   3.523675,   5.691747       
# span 7 =   3.523263,   5.691135       
# span 8 =     1.0068,     2.7678       
# span 9 =     1.1323,     3.2073       
# span 10 =   -0.14104,    0.04582      
# span 11 =   -0.17221,    0.03626      
# span 12 =    85.4224,    90.0347      
# span 13 =     0.0432,     2.3722      
# span 14 =     0.0307,     0.6013      
# span 15 =     67.236,    211.938      
# span 16 =     65.583,    205.147      
# span 17 =    34.6251,    35.9791      
# span 18 =    34.6222,    35.9558      
# span 19 =    22.3760,    27.1201      
# span 20 =    22.3724,    27.1180      
# span 21 =    1486.77,    1542.58      
# span 22 =    1486.76,    1542.57      
# span 23 =         12,        104      
# span 24 = 0.0000e+00, 0.0000e+00      
# interval = decibars: 1                
# start_time = Mar 09 2022 21:40:32 [System UTC, first data scan.]
# bad_flag = -9.990e-29
*END*
       -501  68.902908      2.000      1.978    28.4292    28.4296   5.691747   5.691135     2.6234     3.0188   -0.00068   -0.00607    88.2810     0.2079     0.0823    190.207    183.144    35.1625    35.1579    22.3760    22.3724    1542.47    1542.47         26 0.0000e+00
       1015  68.903641      3.000      2.995    28.4264    28.4257   5.691746   5.690977     2.6378     3.0835    0.00041    0.00683    88.3475     0.2106     0.0732    191.529    187.929    35.1643    35.1594    22.3783    22.3749    1542.49    1542.48        104 0.0000e+00
       3727  68.904945      4.000      3.977    28.4231    28.4225   5.691605   5.690928     2.6442     3.1000    0.00036    0.00332    88.2995     0.2071     0.0731    192.134    189.171    35.1654    35.1612    22.3803    22.3774    1542.50    1542.49         77 0.0000e+00
       3583  68.904877      5.000      4.978    28.4237    28.4230   5.691708   5.691018     2.6431     3.1038   -0.00150    0.00157    88.2901     0.2243     0.0728    192.057    189.474    35.1654    35.1611    22.3802    22.3772    1542.52    1542.51         34 0.0000e+00
       3687  68.904922      6.000      5.966    28.4229    28.4223   5.691660   5.690997     2.6460     3.1081   -0.00200   -0.00323    88.3365     0.2030     0.0743    192.338    189.814    35.1654    35.1612    22.3805    22.3776    1542.53    1542.53         54 0.0000e+00
       3745  68.904953      7.000      6.963    28.4212    28.4201   5.691558   5.690838     2.6494     3.0967    0.00002   -0.00098    88.3410     0.2211     0.0731    192.672    189.008    35.1656    35.1615    22.3813    22.3786    1542.54    1542.54         41 0.0000e+00
       3787  68.904976      8.000      7.952    28.4211    28.4203   5.691575   5.690885     2.6509     3.0956    0.00235   -0.00661    88.3188     0.2083     0.0735    192.831    188.947    35.1656    35.1614    22.3814    22.3785    1542.56    1542.55         38 0.0000e+00
       3820  68.904991      9.000      8.952    28.4177    28.4167   5.691339   5.690628     2.6537     3.1003    0.00022   -0.00182    88.3223     0.2000     0.0740    193.114    189.324    35.1661    35.1619    22.3830    22.3802    1542.57    1542.56         34 0.0000e+00
       3861  68.905006     10.000      9.943    28.4105    28.4106   5.690710   5.690108     2.6597     3.0918    0.00269    0.00166    88.2909     0.2245     0.0725    193.696    188.736    35.1668    35.1626    22.3860    22.3828    1542.57    1542.57         43 0.0000e+00
       3897  68.905029     11.000     10.937    28.4060    28.4053   5.690380   5.689669     2.6604     3.0849    0.00239    0.00060    88.3066     0.2111     0.0744    193.796    188.263    35.1676    35.1631    22.3881    22.3850    1542.58    1542.57         30 0.0000e+00
       3927  68.905045     12.000     11.936    28.3803    28.3819   5.688147   5.687613     2.6613     3.0906    0.00281   -0.00777    88.2994     0.2078     0.0765    193.969    188.767    35.1708    35.1659    22.3991    22.3949    1542.54    1542.54         31 0.0000e+00
       3959  68.905060     13.000     12.929    28.3717    28.3677   5.687444   5.686391     2.6595     3.0973    0.00012   -0.00328    88.2802     0.2086     0.0786    193.853    189.321    35.1720    35.1676    22.4029    22.4010    1542.54    1542.53         35 0.0000e+00
       3994  68.905075     14.000     13.918    28.3395    28.3342   5.684515   5.683290     2.6548     3.0997    0.00065    0.00692    88.2959     0.2204     0.0761    193.547    189.609    35.1752    35.1706    22.4160    22.4143    1542.49    1542.48         31 0.0000e+00
       4020  68.905083     15.000     14.914    28.1501    28.1539   5.667257   5.665521     2.6473     3.0902   -0.00168    0.00426    88.2317     0.2250     0.0774    193.443    189.422    35.1954    35.1803    22.4935    22.4809    1542.12    1542.11         23 0.0000e+00
       4042  68.905098     16.000     15.912    27.1295    27.0983   5.587721   5.581238     2.6938     3.1204   -0.00151    0.00285    87.9974     0.2536     0.0854    200.593    194.472    35.4024    35.3798    22.9800    22.9731    1540.07    1539.98         22 0.0000e+00
       4068  68.905113     17.000     16.914    26.3396    26.3413   5.557915   5.555621     2.7496     3.1774   -0.00662   -0.00455    87.5451     0.3036     0.1060    207.776    200.525    35.7952    35.7771    23.5278    23.5137    1538.71    1538.69         32 0.0000e+00
       4109  68.905128     18.000     17.898    25.8843    26.0168   5.531126   5.537921     2.7678     3.2073    0.04582    0.03626    87.5875     0.3584     0.1192    210.797    203.655    35.9554    35.9011    23.7917    23.7092    1537.84    1538.09         45 0.0000e+00
       4148  68.905151     19.000     18.896    25.3548    25.3773   5.475990   5.476845     2.7607     3.2013    0.02331    0.02778    87.2950     0.3866     0.1342    211.938    205.147    35.9672    35.9558    23.9648    23.9492    1536.62    1536.66         35 0.0000e+00
       4189  68.905167     20.000     19.890    24.7069    24.7826   5.408325   5.412318     2.7254     3.1618   -0.00176    0.00236    87.2099     0.4474     0.1491    210.839    204.014    35.9791    35.9484    24.1716    24.1253    1535.09    1535.24         49 0.0000e+00
       4231  68.905190     21.000     20.872    23.3260    23.3445   5.252436   5.247812     2.6455     3.0717   -0.01162   -0.01522    87.3317     0.4861     0.1671    208.090    201.729    35.9096    35.8588    24.5293    24.4855    1531.61    1531.60         28 0.0000e+00
       4252  68.905197     22.000     21.873    22.0143    22.0087   5.108092   5.101359     2.6103     3.0231   -0.02707   -0.02856    87.2487     0.5539     0.1880    209.342    202.313    35.8627    35.8142    24.8706    24.8353    1528.22    1528.15         18 0.0000e+00
       4271  68.905205     23.000     22.879    21.2778    21.2631   5.026384   5.019802     2.5756     2.9800   -0.04433   -0.04967    86.7244     0.7228     0.2662    208.609    201.378    35.8258    35.7854    25.0475    25.0208    1526.25    1526.16         21 0.0000e+00
       4300  68.905220     24.000     23.874    20.9449    20.9347   4.990666   4.988393     2.5377     2.9303   -0.04530   -0.05578    85.4958     1.8447     0.4514    206.025    198.392    35.8176    35.8079    25.1328    25.1281    1525.37    1525.33         43 0.0000e+00
       4354  68.905251     25.000     24.854    20.8351    20.8755   4.981126   4.983121     2.4691     2.8665   -0.03433   -0.04445    85.4224     2.3722     0.5941    199.477    193.335    35.8327    35.8148    25.1742    25.1495    1525.10    1525.19         50 0.0000e+00
       4388  68.905266     26.000     25.845    20.7033    20.7010   4.967962   4.966608     2.4167     2.8179   -0.02555   -0.02728    85.5424     2.2450     0.6013    194.639    189.894    35.8370    35.8279    25.2133    25.2070    1524.77    1524.75         26 0.0000e+00
       4411  68.905273     27.000     26.857    20.6899    20.6917   4.966787   4.965925     2.3909     2.7894   -0.03619   -0.02774    85.8998     2.0443     0.5850    192.082    187.576    35.8384    35.8298    25.2181    25.2110    1524.75    1524.75         24 0.0000e+00
       4440  68.905289     28.000     27.843    20.5364    20.5453   4.949824   4.949672     2.3415     2.7377   -0.03614   -0.03387    86.1661     1.9036     0.5675    187.604    183.784    35.8300    35.8212    25.2531    25.2440    1524.34    1524.36         31 0.0000e+00
       4469  68.905304     29.000     28.834    20.0236    20.0100   4.893121   4.888090     2.2323     2.6255   -0.02840   -0.03093    86.4317     1.8257     0.5397    178.131    176.151    35.8011    35.7712    25.3679    25.3486    1522.92    1522.85         26 0.0000e+00
       4492  68.905312     30.000     29.825    19.1968    19.1857   4.805641   4.800329     2.1064     2.4862   -0.03596   -0.03820    86.8360     1.5888     0.4997    167.706    166.908    35.7840    35.7492    25.5714    25.5476    1520.61    1520.54         19 0.0000e+00
       4510  68.905319     31.000     30.831    18.5165    18.4852   4.731230   4.721866     1.9802     2.3431   -0.05910   -0.06087    87.1446     1.4443     0.4571    156.504    156.731    35.7457    35.6934    25.7153    25.6831    1518.64    1518.49         19 0.0000e+00
       4530  68.905334     32.000     31.831    17.3455    17.3141   4.604407   4.595731     1.8552     2.1764   -0.09781   -0.10164    87.4969     1.3362     0.4077    146.529    145.504    35.6823    35.6347    25.9556    25.9267    1515.17    1515.02         23 0.0000e+00
       4573  68.905350     33.000     32.817    17.0720    17.5662   4.577031   4.629914     1.7779     1.9859   -0.14104   -0.17221    87.8859     1.1283     0.3320    138.922    128.092    35.6858    35.7086    26.0247    25.9223    1514.38    1515.87         64 0.0000e+00
       4626  68.905380     34.000     33.806    16.7385    16.8118   4.541808   4.545227     1.6656     1.8655   -0.03472   -0.10850    87.9629     1.0054     0.3020    127.555    119.248    35.6730    35.6378    26.0944    26.0499    1513.38    1513.56         33 0.0000e+00
       4653  68.905388     35.000     34.803    16.5502    16.5428   4.522282   4.519931     1.6056     1.8217   -0.03480   -0.05887    88.2721     0.9419     0.3088    121.437    115.930    35.6682    35.6541    26.1352    26.1261    1512.82    1512.78         26 0.0000e+00
       4680  68.905403     36.000     35.800    16.4406    16.4343   4.510679   4.508963     1.5708     1.7885   -0.06392   -0.04862    88.3520     0.9548     0.4102    117.882    113.204    35.6631    35.6536    26.1570    26.1511    1512.50    1512.47         29 0.0000e+00
       4709  68.905418     37.000     36.788    16.3836    16.3792   4.504926   4.503408     1.5475     1.7679   -0.05320   -0.03989    88.3531     0.9549     0.3388    115.461    111.485    35.6627    35.6532    26.1701    26.1638    1512.34    1512.32         28 0.0000e+00
       4733  68.905434     38.000     37.782    16.3290    16.3250   4.499532   4.497978     1.5319     1.7522   -0.03422   -0.03169    88.4029     0.9484     0.3074    113.878    110.206    35.6634    35.6531    26.1834    26.1764    1512.20    1512.17         21 0.0000e+00
       4753  68.905441     39.000     38.782    16.2549    16.2507   4.491753   4.489998     1.5194     1.7375   -0.02357   -0.02187    88.4407     0.9275     0.3085    112.674    109.058    35.6603    35.6484    26.1982    26.1900    1511.98    1511.96         19 0.0000e+00
       4773  68.905449     40.000     39.781    16.1811    16.1780   4.483838   4.482420     1.5067     1.7220   -0.01810   -0.01610    88.4861     0.9000     0.3110    111.445    107.824    35.6556    35.6458    26.2118    26.2050    1511.77    1511.75         21 0.0000e+00
       4799  68.905464     41.000     40.778    16.1326    16.1404   4.478618   4.478934     1.4973     1.7078   -0.01554   -0.01637    88.5722     0.8719     0.2855    110.527    106.634    35.6523    35.6480    26.2205    26.2154    1511.63    1511.65         34 0.0000e+00
       4849  68.905487     42.000     41.761    16.1183    16.2170   4.477345   4.487171     1.4901     1.6932   -0.01134   -0.01541    88.6650     0.9655     0.2608    109.771    105.166    35.6533    35.6523    26.2246    26.2009    1511.61    1511.91         57 0.0000e+00
       4890  68.905510     43.000     42.755    16.0514    16.0477   4.470468   4.469270     1.4759     1.6842   -0.00200   -0.00679    88.7000     0.8910     0.2616    108.356    104.717    35.6517    35.6443    26.2388    26.2340    1511.42    1511.40         29 0.0000e+00
       4916  68.905518     44.000     43.755    16.0042    16.0009   4.465530   4.464387     1.4671     1.6772   -0.00559   -0.00634    88.7384     0.7960     0.2557    107.491    104.193    35.6496    35.6423    26.2481    26.2433    1511.29    1511.27         26 0.0000e+00
       4952  68.905533     45.000     44.749    15.9752    15.9909   4.462755   4.463529     1.4594     1.6698   -0.00846   -0.00559    88.7639     0.8245     0.2499    106.708    103.555    35.6504    35.6433    26.2555    26.2463    1511.21    1511.25         49 0.0000e+00
       4996  68.905556     46.000     45.731    15.9259    15.9248   4.457360   4.456546     1.4498     1.6585   -0.00655   -0.00552    88.8357     0.8975     0.2480    105.751    102.675    35.6461    35.6398    26.2635    26.2589    1511.07    1511.06         29 0.0000e+00
       5017  68.905563     47.000     46.724    15.8513    15.8473   4.449621   4.448300     1.4412     1.6498   -0.00399   -0.00449    88.8819     0.7717     0.2447    104.964    102.055    35.6436    35.6354    26.2787    26.2732    1510.86    1510.84         17 0.0000e+00
       5032  68.905571     48.000     47.722    15.8149    15.8126   4.445906   4.445092     1.4354     1.6446   -0.00383   -0.00506    88.9321     0.7229     0.2355    104.402    101.664    35.6427    35.6374    26.2863    26.2828    1510.76    1510.75         15 0.0000e+00
       5046  68.905579     49.000     48.725    15.7760    15.7726   4.441819   4.440667     1.4306     1.6390   -0.00533   -0.00648    89.0015     0.6397     0.2288    103.964    101.249    35.6406    35.6334    26.2936    26.2888    1510.66    1510.64         14 0.0000e+00
       5060  68.905586     50.000     49.733    15.7332    15.7311   4.437249   4.436417     1.4267     1.6337   -0.00753   -0.00803    89.0766     0.6226     0.2207    103.633    100.859    35.6378    35.6322    26.3012    26.2974    1510.54    1510.52         14 0.0000e+00
       5080  68.905594     51.000     50.728    15.7259    15.7126   4.436286   4.434285     1.4230     1.6275   -0.00898   -0.00897    89.1368     0.5799     0.2120    103.246    100.343    35.6353    35.6294    26.3010    26.2995    1510.53    1510.48         29 0.0000e+00
       5123  68.905617     52.000     51.703    15.7432    15.7786   4.437974   4.441260     1.4196     1.6213   -0.00684   -0.00873    89.1814     0.6773     0.2037    102.849     99.659    35.6345    35.6320    26.2964    26.2865    1510.60    1510.70         49 0.0000e+00
       5158  68.905632     53.000     52.693    15.5962    15.5969   4.422061   4.421276     1.4094     1.6115   -0.00201   -0.00439    89.1873     0.6629     0.2089    102.024     99.140    35.6236    35.6159    26.3215    26.3154    1510.14    1510.14         25 0.0000e+00
       5180  68.905647     54.000     53.696    15.5419    15.5376   4.416271   4.415016     1.4031     1.6049   -0.00154   -0.00271    89.2101     0.5836     0.2034    101.437     98.670    35.6201    35.6126    26.3311    26.3263    1509.99    1509.97         20 0.0000e+00
       5203  68.905655     55.000     54.695    15.4549    15.4518   4.406790   4.405806     1.3976     1.5983   -0.00612   -0.00624    89.2261     0.6061     0.1972    101.006     98.249    35.6128    35.6067    26.3451    26.3410    1509.73    1509.71         26 0.0000e+00
       5236  68.905670     56.000     55.688    15.4382    15.4369   4.404989   4.404329     1.3937     1.5936   -0.00707   -0.00715    89.3108     0.6187     0.1786    100.614     97.860    35.6112    35.6064    26.3476    26.3443    1509.69    1509.68         41 0.0000e+00
       5280  68.905693     57.000     56.672    15.3755    15.3724   4.398093   4.397178     1.4010     1.5959   -0.00451   -0.00532    89.3368     0.5756     0.1675    101.579     98.208    35.6052    35.5997    26.3571    26.3536    1509.50    1509.49         35 0.0000e+00
       5307  68.905708     58.000     57.674    15.3613    15.3596   4.396681   4.396094     1.4072     1.6046   -0.00046   -0.00199    89.3699     0.5181     0.1571    102.323     99.047    35.6049    35.6011    26.3601    26.3576    1509.47    1509.46         27 0.0000e+00
