data-processing/CTD/data/cnv/dres017.cnv
* Sea-Bird SBE 9 Data File:
* FileName = C:\SEASOFT\PIRATA-FR32\data\fr32017.hex
* Software Version Seasave V 7.26.7.107
* Temperature SN = 6083
* Conductivity SN = 4509
* Number of Bytes Per Scan = 42
* Number of Voltage Words = 3
* Number of Scans Averaged by the Deck Unit = 1
* NMEA Latitude = 04 29.91 S
* NMEA Longitude = 010 00.04 W
* NMEA UTC (Time) = Mar 10 2022 05:28:45
** Cruise: PIRATA-FR32
** Ship: THALASSA
** Station: 017
** Bottom Depth: 3684
** Barometric pressure : 1005.9
** Temp Air: 27.7
** Operator: AMGE
** Comments:
# nquan = 25
# nvalues = 501                         
# units = specified
# name 0 = scan: Scan Count
# name 1 = timeJ: Julian Days
# name 2 = prDM: Pressure, Digiquartz [db]
# name 3 = depSM: Depth [salt water, m]
# name 4 = t090C: Temperature [ITS-90, deg C]
# name 5 = t190C: Temperature, 2 [ITS-90, deg C]
# name 6 = c0S/m: Conductivity [S/m]
# name 7 = c1S/m: Conductivity, 2 [S/m]
# name 8 = sbeox0V: Oxygen raw, SBE 43 [V]
# name 9 = sbeox1V: Oxygen raw, SBE 43, 2 [V]
# name 10 = sbox0dV/dT: Oxygen, SBE 43 [dov/dt]
# name 11 = sbox1dV/dT: Oxygen, SBE 43, 2 [dov/dt]
# name 12 = CStarTr0: Beam Transmission, WET Labs C-Star [%]
# name 13 = flECO-AFL: Fluorescence, WET Labs ECO-AFL/FL [mg/m^3]
# name 14 = flC: Fluorescence, Chelsea Aqua 3 Chl Con [ug/l]
# name 15 = sbox0Mm/Kg: Oxygen, SBE 43 [umol/kg], WS = 2
# name 16 = sbox1Mm/Kg: Oxygen, SBE 43, 2 [umol/kg], WS = 2
# name 17 = sal00: Salinity, Practical [PSU]
# name 18 = sal11: Salinity, Practical, 2 [PSU]
# name 19 = sigma-é00: Density [sigma-theta, kg/m^3]
# name 20 = sigma-é11: Density, 2 [sigma-theta, kg/m^3]
# name 21 = svCM: Sound Velocity [Chen-Millero, m/s]
# name 22 = svCM1: Sound Velocity, 2 [Chen-Millero, m/s]
# name 23 = nbin: number of scans per bin
# name 24 = flag: flag
# span 0 =       -526,      19337       
# span 1 =  69.228055,  69.237635       
# span 2 =      2.000,    502.000       
# span 3 =      1.987,    498.638       
# span 4 =     7.8040,    28.6172       
# span 5 =     7.8015,    28.6167       
# span 6 =   3.597389,   5.801128       
# span 7 =   3.596845,   5.800458       
# span 8 =     1.0033,     2.7350       
# span 9 =     1.1293,     3.1686       
# span 10 =   -0.07351,    0.02845      
# span 11 =   -0.08398,    0.03153      
# span 12 =    87.6908,    89.9949      
# span 13 =     0.0487,     1.2402      
# span 14 =     0.0324,     0.3510      
# span 15 =     67.565,    205.829      
# span 16 =     65.983,    199.517      
# span 17 =    34.6974,    36.0923      
# span 18 =    34.6940,    36.0846      
# span 19 =    22.7789,    27.0728      
# span 20 =    22.7760,    27.0706      
# span 21 =    1489.62,    1543.74      
# span 22 =    1489.60,    1543.73      
# span 23 =         11,        112      
# span 24 = 0.0000e+00, 0.0000e+00      
# interval = decibars: 1                
# start_time = Mar 10 2022 05:28:46 [System UTC, first data scan.]
# bad_flag = -9.990e-29
*END*
[from data line 116]
       6750  69.231567    118.000    117.310    14.3111    14.3097   4.279927   4.279469     1.3221     1.5087   -0.00030   -0.00069    89.7139     0.2005     0.0718     95.505     92.934    35.4679    35.4650    26.4864    26.4844    1506.98    1506.97         26 0.0000e+00
       6775  69.231575    119.000    118.304    14.3102    14.3089   4.279868   4.279448     1.3211     1.5075   -0.00046   -0.00072    89.7135     0.1984     0.0706     95.412     92.834    35.4678    35.4651    26.4865    26.4847    1506.99    1506.99         24 0.0000e+00
       6797  69.231590    120.000    119.301    14.3090    14.3075   4.279777   4.279317     1.3205     1.5076   -0.00013   -0.00053    89.7186     0.1920     0.0751     95.356     92.858    35.4677    35.4648    26.4867    26.4848    1507.01    1507.00         21 0.0000e+00
       6817  69.231598    121.000    120.298    14.3085    14.3068   4.279768   4.279286     1.3207     1.5078   -0.00050   -0.00038    89.7119     0.1933     0.0785     95.389     92.885    35.4676    35.4647    26.4868    26.4849    1507.02    1507.01         19 0.0000e+00
       6837  69.231606    122.000    121.295    14.3068    14.3054   4.279615   4.279173     1.3199     1.5087   -0.00086   -0.00090    89.7279     0.1872     0.0773     95.314     92.992    35.4674    35.4645    26.4870    26.4851    1507.03    1507.03         21 0.0000e+00
       6858  69.231621    123.000    122.282    14.3041    14.3025   4.279344   4.278886     1.3197     1.5082   -0.00058   -0.00017    89.7343     0.1846     0.0748     95.299     92.961    35.4669    35.4642    26.4873    26.4855    1507.04    1507.03         22 0.0000e+00
       6882  69.231628    124.000    123.284    14.2960    14.2932   4.278448   4.277781     1.3186     1.5072   -0.00023    0.00059    89.7326     0.1841     0.0710     95.203     92.890    35.4656    35.4620    26.4880    26.4858    1507.03    1507.02         28 0.0000e+00
       6926  69.231651    125.000    124.272    14.2818    14.2721   4.276854   4.275413     1.3165     1.5033   -0.00078   -0.00048    89.7460     0.1937     0.0699     94.996     92.580    35.4634    35.4590    26.4894    26.4880    1507.00    1506.96         59 0.0000e+00
       6974  69.231674    126.000    125.259    14.2467    14.2457   4.272944   4.272437     1.3132     1.4984   -0.00116   -0.00204    89.7368     0.2040     0.0714     94.695     92.181    35.4590    35.4552    26.4935    26.4908    1506.90    1506.89         29 0.0000e+00
       6995  69.231682    127.000    126.245    14.2249    14.2226   4.270525   4.269854     1.3114     1.4957   -0.00102   -0.00270    89.7573     0.1700     0.0661     94.545     91.975    35.4561    35.4519    26.4959    26.4932    1506.84    1506.83         18 0.0000e+00
       7012  69.231689    128.000    127.248    14.2102    14.2074   4.268871   4.268175     1.3102     1.4935   -0.00141   -0.00230    89.7707     0.1515     0.0612     94.451     91.811    35.4538    35.4499    26.4973    26.4949    1506.81    1506.79         16 0.0000e+00
       7027  69.231697    129.000    128.238    14.1939    14.1921   4.267090   4.266534     1.3090     1.4928   -0.00189   -0.00225    89.7621     0.1351     0.0591     94.353     91.782    35.4518    35.4483    26.4993    26.4970    1506.77    1506.76         14 0.0000e+00
       7041  69.231705    130.000    129.255    14.1756    14.1723   4.264969   4.263939     1.3079     1.4925   -0.00219   -0.00278    89.7650     0.1339     0.0581     94.277     91.805    35.4485    35.4419    26.5007    26.4963    1506.72    1506.70         15 0.0000e+00
       7057  69.231712    131.000    130.236    14.1127    14.1107   4.258072   4.257302     1.3064     1.4917   -0.00196   -0.00313    89.7601     0.1299     0.0571     94.240     91.865    35.4417    35.4364    26.5088    26.5051    1506.53    1506.51         16 0.0000e+00
       7074  69.231720    132.000    131.230    14.0903    14.0880   4.255585   4.254934     1.3050     1.4895   -0.00175   -0.00279    89.7809     0.1181     0.0540     94.134     91.712    35.4388    35.4348    26.5113    26.5087    1506.47    1506.46         18 0.0000e+00
       7094  69.231728    133.000    132.231    14.0794    14.0783   4.254378   4.253922     1.3036     1.4869   -0.00190   -0.00134    89.8075     0.1024     0.0502     93.997     91.495    35.4371    35.4339    26.5123    26.5101    1506.45    1506.44         23 0.0000e+00
       7121  69.231743    134.000    133.221    14.0740    14.0754   4.253808   4.253637     1.3020     1.4844   -0.00208   -0.00160    89.8048     0.0933     0.0478     93.839     91.266    35.4364    35.4335    26.5129    26.5104    1506.45    1506.45         33 0.0000e+00
       7158  69.231758    135.000    134.210    14.0609    14.0576   4.252336   4.251555     1.2996     1.4816   -0.00161   -0.00302    89.8047     0.1044     0.0477     93.599     91.052    35.4343    35.4301    26.5142    26.5116    1506.42    1506.40         38 0.0000e+00
       7192  69.231781    136.000    135.207    14.0112    14.0089   4.246805   4.246096     1.2959     1.4774   -0.00141   -0.00173    89.8019     0.1047     0.0474     93.273     90.757    35.4280    35.4235    26.5198    26.5168    1506.27    1506.25         31 0.0000e+00
       7223  69.231796    137.000    136.195    13.9589    13.9565   4.240944   4.240140     1.2912     1.4731   -0.00184   -0.00204    89.8133     0.0993     0.0440     92.836     90.462    35.4211    35.4158    26.5255    26.5219    1506.10    1506.09         31 0.0000e+00
       7253  69.231812    138.000    137.186    13.9045    13.9017   4.234873   4.234095     1.2860     1.4675   -0.00280   -0.00318    89.8280     0.0910     0.0429     92.342     90.044    35.4140    35.4093    26.5315    26.5285    1505.94    1505.92         27 0.0000e+00
       7275  69.231819    139.000    138.179    13.8845    13.8824   4.232708   4.232069     1.2825     1.4642   -0.00353   -0.00332    89.8323     0.0892     0.0424     91.981     89.772    35.4118    35.4077    26.5340    26.5313    1505.88    1505.87         19 0.0000e+00
       7293  69.231827    140.000    139.165    13.8668    13.8653   4.230789   4.230271     1.2789     1.4603   -0.00400   -0.00377    89.8411     0.0728     0.0414     91.611     89.446    35.4097    35.4063    26.5361    26.5338    1505.84    1505.83         17 0.0000e+00
       7308  69.231834    141.000    140.168    13.8619    13.8600   4.230278   4.229710     1.2767     1.4566   -0.00417   -0.00446    89.8487     0.0625     0.0407     91.376     89.110    35.4091    35.4055    26.5367    26.5343    1505.84    1505.83         14 0.0000e+00
       7323  69.231842    142.000    141.176    13.8540    13.8523   4.229425   4.228873     1.2752     1.4540   -0.00399   -0.00417    89.8522     0.0582     0.0397     91.221     88.883    35.4079    35.4044    26.5375    26.5351    1505.83    1505.82         15 0.0000e+00
       7339  69.231850    143.000    142.165    13.8480    13.8464   4.228755   4.228245     1.2736     1.4517   -0.00406   -0.00397    89.8497     0.0733     0.0396     91.055     88.691    35.4068    35.4035    26.5379    26.5357    1505.83    1505.82         18 0.0000e+00
       7360  69.231857    144.000    143.164    13.8440    13.8426   4.228373   4.227888     1.2721     1.4492   -0.00420   -0.00517    89.8379     0.0698     0.0390     90.893     88.462    35.4064    35.4032    26.5385    26.5363    1505.83    1505.82         24 0.0000e+00
       7386  69.231873    145.000    144.150    13.8431    13.8417   4.228314   4.227851     1.2705     1.4483   -0.00280   -0.00462    89.8513     0.0665     0.0395     90.727     88.394    35.4063    35.4033    26.5386    26.5366    1505.84    1505.83         28 0.0000e+00
       7416  69.231888    146.000    145.139    13.8410    13.8396   4.228124   4.227664     1.2690     1.4463   -0.00195   -0.00287    89.8416     0.0604     0.0386     90.563     88.213    35.4061    35.4030    26.5389    26.5369    1505.85    1505.84         33 0.0000e+00
       7451  69.231903    147.000    146.139    13.8366    13.8347   4.227672   4.227154     1.2674     1.4445   -0.00140   -0.00119    89.8429     0.0663     0.0375     90.388     88.062    35.4054    35.4024    26.5394    26.5374    1505.85    1505.84         36 0.0000e+00
       7485  69.231918    148.000    147.125    13.8262    13.8243   4.226551   4.226013     1.2656     1.4428   -0.00107   -0.00140    89.8491     0.0698     0.0376     90.216     87.927    35.4041    35.4009    26.5406    26.5384    1505.84    1505.83         29 0.0000e+00
       7511  69.231934    149.000    148.121    13.8161    13.8144   4.225475   4.224964     1.2645     1.4416   -0.00121   -0.00128    89.8481     0.0689     0.0374     90.118     87.845    35.4029    35.3997    26.5418    26.5397    1505.82    1505.81         23 0.0000e+00
       7532  69.231941    150.000    149.111    13.8091    13.8074   4.224732   4.224228     1.2636     1.4405   -0.00136   -0.00151    89.8200     0.0585     0.0358     90.031     87.762    35.4021    35.3988    26.5426    26.5405    1505.81    1505.80         20 0.0000e+00
       7551  69.231949    151.000    150.114    13.8041    13.8026   4.224196   4.223720     1.2627     1.4392   -0.00104   -0.00087    89.8298     0.0586     0.0363     89.944     87.661    35.4012    35.3981    26.5430    26.5410    1505.81    1505.80         18 0.0000e+00
       7569  69.231956    152.000    151.098    13.8003    13.7988   4.223798   4.223346     1.2621     1.4379   -0.00096   -0.00103    89.8471     0.0602     0.0360     89.891     87.548    35.4006    35.3977    26.5434    26.5414    1505.81    1505.80         18 0.0000e+00
       7587  69.231972    153.000    152.109    13.7892    13.7858   4.222486   4.221684     1.2609     1.4368   -0.00110   -0.00134    89.8346     0.0605     0.0372     89.783     87.482    35.3980    35.3937    26.5437    26.5411    1505.79    1505.77         20 0.0000e+00
       7612  69.231979    154.000    153.095    13.7554    13.7520   4.218818   4.218067     1.2593     1.4350   -0.00112   -0.00156    89.8301     0.0646     0.0390     89.670     87.380    35.3944    35.3906    26.5480    26.5458    1505.69    1505.68         29 0.0000e+00
       7643  69.231995    155.000    154.080    13.7192    13.7157   4.214840   4.213987     1.2579     1.4330   -0.00120   -0.00160    89.8433     0.0669     0.0402     89.590     87.275    35.3901    35.3853    26.5522    26.5493    1505.59    1505.57         30 0.0000e+00
       7667  69.232010    156.000    155.075    13.6942    13.6922   4.212123   4.211517     1.2570     1.4309   -0.00157   -0.00172    89.8415     0.0746     0.0384     89.541     87.120    35.3873    35.3834    26.5553    26.5527    1505.52    1505.51         20 0.0000e+00
       7685  69.232018    157.000    156.073    13.6784    13.6765   4.210405   4.209780     1.2563     1.4299   -0.00119   -0.00155    89.8312     0.0585     0.0383     89.503     87.065    35.3853    35.3812    26.5571    26.5543    1505.48    1505.47         18 0.0000e+00
       7702  69.232025    158.000    157.069    13.6622    13.6600   4.208665   4.208023     1.2560     1.4294   -0.00120   -0.00152    89.8270     0.0590     0.0380     89.514     87.063    35.3835    35.3795    26.5591    26.5565    1505.44    1505.43         16 0.0000e+00
       7721  69.232033    159.000    158.073    13.6463    13.6443   4.206882   4.206283     1.2561     1.4294   -0.00097   -0.00205    89.8295     0.0581     0.0375     89.561     87.099    35.3810    35.3773    26.5605    26.5580    1505.40    1505.39         21 0.0000e+00
       7750  69.232048    160.000    159.055    13.6383    13.6349   4.206048   4.205326     1.2562     1.4283   -0.00066   -0.00123    89.8428     0.0586     0.0368     89.606     87.020    35.3801    35.3765    26.5615    26.5594    1505.39    1505.38         40 0.0000e+00
       7792  69.232071    161.000    160.049    13.6302    13.6272   4.205125   4.204466     1.2556     1.4275    0.00008   -0.00041    89.8304     0.0594     0.0353     89.556     86.968    35.3786    35.3751    26.5620    26.5600    1505.38    1505.37         38 0.0000e+00
       7823  69.232086    162.000    161.028    13.6239    13.6225   4.204465   4.204003     1.2547     1.4258   -0.00003   -0.00089    89.8314     0.0628     0.0364     89.477     86.827    35.3777    35.3747    26.5627    26.5606    1505.38    1505.37         24 0.0000e+00
       7843  69.232094    163.000    162.027    13.6228    13.6214   4.204397   4.203940     1.2540     1.4251   -0.00035   -0.00021    89.8497     0.0528     0.0370     89.402     86.777    35.3777    35.3747    26.5629    26.5609    1505.39    1505.38         19 0.0000e+00
       7860  69.232101    164.000    163.038    13.6190    13.6173   4.204007   4.203506     1.2535     1.4254   -0.00070   -0.00075    89.8536     0.0511     0.0363     89.369     86.825    35.3771    35.3740    26.5633    26.5612    1505.39    1505.38         16 0.0000e+00
       7877  69.232109    165.000    164.025    13.6153    13.6138   4.203649   4.203183     1.2535     1.4256   -0.00074   -0.00136    89.8341     0.0554     0.0369     89.386     86.857    35.3767    35.3737    26.5638    26.5618    1505.40    1505.39         16 0.0000e+00
       7895  69.232117    166.000    165.013    13.6121    13.6104   4.203300   4.202818     1.2535     1.4262   -0.00064   -0.00109    89.8296     0.0671     0.0361     89.404     86.929    35.3760    35.3730    26.5639    26.5619    1505.40    1505.39         20 0.0000e+00
       7917  69.232124    167.000    166.019    13.6067    13.6049   4.202736   4.202231     1.2535     1.4265   -0.00065   -0.00012    89.8313     0.0525     0.0359     89.426     86.985    35.3752    35.3722    26.5645    26.5625    1505.40    1505.39         25 0.0000e+00
       7942  69.232140    168.000    167.005    13.5993    13.5974   4.201944   4.201412     1.2536     1.4265   -0.00013    0.00045    89.8348     0.0588     0.0361     89.458     87.004    35.3743    35.3710    26.5653    26.5631    1505.39    1505.38         26 0.0000e+00
       7969  69.232155    169.000    168.000    13.5896    13.5880   4.200899   4.200417     1.2539     1.4269    0.00017    0.00049    89.8414     0.0518     0.0374     89.526     87.080    35.3729    35.3699    26.5663    26.5643    1505.37    1505.36         29 0.0000e+00
       8001  69.232170    170.000    168.991    13.5859    13.5844   4.200524   4.200070     1.2538     1.4255    0.00004    0.00008    89.8306     0.0663     0.0371     89.527     86.960    35.3724    35.3695    26.5667    26.5647    1505.38    1505.37         32 0.0000e+00
       8031  69.232185    171.000    169.978    13.5837    13.5822   4.200306   4.199862     1.2539     1.4255    0.00006    0.00019    89.8519     0.0660     0.0379     89.563     86.971    35.3720    35.3692    26.5668    26.5650    1505.39    1505.38         28 0.0000e+00
       8057  69.232193    172.000    170.980    13.5808    13.5792   4.200052   4.199585     1.2537     1.4257   -0.00012   -0.00108    89.8512     0.0641     0.0371     89.557     87.005    35.3718    35.3689    26.5673    26.5654    1505.39    1505.38         24 0.0000e+00
       8079  69.232208    173.000    171.962    13.5779    13.5764   4.199764   4.199303     1.2535     1.4248   -0.00007   -0.00043    89.8475     0.0599     0.0378     89.550     86.939    35.3713    35.3684    26.5676    26.5656    1505.40    1505.39         20 0.0000e+00
       8097  69.232216    174.000    172.972    13.5743    13.5729   4.199401   4.198941     1.2531     1.4253    0.00018    0.00032    89.8325     0.0594     0.0372     89.512     87.008    35.3708    35.3679    26.5680    26.5660    1505.40    1505.40         18 0.0000e+00
