data-processing/CTD/data/cnv/dres020.cnv
* Sea-Bird SBE 9 Data File:
* FileName = C:\SEASOFT\PIRATA-FR32\data\fr32020.hex
* Software Version Seasave V 7.26.7.107
* Temperature SN = 6083
* Conductivity SN = 4509
* Number of Bytes Per Scan = 42
* Number of Voltage Words = 3
* Number of Scans Averaged by the Deck Unit = 1
* NMEA Latitude = 06 01.56 S
* NMEA Longitude = 010 00.61 W
* NMEA UTC (Time) = Mar 11 2022 01:24:21
** Cruise: PIRATA-FR32
** Ship: THALASSA
** Station: 020
** Bottom Depth: 3554
** Barometric pressure : 1008.1
** Temp Air: 28.3
** Operator: SCP
** Comments:
# nquan = 25
# nvalues = 2000                        
# units = specified
# name 0 = scan: Scan Count
# name 1 = timeJ: Julian Days
# name 2 = prDM: Pressure, Digiquartz [db]
# name 3 = depSM: Depth [salt water, m]
# name 4 = t090C: Temperature [ITS-90, deg C]
# name 5 = t190C: Temperature, 2 [ITS-90, deg C]
# name 6 = c0S/m: Conductivity [S/m]
# name 7 = c1S/m: Conductivity, 2 [S/m]
# name 8 = sbeox0V: Oxygen raw, SBE 43 [V]
# name 9 = sbeox1V: Oxygen raw, SBE 43, 2 [V]
# name 10 = sbox0dV/dT: Oxygen, SBE 43 [dov/dt]
# name 11 = sbox1dV/dT: Oxygen, SBE 43, 2 [dov/dt]
# name 12 = CStarTr0: Beam Transmission, WET Labs C-Star [%]
# name 13 = flECO-AFL: Fluorescence, WET Labs ECO-AFL/FL [mg/m^3]
# name 14 = flC: Fluorescence, Chelsea Aqua 3 Chl Con [ug/l]
# name 15 = sbox0Mm/Kg: Oxygen, SBE 43 [umol/kg], WS = 2
# name 16 = sbox1Mm/Kg: Oxygen, SBE 43, 2 [umol/kg], WS = 2
# name 17 = sal00: Salinity, Practical [PSU]
# name 18 = sal11: Salinity, Practical, 2 [PSU]
# name 19 = sigma-é00: Density [sigma-theta, kg/m^3]
# name 20 = sigma-é11: Density, 2 [sigma-theta, kg/m^3]
# name 21 = svCM: Sound Velocity [Chen-Millero, m/s]
# name 22 = svCM1: Sound Velocity, 2 [Chen-Millero, m/s]
# name 23 = nbin: number of scans per bin
# name 24 = flag: flag
# span 0 =        -87,      68654       
# span 1 =  70.058546,  70.091696       
# span 2 =      3.000,   2002.000       
# span 3 =      2.986,   1981.418       
# span 4 =     3.5561,    28.3310       
# span 5 =     3.5546,    28.3305       
# span 6 =   3.291365,   5.823346       
# span 7 =   3.290996,   5.822835       
# span 8 =     0.9945,     2.7109       
# span 9 =     1.1172,     3.1530       
# span 10 =   -0.05732,    0.00900      
# span 11 =   -0.05991,    0.01903      
# span 12 =    86.8351,    90.2803      
# span 13 =     0.0360,     1.8066      
# span 14 =     0.0114,     0.5130      
# span 15 =     66.804,    234.441      
# span 16 =     65.059,    229.391      
# span 17 =    34.5093,    36.2024      
# span 18 =    34.5057,    36.1947      
# span 19 =    23.1454,    27.8138      
# span 20 =    23.1494,    27.8111      
# span 21 =    1482.95,    1543.69      
# span 22 =    1482.94,    1543.68      
# span 23 =         12,        143      
# span 24 = 0.0000e+00, 0.0000e+00      
# interval = decibars: 1                
# start_time = Mar 11 2022 01:24:22 [System UTC, first data scan.]
# bad_flag = -9.990e-29
*END*
[from data line 522]
      25515  70.070892    525.000    521.418     6.9210     6.9175   3.510581   3.509765     1.0915     1.2326    0.00457    0.00444    90.1091     0.0563     0.0297     86.088     83.840    34.6234    34.6179    27.1398    27.1360    1486.51    1486.49         20 0.0000e+00
      25534  70.070900    526.000    522.416     6.8931     6.8905   3.507876   3.507191     1.0943     1.2354    0.00411    0.00483    90.0917     0.0563     0.0293     86.568     84.238    34.6212    34.6162    27.1419    27.1384    1486.42    1486.40         19 0.0000e+00
      25553  70.070908    527.000    523.418     6.8653     6.8642   3.505171   3.504668     1.0965     1.2386    0.00347    0.00419    90.1125     0.0563     0.0292     86.958     84.692    34.6189    34.6144    27.1439    27.1405    1486.32    1486.31         20 0.0000e+00
      25578  70.070923    528.000    524.403     6.8507     6.8501   3.503777   3.503373     1.1000     1.2424    0.00316    0.00345    90.1114     0.0563     0.0289     87.515     85.186    34.6177    34.6138    27.1450    27.1420    1486.28    1486.27         29 0.0000e+00
      25612  70.070938    529.000    525.392     6.8404     6.8391   3.502813   3.502350     1.1035     1.2473    0.00307    0.00373    90.1126     0.0622     0.0292     88.054     85.805    34.6169    34.6132    27.1458    27.1430    1486.26    1486.25         39 0.0000e+00
      25647  70.070953    530.000    526.380     6.8336     6.8324   3.502192   3.501753     1.1057     1.2511    0.00311    0.00375    90.1109     0.0622     0.0302     88.412     86.284    34.6164    34.6128    27.1463    27.1436    1486.25    1486.24         32 0.0000e+00
      25676  70.070969    531.000    527.372     6.8281     6.8264   3.501701   3.501205     1.1071     1.2524    0.00217    0.00321    90.1075     0.0554     0.0294     88.637     86.463    34.6161    34.6123    27.1469    27.1441    1486.24    1486.23         26 0.0000e+00
      25702  70.070984    532.000    528.374     6.8181     6.8166   3.500776   3.500307     1.1083     1.2533    0.00156    0.00267    90.1026     0.0579     0.0296     88.843     86.609    34.6154    34.6118    27.1476    27.1450    1486.22    1486.21         26 0.0000e+00
      25728  70.070992    533.000    529.358     6.8147     6.8133   3.500475   3.500057     1.1093     1.2542    0.00118    0.00121    90.1137     0.0617     0.0296     89.012     86.737    34.6151    34.6118    27.1479    27.1455    1486.22    1486.21         26 0.0000e+00
      25754  70.071007    534.000    530.348     6.8130     6.8116   3.500382   3.499943     1.1097     1.2550    0.00104    0.00080    90.1138     0.0563     0.0291     89.090     86.850    34.6153    34.6118    27.1482    27.1457    1486.23    1486.22         24 0.0000e+00
      25778  70.071022    535.000    531.340     6.8114     6.8101   3.500258   3.499844     1.1101     1.2557    0.00105    0.00086    90.1138     0.0570     0.0291     89.156     86.940    34.6150    34.6118    27.1483    27.1459    1486.24    1486.23         25 0.0000e+00
      25803  70.071030    536.000    532.341     6.8099     6.8087   3.500159   3.499759     1.1104     1.2562    0.00061    0.00095    90.1138     0.0572     0.0293     89.218     87.013    34.6149    34.6118    27.1484    27.1461    1486.25    1486.24         24 0.0000e+00
      25828  70.071045    537.000    533.319     6.8064     6.8049   3.499858   3.499386     1.1107     1.2566    0.00029    0.00045    90.1138     0.0570     0.0286     89.276     87.083    34.6146    34.6110    27.1487    27.1460    1486.25    1486.24         24 0.0000e+00
      25848  70.071053    538.000    534.320     6.7796     6.7771   3.497217   3.496506     1.1112     1.2577    0.00041    0.00074    90.1138     0.0637     0.0292     89.433     87.299    34.6120    34.6066    27.1502    27.1464    1486.16    1486.15         20 0.0000e+00
      25867  70.071060    539.000    535.303     6.7559     6.7545   3.494982   3.494495     1.1130     1.2596    0.00021    0.00054    90.1138     0.0585     0.0298     89.756     87.589    34.6107    34.6067    27.1524    27.1495    1486.08    1486.07         17 0.0000e+00
      25885  70.071068    540.000    536.308     6.7490     6.7475   3.494327   3.493854     1.1144     1.2610    0.00018    0.00039    90.1138     0.0571     0.0290     89.988     87.782    34.6099    34.6062    27.1528    27.1501    1486.07    1486.06         20 0.0000e+00
      25906  70.071083    541.000    537.305     6.7450     6.7438   3.493979   3.493563     1.1159     1.2630    0.00078    0.00110    90.1138     0.0558     0.0284     90.229     88.033    34.6096    34.6063    27.1530    27.1506    1486.07    1486.06         23 0.0000e+00
      25938  70.071098    542.000    538.286     6.7408     6.7394   3.493578   3.493142     1.1181     1.2657    0.00183    0.00208    90.1138     0.0564     0.0284     90.577     88.388    34.6090    34.6055    27.1531    27.1506    1486.07    1486.06         41 0.0000e+00
      25980  70.071114    543.000    539.278     6.7356     6.7344   3.493119   3.492702     1.1198     1.2683    0.00185    0.00215    90.1138     0.0630     0.0283     90.846     88.716    34.6086    34.6052    27.1536    27.1511    1486.07    1486.06         38 0.0000e+00
      26014  70.071136    544.000    540.263     6.7309     6.7298   3.492698   3.492311     1.1209     1.2696    0.00108    0.00193    90.1138     0.0770     0.0282     91.040     88.899    34.6083    34.6050    27.1539    27.1515    1486.07    1486.06         29 0.0000e+00
      26040  70.071144    545.000    541.257     6.7252     6.7239   3.492188   3.491745     1.1210     1.2703    0.00091    0.00109    90.1138     0.0622     0.0283     91.077     89.004    34.6078    34.6043    27.1543    27.1517    1486.06    1486.05         26 0.0000e+00
      26063  70.071159    546.000    542.259     6.7126     6.7111   3.490992   3.490506     1.1218     1.2713    0.00085    0.00104    90.1138     0.0565     0.0291     91.233     89.167    34.6068    34.6030    27.1553    27.1524    1486.03    1486.02         21 0.0000e+00
      26084  70.071167    547.000    543.244     6.7066     6.7053   3.490466   3.490045     1.1225     1.2714    0.00044    0.00079    90.1138     0.0553     0.0293     91.364     89.200    34.6065    34.6032    27.1558    27.1534    1486.02    1486.01         21 0.0000e+00
      26104  70.071175    548.000    544.237     6.7028     6.7012   3.490130   3.489681     1.1231     1.2718    0.00028    0.00073    90.1138     0.0615     0.0298     91.475     89.271    34.6062    34.6028    27.1561    27.1536    1486.02    1486.01         19 0.0000e+00
      26123  70.071182    549.000    545.226     6.6980     6.6966   3.489701   3.489245     1.1236     1.2722    0.00068    0.00090    90.1138     0.0595     0.0285     91.574     89.348    34.6057    34.6022    27.1564    27.1538    1486.02    1486.01         19 0.0000e+00
      26143  70.071198    550.000    546.232     6.6913     6.6896   3.489077   3.488597     1.1243     1.2734    0.00076    0.00035    90.1138     0.0573     0.0276     91.699     89.514    34.6052    34.6015    27.1569    27.1542    1486.01    1486.00         21 0.0000e+00
      26165  70.071205    551.000    547.212     6.6847     6.6833   3.488476   3.488043     1.1251     1.2746    0.00078    0.00041    90.1138     0.0643     0.0286     91.843     89.683    34.6047    34.6013    27.1574    27.1549    1486.00    1485.99         24 0.0000e+00
      26193  70.071220    552.000    548.208     6.6819     6.6805   3.488242   3.487799     1.1258     1.2757    0.00075    0.00088    90.1138     0.0554     0.0290     91.962     89.833    34.6044    34.6009    27.1575    27.1550    1486.00    1485.99         32 0.0000e+00
      26227  70.071236    553.000    549.194     6.6763     6.6751   3.487740   3.487321     1.1263     1.2763    0.00080    0.00121    90.1138     0.0560     0.0283     92.062     89.937    34.6040    34.6006    27.1580    27.1555    1486.00    1485.99         37 0.0000e+00
      26262  70.071251    554.000    550.189     6.6742     6.6729   3.487574   3.487166     1.1268     1.2775    0.00046    0.00085    90.1138     0.0560     0.0283     92.147     90.091    34.6038    34.6006    27.1581    27.1558    1486.00    1485.99         31 0.0000e+00
      26291  70.071266    555.000    551.174     6.6710     6.6697   3.487302   3.486875     1.1269     1.2781    0.00038    0.00031    90.1138     0.0611     0.0279     92.184     90.181    34.6035    34.6002    27.1584    27.1559    1486.01    1486.00         24 0.0000e+00
      26313  70.071274    556.000    552.162     6.6667     6.6653   3.486933   3.486508     1.1266     1.2778    0.00027    0.00087    90.1138     0.0576     0.0284     92.173     90.166    34.6033    34.6000    27.1588    27.1563    1486.01    1486.00         23 0.0000e+00
      26334  70.071289    557.000    553.169     6.6582     6.6565   3.486145   3.485643     1.1260     1.2775    0.00033    0.00077    90.1138     0.0628     0.0281     92.117     90.172    34.6027    34.5988    27.1594    27.1566    1485.99    1485.98         20 0.0000e+00
      26355  70.071297    558.000    554.159     6.6499     6.6486   3.485384   3.484965     1.1259     1.2772   -0.00008    0.00010    90.1138     0.0705     0.0291     92.120     90.160    34.6021    34.5988    27.1601    27.1577    1485.97    1485.96         22 0.0000e+00
      26378  70.071312    559.000    555.155     6.6434     6.6417   3.484785   3.484301     1.1255     1.2762   -0.00035   -0.00018    90.1138     0.0697     0.0293     92.101     90.068    34.6015    34.5979    27.1605    27.1579    1485.96    1485.95         23 0.0000e+00
      26402  70.071320    560.000    556.131     6.6324     6.6309   3.483764   3.483279     1.1250     1.2757   -0.00045   -0.00032    90.1138     0.0642     0.0287     92.061     90.049    34.6008    34.5970    27.1614    27.1586    1485.94    1485.92         25 0.0000e+00
      26427  70.071335    561.000    557.138     6.6266     6.6253   3.483230   3.482817     1.1255     1.2758   -0.00031   -0.00074    90.1138     0.0562     0.0291     92.155     90.082    34.6003    34.5970    27.1618    27.1594    1485.93    1485.92         26 0.0000e+00
      26456  70.071342    562.000    558.118     6.6218     6.6205   3.482807   3.482378     1.1258     1.2760   -0.00044   -0.00053    90.1138     0.0549     0.0281     92.229     90.135    34.5999    34.5965    27.1622    27.1597    1485.93    1485.92         30 0.0000e+00
      26487  70.071358    563.000    559.112     6.6190     6.6178   3.482575   3.482166     1.1259     1.2764    0.00030   -0.00012    90.1138     0.0539     0.0284     92.254     90.199    34.5997    34.5964    27.1624    27.1600    1485.93    1485.92         30 0.0000e+00
      26513  70.071373    564.000    560.112     6.6180     6.6168   3.482527   3.482133     1.1259     1.2770    0.00033    0.00024    90.1138     0.0630     0.0288     92.269     90.290    34.5997    34.5966    27.1626    27.1603    1485.94    1485.93         25 0.0000e+00
      26536  70.071388    565.000    561.090     6.6163     6.6151   3.482409   3.482002     1.1259     1.2771    0.00008    0.00022    90.1138     0.0626     0.0297     92.284     90.314    34.5996    34.5963    27.1627    27.1602    1485.95    1485.94         21 0.0000e+00
      26557  70.071396    566.000    562.085     6.6117     6.6107   3.482020   3.481617     1.1254     1.2762    0.00004    0.00054    90.1138     0.0474     0.0307     92.242     90.225    34.5994    34.5960    27.1632    27.1606    1485.95    1485.94         21 0.0000e+00
      26581  70.071404    567.000    563.090     6.6093     6.6081   3.481816   3.481404     1.1251     1.2756   -0.00014    0.00040    90.1138     0.0546     0.0300     92.211     90.168    34.5991    34.5958    27.1632    27.1608    1485.96    1485.95         28 0.0000e+00
      26609  70.071419    568.000    564.069     6.6042     6.6025   3.481342   3.480884     1.1252     1.2758   -0.00029   -0.00052    90.1147     0.0634     0.0291     92.253     90.222    34.5985    34.5952    27.1635    27.1611    1485.95    1485.94         28 0.0000e+00
      26637  70.071434    569.000    565.065     6.5994     6.5980   3.480924   3.480494     1.1257     1.2758   -0.00026   -0.00078    90.1130     0.0571     0.0285     92.346     90.238    34.5982    34.5949    27.1639    27.1614    1485.95    1485.94         27 0.0000e+00
      26661  70.071442    570.000    566.058     6.5934     6.5920   3.480379   3.479921     1.1259     1.2761    0.00008    0.00011    90.1181     0.0563     0.0275     92.408     90.302    34.5977    34.5941    27.1643    27.1616    1485.94    1485.93         22 0.0000e+00
      26683  70.071457    571.000    567.038     6.5886     6.5873   3.479954   3.479534     1.1267     1.2771    0.00026    0.00011    90.1287     0.0488     0.0277     92.546     90.447    34.5974    34.5940    27.1647    27.1622    1485.94    1485.93         21 0.0000e+00
      26705  70.071465    572.000    568.050     6.5864     6.5851   3.479760   3.479352     1.1273     1.2779    0.00042 -4.441e-07    90.1301     0.0457     0.0283     92.648     90.566    34.5970    34.5938    27.1647    27.1624    1485.95    1485.94         22 0.0000e+00
      26729  70.071480    573.000    569.032     6.5847     6.5834   3.479640   3.479242     1.1280     1.2784    0.00042    0.00052    90.1279     0.0475     0.0288     92.779     90.643    34.5969    34.5938    27.1649    27.1626    1485.96    1485.95         27 0.0000e+00
      26758  70.071495    574.000    570.024     6.5838     6.5825   3.479592   3.479174     1.1284     1.2795    0.00072    0.00112    90.1233     0.0648     0.0275     92.842     90.790    34.5968    34.5935    27.1649    27.1625    1485.97    1485.96         30 0.0000e+00
      26788  70.071503    575.000    571.009     6.5796     6.5779   3.479214   3.478755     1.1284     1.2798    0.00075    0.00056    90.1144     0.0591     0.0276     92.870     90.841    34.5964    34.5930    27.1652    27.1627    1485.97    1485.96         29 0.0000e+00
      26815  70.071518    576.000    572.012     6.5646     6.5626   3.477782   3.477250     1.1284     1.2798    0.00029    0.00083    90.1172     0.0560     0.0277     92.912     90.889    34.5951    34.5913    27.1662    27.1634    1485.93    1485.91         28 0.0000e+00
      26845  70.071533    577.000    572.997     6.5455     6.5437   3.475959   3.475435     1.1294     1.2802    0.00000    0.00033    90.1211     0.0512     0.0278     93.124     90.997    34.5937    34.5897    27.1676    27.1647    1485.87    1485.85         32 0.0000e+00
      26876  70.071548    578.000    573.992     6.5355     6.5342   3.475012   3.474582     1.1314     1.2817    0.00012   -0.00003    90.1241     0.0654     0.0281     93.451     91.212    34.5928    34.5893    27.1682    27.1656    1485.84    1485.83         30 0.0000e+00
      26903  70.071564    579.000    574.965     6.5245     6.5232   3.473969   3.473511     1.1332     1.2832    0.00082    0.00035    90.1160     0.0676     0.0286     93.767     91.433    34.5917    34.5880    27.1688    27.1661    1485.81    1485.80         22 0.0000e+00
      26923  70.071571    580.000    575.979     6.5162     6.5147   3.473203   3.472733     1.1341     1.2848    0.00125    0.00098    90.1138     0.0478     0.0279     93.924     91.664    34.5912    34.5875    27.1695    27.1668    1485.80    1485.79         19 0.0000e+00
      26941  70.071579    581.000    576.946     6.5066     6.5049   3.472297   3.471782     1.1354     1.2859    0.00176    0.00115    90.1138     0.0613     0.0282     94.154     91.831    34.5904    34.5864    27.1701    27.1672    1485.78    1485.76         17 0.0000e+00
