data-processing/CTD/data/cnv/dres018.cnv
* Sea-Bird SBE 9 Data File:
* FileName = C:\SEASOFT\PIRATA-FR32\data\fr32018.hex
* Software Version Seasave V 7.26.7.107
* Temperature SN = 6083
* Conductivity SN = 4509
* Number of Bytes Per Scan = 42
* Number of Voltage Words = 3
* Number of Scans Averaged by the Deck Unit = 1
* NMEA Latitude = 05 00.02 S
* NMEA Longitude = 010 00.06 W
* NMEA UTC (Time) = Mar 10 2022 09:06:28
** Cruise: PIRATA-FR32
** Ship: THALASSA
** Station: 018
** Bottom Depth: 3283
** Barometric pressure : 1008.9
** Temp Air: 23.7
** Operator: LWMH
** Comments:
# nquan = 25
# nvalues = 506                         
# units = specified
# name 0 = scan: Scan Count
# name 1 = timeJ: Julian Days
# name 2 = prDM: Pressure, Digiquartz [db]
# name 3 = depSM: Depth [salt water, m]
# name 4 = t090C: Temperature [ITS-90, deg C]
# name 5 = t190C: Temperature, 2 [ITS-90, deg C]
# name 6 = c0S/m: Conductivity [S/m]
# name 7 = c1S/m: Conductivity, 2 [S/m]
# name 8 = sbeox0V: Oxygen raw, SBE 43 [V]
# name 9 = sbeox1V: Oxygen raw, SBE 43, 2 [V]
# name 10 = sbox0dV/dT: Oxygen, SBE 43 [dov/dt]
# name 11 = sbox1dV/dT: Oxygen, SBE 43, 2 [dov/dt]
# name 12 = CStarTr0: Beam Transmission, WET Labs C-Star [%]
# name 13 = flECO-AFL: Fluorescence, WET Labs ECO-AFL/FL [mg/m^3]
# name 14 = flC: Fluorescence, Chelsea Aqua 3 Chl Con [ug/l]
# name 15 = sbox0Mm/Kg: Oxygen, SBE 43 [umol/kg], WS = 2
# name 16 = sbox1Mm/Kg: Oxygen, SBE 43, 2 [umol/kg], WS = 2
# name 17 = sal00: Salinity, Practical [PSU]
# name 18 = sal11: Salinity, Practical, 2 [PSU]
# name 19 = sigma-é00: Density [sigma-theta, kg/m^3]
# name 20 = sigma-é11: Density, 2 [sigma-theta, kg/m^3]
# name 21 = svCM: Sound Velocity [Chen-Millero, m/s]
# name 22 = svCM1: Sound Velocity, 2 [Chen-Millero, m/s]
# name 23 = nbin: number of scans per bin
# name 24 = flag: flag
# span 0 =        -29,      17054       
# span 1 =  69.379486,  69.387726       
# span 2 =      1.000,    506.000       
# span 3 =      1.078,    502.605       
# span 4 =     7.9385,    28.3175       
# span 5 =     7.9368,    28.3169       
# span 6 =   3.611155,   5.803302       
# span 7 =   3.610748,   5.802637       
# span 8 =     1.0456,     2.6994       
# span 9 =     1.1788,     3.1354       
# span 10 =   -0.13336,    0.01664      
# span 11 =   -0.15051,    0.01896      
# span 12 =    87.6079,    89.9725      
# span 13 =     0.0469,     1.0096      
# span 14 =     0.0304,     0.2707      
# span 15 =     73.473,    203.954      
# span 16 =     71.561,    198.441      
# span 17 =    34.7101,    36.1126      
# span 18 =    34.7074,    36.0999      
# span 19 =    23.0575,    27.0631      
# span 20 =    23.0543,    27.0612      
# span 21 =    1490.21,    1543.58      
# span 22 =    1490.20,    1543.58      
# span 23 =          1,        106      
# span 24 = 0.0000e+00, 0.0000e+00      
# interval = decibars: 1                
# start_time = Mar 10 2022 09:06:29 [System UTC, first data scan.]
# bad_flag = -9.990e-29
*END*
        -29  69.379486      1.000      1.078    28.2769    28.2756   5.797724   5.796792     2.6165     3.0726    0.00253   -0.00453    89.3944     0.1165     0.0460    188.988    186.490    36.0178    36.0123    23.0692    23.0655    1543.03    1543.02          1 0.0000e+00
         37  69.379517      2.000      1.976    28.2735    28.2704   5.797202   5.796305     2.6087     3.0714   -0.00312    0.00541    89.3550     0.1129     0.0460    188.328    186.437    36.0165    36.0126    23.0694    23.0676    1543.03    1543.02         30 0.0000e+00
       1025  69.379997      3.000      2.989    28.2840    28.2837   5.798557   5.797858     2.6192     3.0744   -0.00103    0.00116    89.3851     0.1040     0.0453    189.254    186.643    36.0177    36.0130    23.0670    23.0636    1543.08    1543.07         61 0.0000e+00
       2639  69.380775      4.000      3.978    28.2997    28.3004   5.800334   5.799766     2.6281     3.0783    0.00039    0.00160    89.4049     0.1103     0.0445    190.027    186.909    36.0179    36.0134    23.0620    23.0584    1543.13    1543.12        106 0.0000e+00
       2755  69.380829      5.000      4.970    28.2927    28.2919   5.799666   5.798939     2.6266     3.0730   -0.00119   -0.00553    89.4002     0.1179     0.0455    189.936    186.562    36.0182    36.0137    23.0646    23.0615    1543.13    1543.12         49 0.0000e+00
       2838  69.380867      6.000      5.966    28.3005    28.3004   5.800520   5.799914     2.6332     3.0746   -0.00031    0.00270    89.4068     0.1182     0.0449    190.523    186.680    36.0180    36.0137    23.0620    23.0588    1543.16    1543.16         65 0.0000e+00
       2893  69.380898      7.000      6.965    28.3088    28.3095   5.801428   5.800874     2.6390     3.0681    0.00091   -0.00119    89.3938     0.1191     0.0439    191.043    186.203    36.0177    36.0133    23.0590    23.0556    1543.20    1543.19         38 0.0000e+00
       2968  69.380936      8.000      7.955    28.3095    28.3094   5.801530   5.800894     2.6413     3.0725    0.00286    0.00034    89.3970     0.1130     0.0447    191.270    186.544    36.0176    36.0132    23.0588    23.0556    1543.22    1543.21        102 0.0000e+00
       3033  69.380966      9.000      8.943    28.3121    28.3129   5.801873   5.801339     2.6419     3.0608   -0.00089   -0.00186    89.4021     0.0962     0.0434    191.340    185.702    36.0177    36.0134    23.0581    23.0546    1543.24    1543.24         30 0.0000e+00
       3059  69.380974     10.000      9.949    28.3136    28.3141   5.802098   5.801516     2.6440     3.0717   -0.00012   -0.00785    89.3498     0.1076     0.0440    191.542    186.522    36.0178    36.0134    23.0578    23.0543    1543.26    1543.25         29 0.0000e+00
       3128  69.381012     11.000     10.938    28.3108    28.3103   5.801816   5.801133     2.6412     3.0711    0.00104   -0.00217    89.3853     0.1135     0.0439    191.326    186.505    36.0177    36.0132    23.0588    23.0555    1543.27    1543.26         66 0.0000e+00
       3209  69.381050     12.000     11.923    28.3125    28.3122   5.802063   5.801427     2.6378     3.0658    0.00153   -0.00623    89.3971     0.1149     0.0444    191.044    186.138    36.0178    36.0136    23.0583    23.0553    1543.29    1543.28         25 0.0000e+00
       3227  69.381058     13.000     12.925    28.3123    28.3120   5.802106   5.801443     2.6374     3.0664   -0.00320    0.00136    89.3712     0.1128     0.0437    191.029    186.202    36.0179    36.0135    23.0586    23.0554    1543.31    1543.30         19 0.0000e+00
       3246  69.381065     14.000     13.923    28.3128    28.3127   5.802204   5.801583     2.6381     3.0676   -0.00496    0.00136    89.3518     0.0982     0.0442    191.113    186.310    36.0180    36.0136    23.0585    23.0553    1543.32    1543.32         19 0.0000e+00
       3265  69.381073     15.000     14.921    28.3152    28.3152   5.802507   5.801877     2.6416     3.0721   -0.00118    0.00060    89.3993     0.1046     0.0465    191.436    186.658    36.0179    36.0136    23.0578    23.0545    1543.35    1543.34         20 0.0000e+00
       3292  69.381088     16.000     15.920    28.3160    28.3156   5.802621   5.801959     2.6414     3.0684    0.00013    0.00126    89.3956     0.1127     0.0467    191.442    186.409    36.0178    36.0135    23.0575    23.0544    1543.36    1543.36         40 0.0000e+00
       3368  69.381126     17.000     16.896    28.3162    28.3158   5.802678   5.802012     2.6402     3.0618    0.00203   -0.00285    89.4010     0.1168     0.0450    191.354    185.946    36.0178    36.0134    23.0575    23.0543    1543.38    1543.38         72 0.0000e+00
       3399  69.381142     18.000     17.886    28.3165    28.3161   5.802768   5.802115     2.6350     3.0658    0.00104   -0.00047    89.3939     0.1140     0.0424    190.917    186.261    36.0178    36.0136    23.0575    23.0544    1543.40    1543.39         19 0.0000e+00
       3414  69.381149     19.000     18.879    28.3165    28.3161   5.802813   5.802171     2.6360     3.0703   -0.00421    0.00522    89.3635     0.1105     0.0413    191.026    186.611    36.0179    36.0137    23.0577    23.0546    1543.42    1543.41         14 0.0000e+00
       3428  69.381157     20.000     19.897    28.3170    28.3167   5.802937   5.802299     2.6375     3.0709   -0.00595    0.00118    89.3607     0.1051     0.0399    191.183    186.675    36.0181    36.0139    23.0577    23.0546    1543.43    1543.43         15 0.0000e+00
       3443  69.381165     21.000     20.891    28.3173    28.3169   5.803020   5.802361     2.6379     3.0702   -0.00375   -0.00269    89.3762     0.0947     0.0400    191.242    186.644    36.0181    36.0138    23.0577    23.0546    1543.45    1543.45         15 0.0000e+00
       3465  69.381172     22.000     21.904    28.3175    28.3169   5.803056   5.802381     2.6395     3.0670    0.00005    0.00362    89.3869     0.1099     0.0417    191.402    186.436    36.0179    36.0137    23.0576    23.0546    1543.47    1543.46         31 0.0000e+00
       3569  69.381226     23.000     22.855    28.3167    28.3162   5.803079   5.802411     2.6362     3.0628    0.00007   -0.00877    89.4027     0.1205     0.0427    191.133    186.150    36.0184    36.0141    23.0583    23.0552    1543.48    1543.48         25 0.0000e+00
       3582  69.381226     24.000     23.873    28.3159    28.3155   5.803124   5.802443     2.6400     3.0654   -0.00369    0.00117    89.3929     0.1066     0.0426    191.503    186.359    36.0190    36.0146    23.0590    23.0559    1543.50    1543.49         19 0.0000e+00
       3604  69.381241     25.000     24.873    28.3159    28.3155   5.803146   5.802492     2.6400     3.0631   -0.00172    0.00448    89.3801     0.0989     0.0426    191.524    186.219    36.0189    36.0146    23.0590    23.0559    1543.52    1543.51         29 0.0000e+00
       3661  69.381264     26.000     25.849    28.3160    28.3155   5.803180   5.802545     2.6413     3.0578    0.00225   -0.00103    89.3689     0.1132     0.0430    191.663    185.846    36.0187    36.0146    23.0589    23.0560    1543.53    1543.53         67 0.0000e+00
       3701  69.381287     27.000     26.842    28.3146    28.3141   5.803302   5.802637     2.6377     3.0604    0.00140   -0.00268    89.3758     0.1106     0.0427    191.365    186.065    36.0204    36.0160    23.0608    23.0577    1543.55    1543.54         24 0.0000e+00
       3722  69.381294     28.000     27.845    28.3121    28.3116   5.803219   5.802557     2.6370     3.0592   -0.00174   -0.00174    89.3712     0.1079     0.0485    191.333    186.002    36.0213    36.0171    23.0624    23.0594    1543.56    1543.56         22 0.0000e+00
       3746  69.381310     29.000     28.841    28.3093    28.3089   5.803102   5.802454     2.6377     3.0607   -0.00177   -0.00026    89.3774     0.1077     0.0474    191.418    186.145    36.0224    36.0181    23.0642    23.0611    1543.57    1543.57         25 0.0000e+00
       3774  69.381325     30.000     29.836    28.3032    28.3035   5.802731   5.802113     2.6435     3.0644   -0.00115    0.00111    89.3673     0.1156     0.0464    191.984    186.452    36.0241    36.0195    23.0676    23.0640    1543.58    1543.58         32 0.0000e+00
       3810  69.381340     31.000     30.825    28.2902    28.2914   5.801939   5.801327     2.6442     3.0678    0.00183    0.00273    89.3613     0.1164     0.0450    192.104    186.748    36.0282    36.0230    23.0750    23.0707    1543.57    1543.57         39 0.0000e+00
       3846  69.381355     32.000     31.817    28.2795    28.2803   5.801283   5.800683     2.6410     3.0652    0.00388   -0.00074    89.3670     0.1058     0.0456    191.866    186.605    36.0315    36.0266    23.0811    23.0772    1543.57    1543.57         29 0.0000e+00
       3871  69.381371     33.000     32.815    28.2490    28.2508   5.799269   5.798660     2.6448     3.0587   -0.00060    0.00501    89.2835     0.1201     0.0475    192.311    186.223    36.0403    36.0346    23.0979    23.0930    1543.53    1543.53         25 0.0000e+00
       3898  69.381378     34.000     33.813    28.1902    28.1909   5.795134   5.794281     2.6529     3.0655   -0.00228   -0.00173    89.2838     0.1406     0.0508    193.213    186.893    36.0558    36.0494    23.1290    23.1239    1543.43    1543.43         30 0.0000e+00
       3932  69.381401     35.000     34.803    27.9045    27.9012   5.769233   5.766832     2.6705     3.0900    0.00342   -0.00414    89.1502     0.1907     0.0586    195.643    189.493    36.0920    36.0777    23.2500    23.2403    1542.86    1542.84         36 0.0000e+00
       3964  69.381416     36.000     35.792    27.4159    27.4231   5.719072   5.718065     2.6883     3.1162    0.00837    0.00891    88.9741     0.2403     0.0704    198.761    192.781    36.1126    36.0999    23.4248    23.4128    1541.81    1541.82         28 0.0000e+00
       3989  69.381424     37.000     36.792    27.2261    27.2247   5.697474   5.696143     2.6972     3.1309    0.01300    0.01808    89.0268     0.2499     0.0806    200.190    194.475    36.1052    36.0968    23.4806    23.4747    1541.40    1541.38         24 0.0000e+00
       4016  69.381439     38.000     37.793    27.1977    27.2089   5.693933   5.694418     2.6994     3.1354    0.01325    0.01896    89.0426     0.2625     0.0860    200.517    194.883    36.1016    36.0964    23.4870    23.4795    1541.35    1541.37         33 0.0000e+00
       4064  69.381462     39.000     38.780    27.1658    27.1673   5.690295   5.689466     2.6925     3.1304    0.00477    0.00862    89.0327     0.2731     0.0905    200.012    194.657    36.1000    36.0929    23.4962    23.4904    1541.29    1541.28         59 0.0000e+00
       4110  69.381485     40.000     39.767    26.8789    26.8782   5.658202   5.656720     2.6915     3.1232   -0.00368   -0.00022    88.9576     0.3170     0.0967    200.857    194.998    36.0924    36.0824    23.5825    23.5752    1540.65    1540.64         31 0.0000e+00
       4138  69.381500     41.000     40.772    26.6768    26.6783   5.636203   5.635329     2.6987     3.1246   -0.00430   -0.00961    88.9247     0.3308     0.1042    202.194    195.710    36.0912    36.0837    23.6461    23.6401    1540.20    1540.20         29 0.0000e+00
       4176  69.381516     42.000     41.765    26.5989    26.6103   5.627564   5.627855     2.6944     3.1264    0.00373   -0.00032    88.9580     0.3335     0.1053    202.068    196.074    36.0894    36.0825    23.6696    23.6608    1540.04    1540.06         44 0.0000e+00
       4214  69.381531     43.000     42.756    26.3801    26.3912   5.602746   5.602494     2.6854     3.1237    0.00133    0.00432    89.0167     0.3515     0.1080    201.981    196.557    36.0805    36.0700    23.7323    23.7208    1539.54    1539.56         28 0.0000e+00
       4238  69.381546     44.000     43.743    26.1247    26.1192   5.574205   5.571473     2.6814     3.1139   -0.00405   -0.00206    89.0047     0.3502     0.1092    202.468    196.661    36.0729    36.0574    23.8071    23.7970    1538.96    1538.93         24 0.0000e+00
       4260  69.381554     45.000     44.748    25.9156    25.9097   5.550933   5.548875     2.6828     3.1212   -0.00506   -0.00196    88.9536     0.3432     0.1142    203.306    197.876    36.0673    36.0568    23.8683    23.8623    1538.48    1538.46         22 0.0000e+00
       4285  69.381569     46.000     45.747    25.8284    25.8311   5.541011   5.540380     2.6839     3.1252   -0.00552   -0.00544    88.8643     0.4070     0.1231    203.721    198.441    36.0630    36.0562    23.8924    23.8864    1538.29    1538.29         31 0.0000e+00
       4327  69.381592     47.000     46.735    25.7795    25.7837   5.535780   5.535316     2.6820     3.1195    0.00043    0.00342    88.8809     0.4359     0.1292    203.732    198.169    36.0630    36.0562    23.9077    23.9013    1538.19    1538.20         50 0.0000e+00
       4377  69.381615     48.000     47.726    25.6442    25.6496   5.520649   5.519992     2.6753     3.1081   -0.00071   -0.00249    88.8582     0.4353     0.1315    203.572    197.743    36.0584    36.0493    23.9463    23.9377    1537.89    1537.89         47 0.0000e+00
       4414  69.381630     49.000     48.722    25.4175    25.4187   5.495136   5.494132     2.6710     3.1038   -0.00281   -0.00887    88.8306     0.4555     0.1343    203.954    198.148    36.0495    36.0411    24.0098    24.0031    1537.36    1537.35         28 0.0000e+00
       4439  69.381645     50.000     49.713    25.3517    25.3503   5.488805   5.487697     2.6675     3.1030   -0.00411   -0.00105    88.8430     0.4477     0.1375    203.855    198.310    36.0546    36.0475    24.0340    24.0291    1537.22    1537.21         23 0.0000e+00
       4461  69.381653     51.000     50.716    25.2844    25.2825   5.481917   5.480644     2.6641     3.1015   -0.00302   -0.00265    88.8390     0.4745     0.1415    203.782    198.421    36.0568    36.0489    24.0564    24.0510    1537.08    1537.07         23 0.0000e+00
       4486  69.381668     52.000     51.705    25.2432    25.2426   5.477649   5.476750     2.6577     3.0934   -0.00263   -0.00306    88.7798     0.5051     0.1486    203.336    197.938    36.0576    36.0515    24.0698    24.0653    1537.00    1536.99         27 0.0000e+00
       4514  69.381676     53.000     52.703    25.1325    25.1248   5.465539   5.463388     2.6386     3.0713   -0.00372   -0.00032    88.7802     0.5377     0.1585    201.926    196.623    36.0555    36.0457    24.1022    24.0971    1536.75    1536.72         27 0.0000e+00
       4540  69.381691     54.000     53.692    24.6377    24.6219   5.409524   5.404509     2.6007     3.0227   -0.00521   -0.00667    88.6160     0.5957     0.1783    200.005    194.455    36.0324    36.0075    24.2352    24.2211    1535.55    1535.48         25 0.0000e+00
       4565  69.381706     55.000     54.689    23.7965    23.7745   5.314077   5.307103     2.5688     2.9840   -0.01323   -0.01493    88.4212     0.6953     0.2057    199.792    194.111    35.9883    35.9531    24.4532    24.4330    1533.45    1533.36         25 0.0000e+00
       4596  69.381721     56.000     55.685    23.2337    23.2391   5.252709   5.251465     2.5536     2.9619   -0.03084   -0.03851    87.6079     0.8049     0.2289    200.236    194.039    35.9758    35.9618    24.6093    24.5971    1532.04    1532.04         39 0.0000e+00
       4637  69.381737     57.000     56.673    23.1451    23.1249   5.242140   5.238756     2.5337     2.9415   -0.02226   -0.02988    88.0580     0.9240     0.2398    198.625    192.798    35.9664    35.9567    24.6281    24.6266    1531.83    1531.77         37 0.0000e+00
