data-processing/CTD/data/cnv/dres004.cnv
* Sea-Bird SBE 9 Data File:
* FileName = C:\SEASOFT\PIRATA-FR32\data\fr32004.hex
* Software Version Seasave V 7.26.7.107
* Temperature SN = 6083
* Conductivity SN = 4509
* Number of Bytes Per Scan = 42
* Number of Voltage Words = 3
* Number of Scans Averaged by the Deck Unit = 1
* NMEA Latitude = 08 00.05 N
* NMEA Longitude = 018 51.14 W
* NMEA UTC (Time) = Mar 05 2022 04:57:11
** Cruise: PIRATA-FR32
** Ship: THALASSA
** Station: 004
** Bottom Depth: 4318
** Barometric pressure : 1007
** Temp Air: 25.1
** Operator: AMGE
** Comments:
# nquan = 25
# nvalues = 502                         
# units = specified
# name 0 = scan: Scan Count
# name 1 = timeJ: Julian Days
# name 2 = prDM: Pressure, Digiquartz [db]
# name 3 = depSM: Depth [salt water, m]
# name 4 = t090C: Temperature [ITS-90, deg C]
# name 5 = t190C: Temperature, 2 [ITS-90, deg C]
# name 6 = c0S/m: Conductivity [S/m]
# name 7 = c1S/m: Conductivity, 2 [S/m]
# name 8 = sbeox0V: Oxygen raw, SBE 43 [V]
# name 9 = sbeox1V: Oxygen raw, SBE 43, 2 [V]
# name 10 = sbox0dV/dT: Oxygen, SBE 43 [dov/dt]
# name 11 = sbox1dV/dT: Oxygen, SBE 43, 2 [dov/dt]
# name 12 = CStarTr0: Beam Transmission, WET Labs C-Star [%]
# name 13 = flECO-AFL: Fluorescence, WET Labs ECO-AFL/FL [mg/m^3]
# name 14 = flC: Fluorescence, Chelsea Aqua 3 Chl Con [ug/l]
# name 15 = sbox0Mm/Kg: Oxygen, SBE 43 [umol/kg], WS = 2
# name 16 = sbox1Mm/Kg: Oxygen, SBE 43, 2 [umol/kg], WS = 2
# name 17 = sal00: Salinity, Practical [PSU]
# name 18 = sal11: Salinity, Practical, 2 [PSU]
# name 19 = sigma-é00: Density [sigma-theta, kg/m^3]
# name 20 = sigma-é11: Density, 2 [sigma-theta, kg/m^3]
# name 21 = svCM: Sound Velocity [Chen-Millero, m/s]
# name 22 = svCM1: Sound Velocity, 2 [Chen-Millero, m/s]
# name 23 = nbin: number of scans per bin
# name 24 = flag: flag
# span 0 =        -65,      22392       
# span 1 =  64.206345,  64.217176       
# span 2 =      2.000,    503.000       
# span 3 =      1.997,    499.613       
# span 4 =     8.4717,    25.8892       
# span 5 =     8.4706,    25.8888       
# span 6 =   3.676419,   5.507981       
# span 7 =   3.676057,   5.507305       
# span 8 =     0.8011,     2.6049       
# span 9 =     0.8841,     3.0258       
# span 10 =   -0.10283,    0.03326      
# span 11 =   -0.11392,    0.03545      
# span 12 =    86.6820,    89.9147      
# span 13 =     0.0490,     0.9893      
# span 14 =     0.0286,     0.3400      
# span 15 =     39.656,    195.919      
# span 16 =     38.356,    190.104      
# span 17 =    34.8803,    35.9278      
# span 18 =    34.8776,    35.9171      
# span 19 =    23.6572,    27.1192      
# span 20 =    23.6537,    27.1169      
# span 21 =    1492.36,    1537.90      
# span 22 =    1492.35,    1537.89      
# span 23 =         13,        103      
# span 24 = 0.0000e+00, 0.0000e+00      
# interval = decibars: 1                
# start_time = Mar 05 2022 04:57:11 [System UTC, first data scan.]
# bad_flag = -9.990e-29
*END*
[from data line 348]
      13212  64.212746    350.000    347.742    11.0364    11.0351   3.938034   3.937672     0.8346     0.9249   -0.00112   -0.00101    89.8039     0.0666     0.0428     42.983     41.662    35.1479    35.1455    26.8921    26.8904    1499.45    1499.45         26 0.0000e+00
      13234  64.212761    351.000    348.734    11.0295    11.0273   3.937673   3.937186     0.8316     0.9221   -0.00193   -0.00190    89.8047     0.0713     0.0426     42.614     41.377    35.1504    35.1476    26.8953    26.8935    1499.45    1499.44         20 0.0000e+00
      13254  64.212769    352.000    349.729    10.9984    10.9947   3.934774   3.933959     0.8283     0.9188   -0.00202   -0.00202    89.7834     0.0725     0.0427     42.225     41.064    35.1507    35.1461    26.9012    26.8983    1499.36    1499.34         18 0.0000e+00
      13271  64.212776    353.000    350.733    10.9511    10.9485   3.930019   3.929322     0.8254     0.9147   -0.00195   -0.00234    89.7980     0.0672     0.0420     41.894     40.688    35.1480    35.1436    26.9077    26.9047    1499.20    1499.19         18 0.0000e+00
      13291  64.212784    354.000    351.722    10.9325    10.9313   3.928204   3.927774     0.8225     0.9111   -0.00287   -0.00295    89.7979     0.0578     0.0425     41.541     40.328    35.1472    35.1441    26.9104    26.9082    1499.15    1499.15         21 0.0000e+00
      13315  64.212799    355.000    352.714    10.9253    10.9240   3.927451   3.927026     0.8198     0.9073   -0.00389   -0.00419    89.7995     0.0637     0.0430     41.208     39.944    35.1462    35.1432    26.9110    26.9088    1499.14    1499.14         28 0.0000e+00
      13348  64.212814    356.000    353.700    10.9157    10.9142   3.926480   3.926000     0.8175     0.9045   -0.00368   -0.00481    89.8134     0.0640     0.0420     40.923     39.659    35.1452    35.1419    26.9119    26.9096    1499.13    1499.12         35 0.0000e+00
      13377  64.212830    357.000    354.694    10.9055    10.9042   3.925452   3.925014     0.8158     0.9025   -0.00257   -0.00345    89.8142     0.0656     0.0419     40.729     39.466    35.1442    35.1411    26.9130    26.9108    1499.10    1499.10         25 0.0000e+00
      13401  64.212837    358.000    355.687    10.8952    10.8934   3.924437   3.923958     0.8145     0.9014   -0.00173   -0.00216    89.8046     0.0658     0.0428     40.576     39.358    35.1435    35.1404    26.9143    26.9123    1499.08    1499.07         23 0.0000e+00
      13423  64.212852    359.000    356.684    10.8846    10.8829   3.923401   3.922936     0.8130     0.8993   -0.00146   -0.00190    89.7993     0.0720     0.0426     40.386     39.155    35.1428    35.1398    26.9157    26.9137    1499.06    1499.05         22 0.0000e+00
      13447  64.212860    360.000    357.679    10.8721    10.8702   3.922132   3.921630     0.8121     0.8976   -0.00129   -0.00124    89.7956     0.0736     0.0418     40.288     38.993    35.1417    35.1385    26.9171    26.9150    1499.03    1499.02         26 0.0000e+00
      13475  64.212875    361.000    358.668    10.8554    10.8532   3.920343   3.919823     0.8111     0.8967   -0.00149   -0.00178    89.8045     0.0593     0.0413     40.178     38.920    35.1393    35.1362    26.9183    26.9162    1498.99    1498.98         29 0.0000e+00
      13502  64.212891    362.000    359.655    10.8264    10.8237   3.917259   3.916633     0.8101     0.8953   -0.00121   -0.00195    89.8218     0.0729     0.0413     40.085     38.799    35.1357    35.1320    26.9207    26.9183    1498.90    1498.89         25 0.0000e+00
      13525  64.212898    363.000    360.647    10.7923    10.7898   3.913741   3.913110     0.8095     0.8939   -0.00081   -0.00089    89.8147     0.0657     0.0413     40.041     38.686    35.1326    35.1287    26.9244    26.9218    1498.79    1498.78         21 0.0000e+00
      13544  64.212906    364.000    361.640    10.7552    10.7507   3.909734   3.908700     0.8088     0.8926   -0.00077   -0.00099    89.8217     0.0656     0.0413     39.993     38.592    35.1276    35.1216    26.9271    26.9232    1498.67    1498.65         18 0.0000e+00
      13562  64.212914    365.000    362.645    10.7034    10.7028   3.904419   3.903983     0.8092     0.8923   -0.00087   -0.00119    89.8000     0.0663     0.0409     40.105     38.609    35.1235    35.1197    26.9332    26.9303    1498.50    1498.49         18 0.0000e+00
      13583  64.212929    366.000    363.639    10.7006    10.7005   3.904133   3.903832     0.8096     0.8932   -0.00077   -0.00146    89.7532     0.0723     0.0409     40.159     38.714    35.1228    35.1199    26.9331    26.9309    1498.51    1498.50         24 0.0000e+00
      13615  64.212944    367.000    364.624    10.6994    10.6983   3.903993   3.903593     0.8101     0.8948   -0.00016   -0.00092    89.8082     0.0663     0.0423     40.235     38.889    35.1222    35.1191    26.9329    26.9307    1498.52    1498.51         40 0.0000e+00
      13654  64.212959    368.000    365.608    10.6981    10.6970   3.903890   3.903500     0.8105     0.8950    0.00045    0.00123    89.8254     0.0654     0.0439     40.291     38.914    35.1218    35.1190    26.9329    26.9309    1498.53    1498.52         35 0.0000e+00
      13681  64.212975    369.000    366.601    10.6929    10.6909   3.903333   3.902816     0.8105     0.8948    0.00046    0.00086    89.8125     0.0693     0.0429     40.305     38.909    35.1208    35.1175    26.9331    26.9309    1498.53    1498.52         21 0.0000e+00
      13701  64.212982    370.000    367.599    10.6771    10.6748   3.901629   3.901004     0.8107     0.8949    0.00027    0.00015    89.8140     0.0695     0.0420     40.345     38.935    35.1184    35.1144    26.9340    26.9313    1498.48    1498.47         18 0.0000e+00
      13718  64.212990    371.000    368.597    10.6317    10.6284   3.896822   3.896041     0.8111     0.8952    0.00005   -0.00009    89.8243     0.0656     0.0424     40.447     39.020    35.1132    35.1085    26.9381    26.9349    1498.33    1498.32         17 0.0000e+00
      13735  64.212997    372.000    369.586    10.6184    10.6180   3.895840   3.895573     0.8118     0.8963   -0.00008   -0.00014    89.8255     0.0729     0.0420     40.556     39.150    35.1156    35.1133    26.9423    26.9406    1498.31    1498.30         16 0.0000e+00
      13752  64.213013    373.000    370.580    10.6342    10.6333   3.898034   3.897751     0.8127     0.8974    0.00018   -0.00008    89.8272     0.0681     0.0424     40.662     39.248    35.1220    35.1201    26.9445    26.9432    1498.39    1498.38         19 0.0000e+00
      13774  64.213020    374.000    371.577    10.6436    10.6432   3.899502   3.899306     0.8129     0.8974    0.00042    0.00038    89.8256     0.0663     0.0426     40.674     39.252    35.1273    35.1258    26.9470    26.9459    1498.44    1498.44         25 0.0000e+00
      13802  64.213036    375.000    372.565    10.6496    10.6471   3.900725   3.900177     0.8117     0.8971    0.00099    0.00128    89.8140     0.0683     0.0438     40.517     39.216    35.1335    35.1303    26.9508    26.9488    1498.49    1498.48         32 0.0000e+00
      13836  64.213051    376.000    373.557    10.6059    10.6022   3.896248   3.895444     0.8100     0.8952    0.00011    0.00032    89.8182     0.0630     0.0454     40.346     39.056    35.1300    35.1254    26.9558    26.9528    1498.35    1498.33         38 0.0000e+00
      13875  64.213066    377.000    374.548    10.5649    10.5625   3.891939   3.891344     0.8086     0.8936   -0.00122   -0.00091    89.8300     0.0663     0.0434     40.204     38.932    35.1255    35.1218    26.9596    26.9571    1498.21    1498.20         35 0.0000e+00
      13906  64.213081    378.000    375.538    10.5425    10.5402   3.889539   3.888939     0.8073     0.8922   -0.00104   -0.00132    89.8156     0.0714     0.0425     40.067     38.807    35.1224    35.1185    26.9611    26.9585    1498.15    1498.13         27 0.0000e+00
      13927  64.213097    379.000    376.525    10.5115    10.5087   3.886228   3.885519     0.8066     0.8915   -0.00086   -0.00086    89.8152     0.0818     0.0420     40.002     38.768    35.1184    35.1139    26.9634    26.9604    1498.05    1498.03         18 0.0000e+00
      13945  64.213104    380.000    377.521    10.4777    10.4751   3.882574   3.881848     0.8060     0.8904   -0.00092   -0.00097    89.8061     0.0726     0.0420     39.967     38.683    35.1136    35.1087    26.9657    26.9623    1497.94    1497.92         16 0.0000e+00
      13959  64.213112    381.000    378.518    10.4446    10.4412   3.878972   3.878101     0.8053     0.8897   -0.00085   -0.00109    89.8250     0.0709     0.0420     39.913     38.651    35.1086    35.1030    26.9676    26.9638    1497.83    1497.81         14 0.0000e+00
      13975  64.213120    382.000    379.530    10.4080    10.4060   3.875166   3.874488     0.8049     0.8888   -0.00080   -0.00104    89.8201     0.0660     0.0429     39.894     38.588    35.1048    35.0999    26.9711    26.9676    1497.71    1497.70         17 0.0000e+00
      13995  64.213127    383.000    380.509    10.3726    10.3696   3.871352   3.870645     0.8043     0.8879   -0.00096   -0.00103    89.8186     0.0595     0.0427     39.864     38.532    35.0999    35.0956    26.9735    26.9706    1497.60    1497.58         24 0.0000e+00
      14023  64.213142    384.000    381.495    10.3402    10.3354   3.867965   3.867138     0.8036     0.8871   -0.00085   -0.00132    89.8278     0.0759     0.0417     39.807     38.483    35.0964    35.0926    26.9763    26.9742    1497.49    1497.47         31 0.0000e+00
      14055  64.213158    385.000    382.489    10.3219    10.3195   3.866041   3.865473     0.8030     0.8858   -0.00073   -0.00106    89.8207     0.0815     0.0418     39.744     38.362    35.0940    35.0906    26.9777    26.9754    1497.44    1497.43         34 0.0000e+00
      14087  64.213173    386.000    383.481    10.3132    10.3104   3.865128   3.864536     0.8023     0.8856   -0.00047   -0.00081    89.8216     0.0816     0.0413     39.661     38.356    35.0928    35.0894    26.9783    26.9761    1497.43    1497.41         28 0.0000e+00
      14113  64.213181    387.000    384.475    10.2812    10.2776   3.861605   3.860783     0.8020     0.8858   -0.00053   -0.00095    89.8179     0.0813     0.0431     39.662     38.409    35.0874    35.0826    26.9797    26.9765    1497.32    1497.30         25 0.0000e+00
      14138  64.213196    388.000    385.453    10.2269    10.2251   3.856097   3.855562     0.8018     0.8857   -0.00061   -0.00012    89.8256     0.0791     0.0441     39.689     38.451    35.0835    35.0798    26.9860    26.9834    1497.14    1497.13         22 0.0000e+00
      14157  64.213203    389.000    386.470    10.2189    10.2172   3.855275   3.854769     0.8014     0.8852   -0.00034    0.00002    89.8272     0.0645     0.0442     39.656     38.410    35.0824    35.0788    26.9866    26.9841    1497.13    1497.12         20 0.0000e+00
      14177  64.213211    390.000    387.453    10.2059    10.2041   3.853948   3.853412     0.8017     0.8852   -0.00022    0.00001    89.8284     0.0766     0.0419     39.709     38.428    35.0809    35.0772    26.9877    26.9851    1497.10    1497.08         19 0.0000e+00
      14198  64.213226    391.000    388.450    10.1920    10.1907   3.852522   3.852082     0.8020     0.8852   -0.00032   -0.00011    89.8142     0.0764     0.0424     39.764     38.445    35.0795    35.0762    26.9890    26.9867    1497.06    1497.05         24 0.0000e+00
      14225  64.213234    392.000    389.439    10.1871    10.1860   3.852081   3.851697     0.8018     0.8852   -0.00007   -0.00033    89.8219     0.0744     0.0434     39.756     38.454    35.0792    35.0763    26.9897    26.9876    1497.06    1497.05         31 0.0000e+00
      14261  64.213257    393.000    390.431    10.1843    10.1832   3.851822   3.851432     0.8018     0.8850    0.00017    0.00014    89.8187     0.0737     0.0426     39.752     38.444    35.0788    35.0759    26.9898    26.9878    1497.07    1497.06         39 0.0000e+00
      14297  64.213272    394.000    391.414    10.1738    10.1723   3.850779   3.850354     0.8014     0.8841   -0.00010    0.00001    89.8297     0.0798     0.0426     39.715     38.364    35.0780    35.0750    26.9910    26.9890    1497.04    1497.03         29 0.0000e+00
      14321  64.213280    395.000    392.410    10.1681    10.1665   3.850256   3.849813     0.8012     0.8845    0.00003   -0.00033    89.8284     0.0712     0.0416     39.702     38.409    35.0777    35.0747    26.9918    26.9897    1497.04    1497.03         22 0.0000e+00
      14339  64.213295    396.000    393.408    10.1571    10.1549   3.849150   3.848583     0.8012     0.8845   -0.00028   -0.00061    89.8206     0.0669     0.0419     39.721     38.433    35.0766    35.0729    26.9928    26.9904    1497.01    1497.00         15 0.0000e+00
      14355  64.213303    397.000    394.391    10.1375    10.1354   3.847074   3.846518     0.8011     0.8848   -0.00036   -0.00061    89.8255     0.0661     0.0416     39.734     38.488    35.0739    35.0703    26.9942    26.9917    1496.96    1496.95         16 0.0000e+00
      14370  64.213310    398.000    395.407    10.1256    10.1238   3.845839   3.845356     0.8015     0.8852   -0.00016   -0.00003    89.8255     0.0644     0.0406     39.801     38.543    35.0725    35.0693    26.9951    26.9929    1496.93    1496.92         16 0.0000e+00
      14388  64.213318    399.000    396.392    10.1193    10.1182   3.845186   3.844791     0.8019     0.8852   -0.00011    0.00029    89.8166     0.0659     0.0403     39.867     38.552    35.0714    35.0685    26.9954    26.9933    1496.92    1496.91         20 0.0000e+00
      14412  64.213326    400.000    397.374    10.0946    10.0903   3.842451   3.841643     0.8024     0.8852    0.00003    0.00015    89.8157     0.0771     0.0417     39.952     38.585    35.0670    35.0629    26.9962    26.9937    1496.84    1496.82         28 0.0000e+00
      14441  64.213341    401.000    398.376    10.0611    10.0597   3.839104   3.838679     0.8029     0.8854    0.00044    0.00036    89.8357     0.0683     0.0419     40.063     38.637    35.0648    35.0618    27.0002    26.9981    1496.74    1496.73         30 0.0000e+00
      14472  64.213356    402.000    399.363    10.0589    10.0577   3.838939   3.838545     0.8035     0.8864    0.00045    0.00011    89.8300     0.0720     0.0418     40.143     38.756    35.0648    35.0619    27.0006    26.9986    1496.75    1496.74         30 0.0000e+00
      14501  64.213371    403.000    400.357    10.0588    10.0575   3.839025   3.838638     0.8031     0.8864    0.00055    0.00027    89.8293     0.0776     0.0408     40.100     38.761    35.0653    35.0626    27.0011    26.9991    1496.76    1496.76         28 0.0000e+00
      14530  64.213387    404.000    401.344    10.0593    10.0580   3.839303   3.838939     0.8025     0.8864    0.00027    0.00064    89.8284     0.0646     0.0428     40.022     38.766    35.0672    35.0647    27.0025    27.0008    1496.78    1496.78         30 0.0000e+00
      14559  64.213394    405.000    402.337    10.0504    10.0479   3.838472   3.837876     0.8023     0.8857   -0.00021    0.00006    89.8284     0.0656     0.0426     40.014     38.702    35.0668    35.0632    27.0037    27.0013    1496.77    1496.76         29 0.0000e+00
      14588  64.213409    406.000    403.333    10.0158    10.0133   3.834707   3.834120     0.8024     0.8852   -0.00046   -0.00014    89.8284     0.0727     0.0422     40.059     38.690    35.0615    35.0579    27.0055    27.0031    1496.65    1496.64         28 0.0000e+00
