data-processing/CTD/data/cnv/dres016.cnv
* Sea-Bird SBE 9 Data File:
* FileName = C:\SEASOFT\PIRATA-FR32\data\fr32016.hex
* Software Version Seasave V 7.26.7.107
* Temperature SN = 6083
* Conductivity SN = 4509
* Number of Bytes Per Scan = 42
* Number of Voltage Words = 3
* Number of Scans Averaged by the Deck Unit = 1
* NMEA Latitude = 03 59.85 S
* NMEA Longitude = 010 00.12 W
* NMEA UTC (Time) = Mar 10 2022 01:27:56
** Cruise: PIRATA-FR32
** Ship: THALASSA
** Station: 016
** Bottom Depth: 3584
** Barometric pressure : 1006.4
** Temp Air: 28.1
** Operator: SCP
** Comments:
# nquan = 25
# nvalues = 536                         
# units = specified
# name 0 = scan: Scan Count
# name 1 = timeJ: Julian Days
# name 2 = prDM: Pressure, Digiquartz [db]
# name 3 = depSM: Depth [salt water, m]
# name 4 = t090C: Temperature [ITS-90, deg C]
# name 5 = t190C: Temperature, 2 [ITS-90, deg C]
# name 6 = c0S/m: Conductivity [S/m]
# name 7 = c1S/m: Conductivity, 2 [S/m]
# name 8 = sbeox0V: Oxygen raw, SBE 43 [V]
# name 9 = sbeox1V: Oxygen raw, SBE 43, 2 [V]
# name 10 = sbox0dV/dT: Oxygen, SBE 43 [dov/dt]
# name 11 = sbox1dV/dT: Oxygen, SBE 43, 2 [dov/dt]
# name 12 = CStarTr0: Beam Transmission, WET Labs C-Star [%]
# name 13 = flECO-AFL: Fluorescence, WET Labs ECO-AFL/FL [mg/m^3]
# name 14 = flC: Fluorescence, Chelsea Aqua 3 Chl Con [ug/l]
# name 15 = sbox0Mm/Kg: Oxygen, SBE 43 [umol/kg], WS = 2
# name 16 = sbox1Mm/Kg: Oxygen, SBE 43, 2 [umol/kg], WS = 2
# name 17 = sal00: Salinity, Practical [PSU]
# name 18 = sal11: Salinity, Practical, 2 [PSU]
# name 19 = sigma-é00: Density [sigma-theta, kg/m^3]
# name 20 = sigma-é11: Density, 2 [sigma-theta, kg/m^3]
# name 21 = svCM: Sound Velocity [Chen-Millero, m/s]
# name 22 = svCM1: Sound Velocity, 2 [Chen-Millero, m/s]
# name 23 = nbin: number of scans per bin
# name 24 = flag: flag
# span 0 =       -390,      34032       
# span 1 =  69.060888,  69.077489       
# span 2 =      3.000,    538.000       
# span 3 =      2.981,    534.338       
# span 4 =     7.2940,    28.7814       
# span 5 =     7.2959,    28.7809       
# span 6 =   3.547533,   5.780464       
# span 7 =   3.547459,   5.779828       
# span 8 =     1.0387,     2.7533       
# span 9 =     1.1682,     3.1823       
# span 10 =   -0.06102,    0.02374      
# span 11 =   -0.07241,    0.03000      
# span 12 =    87.5448,    90.0195      
# span 13 =     0.0480,     1.7555      
# span 14 =     0.0289,     0.3726      
# span 15 =     73.632,    207.100      
# span 16 =     71.519,    199.996      
# span 17 =    34.6481,    36.1194      
# span 18 =    34.6454,    36.1131      
# span 19 =    22.5220,    27.1078      
# span 20 =    22.5190,    27.1054      
# span 21 =    1488.20,    1543.86      
# span 22 =    1488.20,    1543.85      
# span 23 =         12,        113      
# span 24 = 0.0000e+00, 0.0000e+00      
# interval = decibars: 1                
# start_time = Mar 10 2022 01:27:57 [System UTC, first data scan.]
# bad_flag = -9.990e-29
*END*
[from data line 232]
      19856  69.070648    235.000    233.571    13.0566    13.0679   4.143786   4.144726     1.2369     1.4053   -0.00095   -0.00017    89.8404     0.0526     0.0345     89.276     86.681    35.2985    35.2970    26.6194    26.6160    1504.62    1504.66         76 0.0000e+00
      19918  69.070679    236.000    234.564    13.0387    13.0579   4.141882   4.143580     1.2360     1.4051    0.00012    0.00076    89.8010     0.0532     0.0342     89.213     86.693    35.2966    35.2950    26.6216    26.6164    1504.57    1504.64         42 0.0000e+00
      19948  69.070694    237.000    235.532    12.9420    12.9722   4.131248   4.133495     1.2344     1.4034   -0.00002    0.00036    89.8282     0.0497     0.0335     89.215     86.706    35.2848    35.2781    26.6318    26.6206    1504.26    1504.35         22 0.0000e+00
      19966  69.070702    238.000    236.551    12.9341    12.9328   4.130420   4.129896     1.2329     1.4018   -0.00042   -0.00048    89.8383     0.0483     0.0340     89.070     86.630    35.2838    35.2800    26.6327    26.6300    1504.24    1504.24         17 0.0000e+00
      19981  69.070709    239.000    237.529    12.9203    12.9178   4.128871   4.128141     1.2321     1.4009   -0.00113   -0.00123    89.8488     0.0485     0.0340     89.013     86.576    35.2815    35.2768    26.6337    26.6305    1504.21    1504.20         14 0.0000e+00
      19995  69.070717    240.000    238.538    12.8956    12.8936   4.126155   4.125353     1.2313     1.4004   -0.00128   -0.00133    89.8287     0.0539     0.0331     88.968     86.592    35.2781    35.2723    26.6360    26.6319    1504.14    1504.13         14 0.0000e+00
      20009  69.070724    241.000    239.535    12.8692    12.8668   4.123232   4.122425     1.2306     1.3986   -0.00129   -0.00113    89.8264     0.0567     0.0326     88.944     86.473    35.2743    35.2688    26.6384    26.6346    1504.07    1504.05         12 0.0000e+00
      20021  69.070732    242.000    240.524    12.8495    12.8469   4.121023   4.120267     1.2296     1.3975   -0.00150   -0.00167    89.8323     0.0568     0.0330     88.877     86.411    35.2711    35.2663    26.6399    26.6366    1504.01    1504.00         13 0.0000e+00
      20034  69.070740    243.000    241.515    12.8251    12.8210   4.118309   4.117224     1.2280     1.3952   -0.00150   -0.00189    89.8525     0.0576     0.0335     88.743     86.240    35.2675    35.2609    26.6419    26.6377    1503.94    1503.92         13 0.0000e+00
      20047  69.070747    244.000    242.502    12.7869    12.7844   4.114140   4.113302     1.2268     1.3928   -0.00143   -0.00136    89.8522     0.0597     0.0340     88.675     86.086    35.2627    35.2570    26.6459    26.6420    1503.83    1503.81         13 0.0000e+00
      20060  69.070747    245.000    243.534    12.7452    12.7398   4.109553   4.108122     1.2256     1.3917   -0.00143   -0.00156    89.8522     0.0641     0.0347     88.622     86.079    35.2572    35.2485    26.6499    26.6443    1503.70    1503.67         14 0.0000e+00
      20099  69.070770    246.000    244.515    12.7892    12.7951   4.114557   4.114933     1.2258     1.3933   -0.00187   -0.00240    89.7908     0.0579     0.0364     88.581     86.130    35.2637    35.2618    26.6463    26.6435    1503.87    1503.89         53 0.0000e+00
      20177  69.070808    247.000    245.484    12.8580    12.8802   4.122435   4.124262     1.2279     1.3937    0.00128    0.00175    89.5648     0.0587     0.0369     88.703     86.025    35.2746    35.2714    26.6410    26.6341    1504.13    1504.20         43 0.0000e+00
      20200  69.070816    248.000    246.475    12.7300    12.7698   4.107957   4.111039     1.2241     1.3886    0.00136    0.00127    89.7085     0.0507     0.0379     88.512     85.743    35.2548    35.2472    26.6511    26.6374    1503.69    1503.82         21 0.0000e+00
      20218  69.070824    249.000    247.459    12.6373    12.6363   4.098011   4.097306     1.2212     1.3864    0.00056   -0.00015    89.7899     0.0514     0.0383     88.347     85.784    35.2455    35.2396    26.6623    26.6579    1503.39    1503.38         17 0.0000e+00
      20234  69.070831    250.000    248.463    12.6179    12.6165   4.095838   4.095204     1.2189     1.3845   -0.00074   -0.00255    89.8185     0.0560     0.0381     88.111     85.644    35.2423    35.2375    26.6636    26.6602    1503.34    1503.32         15 0.0000e+00
      20248  69.070839    251.000    249.475    12.6030    12.6018   4.094205   4.093606     1.2173     1.3824   -0.00210   -0.00383    89.8282     0.0576     0.0374     87.963     85.476    35.2401    35.2355    26.6649    26.6616    1503.30    1503.29         14 0.0000e+00
      20263  69.070847    252.000    250.461    12.5959    12.5944   4.093393   4.092824     1.2160     1.3812   -0.00326   -0.00369    89.8284     0.0499     0.0367     87.823     85.377    35.2385    35.2344    26.6651    26.6623    1503.29    1503.28         16 0.0000e+00
      20280  69.070854    253.000    251.447    12.5862    12.5844   4.092288   4.091606     1.2159     1.3801   -0.00372   -0.00300    89.8284     0.0511     0.0357     87.843     85.299    35.2365    35.2316    26.6655    26.6621    1503.27    1503.26         17 0.0000e+00
      20298  69.070862    254.000    252.450    12.5698    12.5686   4.090500   4.089939     1.2166     1.3800   -0.00340   -0.00307    89.8272     0.0508     0.0355     87.973     85.331    35.2342    35.2299    26.6670    26.6639    1503.23    1503.22         19 0.0000e+00
      20320  69.070877    255.000    253.438    12.5685    12.5676   4.090402   4.089925     1.2171     1.3809   -0.00226   -0.00267    89.8214     0.0480     0.0342     88.052     85.431    35.2340    35.2303    26.6671    26.6644    1503.24    1503.23         24 0.0000e+00
      20344  69.070885    256.000    254.429    12.5682    12.5672   4.090401   4.089920     1.2173     1.3805   -0.00041   -0.00141    89.8235     0.0628     0.0335     88.081     85.406    35.2339    35.2302    26.6671    26.6644    1503.26    1503.25         24 0.0000e+00
      20366  69.070900    257.000    255.416    12.5664    12.5654   4.090255   4.089766     1.2169     1.3800    0.00082    0.00028    89.8216     0.0656     0.0347     88.048     85.364    35.2338    35.2300    26.6674    26.6646    1503.27    1503.26         21 0.0000e+00
      20387  69.070908    258.000    256.423    12.5639    12.5627   4.090024   4.089516     1.2162     1.3797    0.00041    0.00052    89.8250     0.0580     0.0347     87.980     85.352    35.2334    35.2297    26.6676    26.6650    1503.28    1503.27         21 0.0000e+00
      20410  69.070915    259.000    257.413    12.5610    12.5594   4.089727   4.089195     1.2161     1.3793    0.00006   -0.00042    89.8219     0.0501     0.0342     87.978     85.336    35.2328    35.2292    26.6678    26.6653    1503.28    1503.27         28 0.0000e+00
      20467  69.070946    260.000    258.404    12.5697    12.5899   4.090748   4.092706     1.2162     1.3786   -0.00035   -0.00043    89.8151     0.0484     0.0343     87.993     85.212    35.2341    35.2341    26.6671    26.6631    1503.33    1503.40         58 0.0000e+00
      20505  69.070961    261.000    259.386    12.5524    12.5610   4.088822   4.089246     1.2147     1.3792    0.00024   -0.00070    89.8090     0.0502     0.0345     87.852     85.343    35.2313    35.2273    26.6684    26.6635    1503.28    1503.31         21 0.0000e+00
      20523  69.070976    262.000    260.371    12.5268    12.5242   4.086110   4.085336     1.2141     1.3785   -0.00001    0.00002    89.8213     0.0483     0.0348     87.833     85.351    35.2287    35.2236    26.6713    26.6679    1503.21    1503.20         16 0.0000e+00
      20538  69.070984    263.000    261.384    12.5030    12.5002   4.083509   4.082652     1.2141     1.3779   -0.00033    0.00054    89.8252     0.0486     0.0340     87.898     85.347    35.2255    35.2198    26.6736    26.6697    1503.14    1503.13         15 0.0000e+00
      20552  69.070984    264.000    262.387    12.4630    12.4601   4.079106   4.078205     1.2168     1.3778   -0.00079    0.00049    89.8284     0.0489     0.0335     88.316     85.423    35.2200    35.2141    26.6772    26.6731    1503.02    1503.00         14 0.0000e+00
      20569  69.070999    265.000    263.373    12.4336    12.4314   4.075890   4.075197     1.2222     1.3820   -0.00114   -0.00003    89.8360     0.0529     0.0331     89.051     85.917    35.2161    35.2114    26.6799    26.6767    1502.93    1502.92         19 0.0000e+00
      20591  69.071007    266.000    264.366    12.4230    12.4217   4.074722   4.074183     1.2298     1.3920   -0.00052   -0.00087    89.8543     0.0560     0.0321     90.027     86.949    35.2143    35.2103    26.6806    26.6777    1502.91    1502.90         24 0.0000e+00
      20616  69.071014    267.000    265.353    12.4201    12.4189   4.074413   4.073895     1.2374     1.4028    0.00378    0.00094    89.8395     0.0535     0.0312     90.987     88.057    35.2136    35.2098    26.6806    26.6779    1502.92    1502.91         25 0.0000e+00
      20639  69.071030    268.000    266.335    12.4134    12.4119   4.073670   4.073104     1.2425     1.4087    0.00788    0.00756    89.8491     0.0643     0.0321     91.640     88.672    35.2123    35.2082    26.6810    26.6781    1502.91    1502.90         22 0.0000e+00
      20659  69.071037    269.000    267.349    12.4001    12.3978   4.072196   4.071518     1.2457     1.4117    0.00814    0.01100    89.8664     0.0505     0.0324     92.070     89.012    35.2101    35.2057    26.6819    26.6789    1502.88    1502.86         20 0.0000e+00
      20679  69.071045    270.000    268.346    12.3722    12.3694   4.069179   4.068408     1.2500     1.4158    0.00697    0.00967    89.8586     0.0604     0.0332     92.676     89.498    35.2066    35.2018    26.6847    26.6814    1502.80    1502.78         19 0.0000e+00
      20701  69.071060    271.000    269.334    12.3292    12.3251   4.064409   4.063418     1.2561     1.4230    0.00509    0.00595    89.8541     0.0614     0.0333     93.532     90.324    35.2003    35.1946    26.6881    26.6845    1502.66    1502.64         26 0.0000e+00
      20730  69.071075    272.000    270.315    12.2990    12.2977   4.061257   4.060732     1.2603     1.4312    0.00455    0.00429    89.8576     0.0573     0.0321     94.119     91.223    35.1978    35.1938    26.6921    26.6892    1502.57    1502.56         31 0.0000e+00
      20760  69.071091    273.000    271.319    12.2939    12.2926   4.060715   4.060230     1.2618     1.4351    0.00613    0.00718    89.8607     0.0523     0.0323     94.329     91.641    35.1969    35.1933    26.6924    26.6899    1502.57    1502.56         28 0.0000e+00
      20790  69.071098    274.000    272.300    12.2902    12.2889   4.060334   4.059860     1.2624     1.4347    0.00335    0.00678    89.8577     0.0507     0.0338     94.422     91.616    35.1962    35.1928    26.6926    26.6902    1502.57    1502.56         30 0.0000e+00
      20818  69.071114    275.000    273.308    12.2858    12.2845   4.059915   4.059429     1.2618     1.4350    0.00124    0.00290    89.8599     0.0630     0.0343     94.369     91.665    35.1958    35.1923    26.6932    26.6907    1502.57    1502.56         28 0.0000e+00
      20844  69.071129    276.000    274.286    12.2748    12.2730   4.058715   4.058127     1.2606     1.4340    0.00050   -0.00005    89.8568     0.0582     0.0342     94.256     91.597    35.1941    35.1901    26.6940    26.6912    1502.55    1502.54         26 0.0000e+00
      20868  69.071136    277.000    275.288    12.2579    12.2544   4.056850   4.056034     1.2587     1.4320   -0.00033    0.00015    89.8661     0.0648     0.0338     94.077     91.453    35.1915    35.1868    26.6953    26.6923    1502.51    1502.49         22 0.0000e+00
      20889  69.071152    278.000    276.270    12.2330    12.2313   4.054230   4.053627     1.2561     1.4302   -0.00071   -0.00024    89.8509     0.0589     0.0343     93.814     91.327    35.1890    35.1847    26.6982    26.6952    1502.44    1502.42         18 0.0000e+00
      20905  69.071159    279.000    277.263    12.2181    12.2164   4.052702   4.052102     1.2538     1.4283   -0.00119   -0.00107    89.8297     0.0566     0.0342     93.575     91.171    35.1877    35.1835    26.7001    26.6971    1502.40    1502.39         15 0.0000e+00
      20921  69.071167    280.000    278.272    12.2073    12.2057   4.051582   4.051016     1.2515     1.4261   -0.00158   -0.00161    89.8464     0.0513     0.0347     93.317     90.990    35.1866    35.1825    26.7013    26.6985    1502.38    1502.37         16 0.0000e+00
      20938  69.071175    281.000    279.274    12.1993    12.1977   4.050733   4.050172     1.2481     1.4225   -0.00237   -0.00208    89.8520     0.0531     0.0347     92.929     90.649    35.1854    35.1815    26.7019    26.6992    1502.37    1502.36         21 0.0000e+00
      20967  69.071190    282.000    280.254    12.1880    12.1859   4.049536   4.048939     1.2409     1.4136   -0.00336   -0.00271    89.8495     0.0515     0.0335     92.073     89.786    35.1840    35.1801    26.7031    26.7005    1502.34    1502.33         35 0.0000e+00
      21001  69.071205    283.000    281.239    12.1649    12.1634   4.047067   4.046494     1.2314     1.4018   -0.00454   -0.00494    89.8407     0.0557     0.0339     90.944     88.645    35.1812    35.1771    26.7054    26.7025    1502.28    1502.27         30 0.0000e+00
      21026  69.071213    284.000    282.235    12.1358    12.1340   4.043964   4.043332     1.2242     1.3924   -0.00597   -0.00744    89.8532     0.0572     0.0345     90.117     87.760    35.1780    35.1735    26.7085    26.7054    1502.19    1502.18         23 0.0000e+00
      21049  69.071228    285.000    283.235    12.1225    12.1208   4.042550   4.041965     1.2188     1.3863   -0.00661   -0.00813    89.8522     0.0500     0.0344     89.482     87.179    35.1763    35.1722    26.7098    26.7070    1502.16    1502.15         23 0.0000e+00
      21074  69.071236    286.000    284.231    12.0993    12.0967   4.040011   4.039312     1.2137     1.3802   -0.00692   -0.00889    89.8531     0.0549     0.0344     88.909     86.612    35.1730    35.1686    26.7117    26.7088    1502.09    1502.08         27 0.0000e+00
      21101  69.071251    287.000    285.214    12.0686    12.0667   4.036727   4.036079     1.2093     1.3748   -0.00620   -0.00748    89.8503     0.0575     0.0341     88.429     86.140    35.1694    35.1650    26.7149    26.7118    1502.00    1501.99         26 0.0000e+00
      21126  69.071266    288.000    286.209    12.0304    12.0266   4.032511   4.031512     1.2060     1.3708   -0.00508   -0.00592    89.8533     0.0491     0.0347     88.103     85.823    35.1639    35.1577    26.7179    26.7138    1501.88    1501.86         23 0.0000e+00
      21147  69.071274    289.000    287.195    11.9847    11.9824   4.027697   4.026952     1.2028     1.3667   -0.00430   -0.00528    89.8465     0.0484     0.0341     87.803     85.498    35.1596    35.1545    26.7233    26.7198    1501.74    1501.72         21 0.0000e+00
      21167  69.071281    290.000    288.199    11.9526    11.9504   4.024264   4.023495     1.2000     1.3631   -0.00374   -0.00434    89.8510     0.0524     0.0343     87.529     85.206    35.1558    35.1505    26.7265    26.7228    1501.64    1501.63         19 0.0000e+00
      21186  69.071297    291.000    289.188    11.9307    11.9292   4.021923   4.021301     1.1968     1.3602   -0.00336   -0.00413    89.8707     0.0567     0.0355     87.188     84.962    35.1532    35.1486    26.7286    26.7254    1501.58    1501.57         19 0.0000e+00
