data-processing/CTD/data/cnv/dres004.cnv
* Sea-Bird SBE 9 Data File:
* FileName = C:\SEASOFT\PIRATA-FR32\data\fr32004.hex
* Software Version Seasave V 7.26.7.107
* Temperature SN = 6083
* Conductivity SN = 4509
* Number of Bytes Per Scan = 42
* Number of Voltage Words = 3
* Number of Scans Averaged by the Deck Unit = 1
* NMEA Latitude = 08 00.05 N
* NMEA Longitude = 018 51.14 W
* NMEA UTC (Time) = Mar 05 2022 04:57:11
** Cruise: PIRATA-FR32
** Ship: THALASSA
** Station: 004
** Bottom Depth: 4318
** Barometric pressure : 1007
** Temp Air: 25.1
** Operator: AMGE
** Comments:
# nquan = 25
# nvalues = 502                         
# units = specified
# name 0 = scan: Scan Count
# name 1 = timeJ: Julian Days
# name 2 = prDM: Pressure, Digiquartz [db]
# name 3 = depSM: Depth [salt water, m]
# name 4 = t090C: Temperature [ITS-90, deg C]
# name 5 = t190C: Temperature, 2 [ITS-90, deg C]
# name 6 = c0S/m: Conductivity [S/m]
# name 7 = c1S/m: Conductivity, 2 [S/m]
# name 8 = sbeox0V: Oxygen raw, SBE 43 [V]
# name 9 = sbeox1V: Oxygen raw, SBE 43, 2 [V]
# name 10 = sbox0dV/dT: Oxygen, SBE 43 [dov/dt]
# name 11 = sbox1dV/dT: Oxygen, SBE 43, 2 [dov/dt]
# name 12 = CStarTr0: Beam Transmission, WET Labs C-Star [%]
# name 13 = flECO-AFL: Fluorescence, WET Labs ECO-AFL/FL [mg/m^3]
# name 14 = flC: Fluorescence, Chelsea Aqua 3 Chl Con [ug/l]
# name 15 = sbox0Mm/Kg: Oxygen, SBE 43 [umol/kg], WS = 2
# name 16 = sbox1Mm/Kg: Oxygen, SBE 43, 2 [umol/kg], WS = 2
# name 17 = sal00: Salinity, Practical [PSU]
# name 18 = sal11: Salinity, Practical, 2 [PSU]
# name 19 = sigma-é00: Density [sigma-theta, kg/m^3]
# name 20 = sigma-é11: Density, 2 [sigma-theta, kg/m^3]
# name 21 = svCM: Sound Velocity [Chen-Millero, m/s]
# name 22 = svCM1: Sound Velocity, 2 [Chen-Millero, m/s]
# name 23 = nbin: number of scans per bin
# name 24 = flag: flag
# span 0 =        -65,      22392       
# span 1 =  64.206345,  64.217176       
# span 2 =      2.000,    503.000       
# span 3 =      1.997,    499.613       
# span 4 =     8.4717,    25.8892       
# span 5 =     8.4706,    25.8888       
# span 6 =   3.676419,   5.507981       
# span 7 =   3.676057,   5.507305       
# span 8 =     0.8011,     2.6049       
# span 9 =     0.8841,     3.0258       
# span 10 =   -0.10283,    0.03326      
# span 11 =   -0.11392,    0.03545      
# span 12 =    86.6820,    89.9147      
# span 13 =     0.0490,     0.9893      
# span 14 =     0.0286,     0.3400      
# span 15 =     39.656,    195.919      
# span 16 =     38.356,    190.104      
# span 17 =    34.8803,    35.9278      
# span 18 =    34.8776,    35.9171      
# span 19 =    23.6572,    27.1192      
# span 20 =    23.6537,    27.1169      
# span 21 =    1492.36,    1537.90      
# span 22 =    1492.35,    1537.89      
# span 23 =         13,        103      
# span 24 = 0.0000e+00, 0.0000e+00      
# interval = decibars: 1                
# start_time = Mar 05 2022 04:57:11 [System UTC, first data scan.]
# bad_flag = -9.990e-29
*END*
[from data line 406]
      14634  64.213432    408.000    405.315     9.9560     9.9535   3.828074   3.827430     0.8043     0.8866   -0.00004   -0.00063    89.8284     0.0675     0.0430     40.389     38.900    35.0507    35.0465    27.0073    27.0045    1496.46    1496.45         22 0.0000e+00
      14655  64.213448    409.000    406.313     9.9247     9.9231   3.824776   3.824274     0.8055     0.8882    0.00023   -0.00011    89.8284     0.0813     0.0416     40.573     39.108    35.0469    35.0432    27.0096    27.0070    1496.36    1496.35         21 0.0000e+00
      14677  64.213455    410.000    407.303     9.9137     9.9117   3.823604   3.823084     0.8068     0.8898    0.00087    0.00047    89.8284     0.0884     0.0417     40.773     39.299    35.0450    35.0417    27.0101    27.0078    1496.33    1496.32         22 0.0000e+00
      14699  64.213463    411.000    408.287     9.8666     9.8639   3.818392   3.817585     0.8083     0.8912    0.00131    0.00130    89.8442     0.0829     0.0414     41.016     39.500    35.0369    35.0312    27.0117    27.0077    1496.17    1496.15         22 0.0000e+00
      14721  64.213478    412.000    409.299     9.8260     9.8244   3.814228   3.813725     0.8101     0.8930    0.00138    0.00187    89.8447     0.0817     0.0413     41.303     39.741    35.0331    35.0295    27.0156    27.0131    1496.04    1496.03         22 0.0000e+00
      14742  64.213486    413.000    410.267     9.8200     9.8186   3.813723   3.813310     0.8114     0.8951    0.00155    0.00171    89.8463     0.0804     0.0414     41.485     39.980    35.0333    35.0304    27.0168    27.0148    1496.03    1496.02         20 0.0000e+00
      14762  64.213493    414.000    411.271     9.8166     9.8154   3.813514   3.813113     0.8121     0.8971    0.00167    0.00144    89.8500     0.0805     0.0417     41.588     40.207    35.0340    35.0311    27.0179    27.0159    1496.04    1496.03         21 0.0000e+00
      14784  64.213509    415.000    412.273     9.8131     9.8119   3.813259   3.812865     0.8121     0.8975    0.00176    0.00211    89.8473     0.0657     0.0426     41.604     40.255    35.0343    35.0315    27.0188    27.0168    1496.04    1496.03         24 0.0000e+00
      14810  64.213516    416.000    413.259     9.8063     9.8054   3.812647   3.812290     0.8118     0.8974    0.00129    0.00231    89.8512     0.0652     0.0437     41.566     40.262    35.0342    35.0314    27.0199    27.0179    1496.03    1496.03         26 0.0000e+00
      14840  64.213531    417.000    414.248     9.8014     9.8004   3.812220   3.811853     0.8113     0.8970    0.00033    0.00105    89.8522     0.0652     0.0437     41.511     40.222    35.0341    35.0313    27.0206    27.0186    1496.03    1496.02         36 0.0000e+00
      14881  64.213554    418.000    415.241     9.7998     9.7984   3.812110   3.811703     0.8110     0.8969   -0.00043   -0.00022    89.8522     0.0649     0.0416     41.475     40.221    35.0341    35.0313    27.0210    27.0190    1496.04    1496.03         42 0.0000e+00
      14916  64.213570    419.000    416.228     9.7984     9.7974   3.812038   3.811687     0.8110     0.8975   -0.00031   -0.00029    89.8522     0.0807     0.0409     41.483     40.294    35.0342    35.0316    27.0213    27.0194    1496.05    1496.05         27 0.0000e+00
      14938  64.213577    420.000    417.223     9.7987     9.7975   3.812131   3.811755     0.8110     0.8960   -0.00004    0.00003    89.8522     0.0731     0.0415     41.488     40.139    35.0345    35.0318    27.0215    27.0196    1496.07    1496.06         20 0.0000e+00
      14956  64.213593    421.000    418.207     9.7979     9.7968   3.812077   3.811727     0.8107     0.8963   -0.00008    0.00035    89.8522     0.0708     0.0409     41.463     40.169    35.0342    35.0317    27.0214    27.0196    1496.08    1496.08         16 0.0000e+00
      14972  64.213600    422.000    419.215     9.7902     9.7878   3.811279   3.810702     0.8108     0.8951   -0.00004    0.00045    89.8522     0.0737     0.0401     41.487     40.056    35.0330    35.0294    27.0218    27.0194    1496.07    1496.06         16 0.0000e+00
      14988  64.213608    423.000    420.204     9.7677     9.7653   3.809021   3.808421     0.8108     0.8952 2.8478e-07   -0.00050    89.8522     0.0719     0.0399     41.516     40.092    35.0313    35.0274    27.0243    27.0216    1496.00    1495.99         17 0.0000e+00
      15006  64.213615    424.000    421.210     9.7471     9.7456   3.807158   3.806727     0.8107     0.8954   -0.00009   -0.00102    89.8522     0.0726     0.0424     41.528     40.145    35.0317    35.0287    27.0280    27.0259    1495.95    1495.94         20 0.0000e+00
      15031  64.213623    425.000    422.189     9.7431     9.7422   3.806900   3.806548     0.8100     0.8949   -0.00008   -0.00059    89.8522     0.0754     0.0426     41.436     40.092    35.0325    35.0297    27.0293    27.0273    1495.95    1495.94         30 0.0000e+00
      15068  64.213646    426.000    423.181     9.7439     9.7427   3.807041   3.806666     0.8093     0.8940   -0.00021   -0.00004    89.8522     0.0705     0.0415     41.346     40.003    35.0327    35.0300    27.0294    27.0275    1495.97    1495.96         40 0.0000e+00
      15103  64.213661    427.000    424.169     9.7301     9.7278   3.805610   3.805054     0.8088     0.8930   -0.00058   -0.00066    89.8522     0.0736     0.0400     41.302     39.906    35.0308    35.0274    27.0303    27.0280    1495.93    1495.92         29 0.0000e+00
      15127  64.213669    428.000    425.158     9.7209     9.7200   3.804691   3.804404     0.8090     0.8928   -0.00050   -0.00053    89.8522     0.0800     0.0400     41.348     39.901    35.0299    35.0278    27.0311    27.0297    1495.92    1495.91         22 0.0000e+00
      15147  64.213684    429.000    426.159     9.7342     9.7329   3.806344   3.806026     0.8087     0.8936   -0.00051   -0.00057    89.8522     0.0656     0.0407     41.297     39.977    35.0336    35.0315    27.0318    27.0304    1495.99    1495.98         19 0.0000e+00
      15165  64.213692    430.000    427.144     9.7395     9.7378   3.807011   3.806635     0.8081     0.8926   -0.00010   -0.00079    89.8522     0.0733     0.0411     41.215     39.871    35.0348    35.0326    27.0319    27.0304    1496.02    1496.01         17 0.0000e+00
      15182  64.213699    431.000    428.142     9.7390     9.7367   3.807036   3.806536     0.8073     0.8923    0.00018   -0.00037    89.8522     0.0806     0.0414     41.116     39.845    35.0351    35.0322    27.0322    27.0303    1496.04    1496.03         17 0.0000e+00
      15201  64.213707    432.000    429.149     9.7210     9.7191   3.805108   3.804605     0.8069     0.8921   -0.00013    0.00043    89.8522     0.0648     0.0412     41.086     39.845    35.0323    35.0289    27.0330    27.0307    1495.99    1495.97         22 0.0000e+00
      15232  64.213722    433.000    430.131     9.7057     9.6979   3.803554   3.802438     0.8072     0.8925   -0.00078   -0.00044    89.8522     0.0713     0.0422     41.144     39.910    35.0307    35.0268    27.0344    27.0326    1495.94    1495.91         42 0.0000e+00
      15278  64.213745    434.000    431.110     9.6792     9.6715   3.800350   3.799374     0.8087     0.8931   -0.00017   -0.00008    89.8522     0.0781     0.0410     41.371     40.017    35.0231    35.0205    27.0329    27.0322    1495.86    1495.82         40 0.0000e+00
      15307  64.213760    435.000    432.102     9.6421     9.6406   3.796598   3.796150     0.8103     0.8949    0.00035    0.00052    89.8522     0.0647     0.0419     41.629     40.243    35.0201    35.0169    27.0367    27.0345    1495.73    1495.73         24 0.0000e+00
      15327  64.213768    436.000    433.115     9.6464     9.6462   3.797333   3.797182     0.8108     0.8959    0.00086    0.00029    89.8522     0.0719     0.0406     41.698     40.354    35.0230    35.0216    27.0383    27.0373    1495.77    1495.77         18 0.0000e+00
      15345  64.213776    437.000    434.080     9.6576     9.6563   3.798921   3.798582     0.8100     0.8957    0.00119    0.00068    89.8522     0.0760     0.0402     41.585     40.329    35.0279    35.0257    27.0403    27.0388    1495.83    1495.83         16 0.0000e+00
      15360  64.213783    438.000    435.090     9.6481     9.6458   3.798056   3.797507     0.8090     0.8948    0.00123    0.00126    89.8522     0.0806     0.0405     41.468     40.237    35.0279    35.0244    27.0419    27.0396    1495.82    1495.80         16 0.0000e+00
      15376  64.213791    439.000    436.087     9.6241     9.6211   3.795586   3.794848     0.8081     0.8935    0.00117    0.00145    89.8522     0.0707     0.0411     41.371     40.132    35.0253    35.0206    27.0439    27.0407    1495.74    1495.72         15 0.0000e+00
      15392  64.213799    440.000    437.077     9.5894     9.5861   3.791986   3.791283     0.8074     0.8929    0.00022    0.00080    89.8540     0.0655     0.0416     41.322     40.101    35.0215    35.0174    27.0467    27.0441    1495.63    1495.61         19 0.0000e+00
      15416  64.213814    441.000    438.071     9.5726     9.5712   3.790366   3.789946     0.8075     0.8926   -0.00115   -0.00069    89.8686     0.0647     0.0413     41.354     40.091    35.0207    35.0177    27.0489    27.0468    1495.58    1495.57         29 0.0000e+00
      15456  64.213829    442.000    439.060     9.5869     9.5735   3.791807   3.790251     0.8074     0.8927   -0.00079   -0.00104    89.8616     0.0688     0.0415     41.339     40.104    35.0212    35.0181    27.0469    27.0468    1495.65    1495.60         48 0.0000e+00
      15500  64.213852    443.000    440.041     9.5678     9.5675   3.789951   3.789639     0.8073     0.8923    0.00016    0.00010    89.8522     0.0710     0.0424     41.346     40.065    35.0201    35.0173    27.0493    27.0471    1495.60    1495.59         34 0.0000e+00
      15526  64.213867    444.000    441.046     9.5566     9.5549   3.788720   3.788244     0.8073     0.8919   -0.00003    0.00002    89.8683     0.0654     0.0418     41.365     40.048    35.0179    35.0147    27.0495    27.0472    1495.57    1495.56         24 0.0000e+00
      15546  64.213875    445.000    442.016     9.5418     9.5400   3.787121   3.786558     0.8076     0.8923   -0.00023   -0.00034    89.8747     0.0641     0.0429     41.427     40.111    35.0154    35.0113    27.0499    27.0470    1495.53    1495.52         17 0.0000e+00
      15564  64.213882    446.000    443.036     9.4951     9.4916   3.782057   3.781250     0.8092     0.8928   -0.00004   -0.00028    89.8653     0.0589     0.0424     41.688     40.212    35.0080    35.0031    27.0519    27.0486    1495.37    1495.35         18 0.0000e+00
      15582  64.213890    447.000    444.025     9.4785     9.4768   3.780315   3.779806     0.8107     0.8942    0.00006   -0.00025    89.8758     0.0570     0.0411     41.912     40.395    35.0058    35.0022    27.0529    27.0504    1495.32    1495.31         20 0.0000e+00
      15608  64.213905    448.000    445.015     9.4692     9.4684   3.779307   3.778948     0.8125     0.8974    0.00077    0.00025    89.8753     0.0611     0.0407     42.175     40.757    35.0040    35.0010    27.0530    27.0509    1495.30    1495.29         32 0.0000e+00
      15641  64.213921    449.000    446.004     9.4639     9.4633   3.778755   3.778406     0.8143     0.8999    0.00183    0.00165    89.4881     0.0598     0.0408     42.434     41.038    35.0029    35.0000    27.0531    27.0509    1495.30    1495.29         30 0.0000e+00
      15667  64.213936    450.000    446.990     9.4632     9.4617   3.778768   3.778364     0.8147     0.9011    0.00171    0.00291    89.8704     0.0626     0.0409     42.488     41.186    35.0033    35.0006    27.0535    27.0516    1495.31    1495.30         23 0.0000e+00
      15687  64.213943    451.000    447.969     9.4495     9.4469   3.777308   3.776709     0.8149     0.9011    0.00153    0.00224    89.8562     0.0722     0.0410     42.534     41.198    35.0011    34.9974    27.0541    27.0517    1495.28    1495.26         18 0.0000e+00
      15703  64.213951    452.000    448.997     9.4391     9.4364   3.776201   3.775621     0.8157     0.9013    0.00110    0.00141    89.8294     0.0812     0.0408     42.664     41.237    34.9994    34.9960    27.0545    27.0523    1495.25    1495.24         16 0.0000e+00
      15721  64.213959    453.000    449.973     9.4136     9.4100   3.773419   3.772655     0.8166     0.9021    0.00047    0.00108    89.8663     0.0732     0.0410     42.814     41.360    34.9950    34.9905    27.0553    27.0523    1495.17    1495.15         19 0.0000e+00
      15744  64.213966    454.000    450.973     9.3846     9.3828   3.770498   3.770029     0.8183     0.9042    0.00039    0.00045    89.8583     0.0734     0.0415     43.081     41.623    34.9925    34.9894    27.0581    27.0559    1495.08    1495.07         29 0.0000e+00
      15775  64.213982    455.000    451.951     9.3761     9.3750   3.769641   3.769248     0.8198     0.9063    0.00114    0.00074    89.8707     0.0657     0.0412     43.296     41.877    34.9915    34.9885    27.0587    27.0565    1495.06    1495.05         31 0.0000e+00
      15804  64.213997    456.000    452.951     9.3650     9.3629   3.768558   3.768040     0.8208     0.9074    0.00166    0.00189    89.8760     0.0785     0.0411     43.447     42.009    34.9906    34.9873    27.0598    27.0576    1495.04    1495.02         27 0.0000e+00
      15832  64.214012    457.000    453.937     9.3570     9.3559   3.767831   3.767465     0.8209     0.9081    0.00115    0.00170    89.8760     0.0655     0.0407     43.473     42.099    34.9904    34.9877    27.0610    27.0591    1495.02    1495.02         28 0.0000e+00
      15859  64.214027    458.000    454.939     9.3720     9.3714   3.770128   3.769899     0.8197     0.9078    0.00079    0.00102    89.8760     0.0724     0.0412     43.304     42.056    34.9991    34.9973    27.0654    27.0641    1495.11    1495.10         29 0.0000e+00
      15889  64.214043    459.000    455.927     9.3794     9.3781   3.771108   3.770736     0.8169     0.9049    0.00013    0.00050    89.8760     0.0686     0.0414     42.927     41.729    35.0016    34.9990    27.0661    27.0643    1495.15    1495.14         27 0.0000e+00
      15915  64.214050    460.000    456.903     9.3673     9.3643   3.769877   3.769233     0.8142     0.9024   -0.00082    0.00002    89.8760     0.0807     0.0408     42.578     41.472    35.0002    34.9964    27.0671    27.0646    1495.12    1495.11         23 0.0000e+00
      15935  64.214058    461.000    457.917     9.3420     9.3401   3.767407   3.766931     0.8128     0.9004   -0.00184   -0.00168    89.8760     0.0643     0.0412     42.410     41.281    34.9989    34.9957    27.0702    27.0680    1495.05    1495.03         19 0.0000e+00
      15953  64.214073    462.000    458.889     9.3365     9.3352   3.766896   3.766507     0.8112     0.8986   -0.00247   -0.00246    89.8688     0.0696     0.0428     42.206     41.099    34.9984    34.9956    27.0707    27.0688    1495.04    1495.03         17 0.0000e+00
      15969  64.214081    463.000    459.906     9.3326     9.3313   3.766582   3.766192     0.8103     0.8974   -0.00247   -0.00250    89.8697     0.0749     0.0425     42.091     40.969    34.9986    34.9957    27.0715    27.0695    1495.04    1495.04         19 0.0000e+00
      15990  64.214088    464.000    460.897     9.3292     9.3277   3.766284   3.765862     0.8093     0.8961   -0.00202   -0.00241    89.8669     0.0803     0.0425     41.964     40.832    34.9982    34.9954    27.0718    27.0698    1495.05    1495.04         24 0.0000e+00
