data-processing/CTD/data/cnv/dres004.cnv
* Sea-Bird SBE 9 Data File:
* FileName = C:\SEASOFT\PIRATA-FR32\data\fr32004.hex
* Software Version Seasave V 7.26.7.107
* Temperature SN = 6083
* Conductivity SN = 4509
* Number of Bytes Per Scan = 42
* Number of Voltage Words = 3
* Number of Scans Averaged by the Deck Unit = 1
* NMEA Latitude = 08 00.05 N
* NMEA Longitude = 018 51.14 W
* NMEA UTC (Time) = Mar 05 2022 04:57:11
** Cruise: PIRATA-FR32
** Ship: THALASSA
** Station: 004
** Bottom Depth: 4318
** Barometric pressure : 1007
** Temp Air: 25.1
** Operator: AMGE
** Comments:
# nquan = 25
# nvalues = 502                         
# units = specified
# name 0 = scan: Scan Count
# name 1 = timeJ: Julian Days
# name 2 = prDM: Pressure, Digiquartz [db]
# name 3 = depSM: Depth [salt water, m]
# name 4 = t090C: Temperature [ITS-90, deg C]
# name 5 = t190C: Temperature, 2 [ITS-90, deg C]
# name 6 = c0S/m: Conductivity [S/m]
# name 7 = c1S/m: Conductivity, 2 [S/m]
# name 8 = sbeox0V: Oxygen raw, SBE 43 [V]
# name 9 = sbeox1V: Oxygen raw, SBE 43, 2 [V]
# name 10 = sbox0dV/dT: Oxygen, SBE 43 [dov/dt]
# name 11 = sbox1dV/dT: Oxygen, SBE 43, 2 [dov/dt]
# name 12 = CStarTr0: Beam Transmission, WET Labs C-Star [%]
# name 13 = flECO-AFL: Fluorescence, WET Labs ECO-AFL/FL [mg/m^3]
# name 14 = flC: Fluorescence, Chelsea Aqua 3 Chl Con [ug/l]
# name 15 = sbox0Mm/Kg: Oxygen, SBE 43 [umol/kg], WS = 2
# name 16 = sbox1Mm/Kg: Oxygen, SBE 43, 2 [umol/kg], WS = 2
# name 17 = sal00: Salinity, Practical [PSU]
# name 18 = sal11: Salinity, Practical, 2 [PSU]
# name 19 = sigma-é00: Density [sigma-theta, kg/m^3]
# name 20 = sigma-é11: Density, 2 [sigma-theta, kg/m^3]
# name 21 = svCM: Sound Velocity [Chen-Millero, m/s]
# name 22 = svCM1: Sound Velocity, 2 [Chen-Millero, m/s]
# name 23 = nbin: number of scans per bin
# name 24 = flag: flag
# span 0 =        -65,      22392       
# span 1 =  64.206345,  64.217176       
# span 2 =      2.000,    503.000       
# span 3 =      1.997,    499.613       
# span 4 =     8.4717,    25.8892       
# span 5 =     8.4706,    25.8888       
# span 6 =   3.676419,   5.507981       
# span 7 =   3.676057,   5.507305       
# span 8 =     0.8011,     2.6049       
# span 9 =     0.8841,     3.0258       
# span 10 =   -0.10283,    0.03326      
# span 11 =   -0.11392,    0.03545      
# span 12 =    86.6820,    89.9147      
# span 13 =     0.0490,     0.9893      
# span 14 =     0.0286,     0.3400      
# span 15 =     39.656,    195.919      
# span 16 =     38.356,    190.104      
# span 17 =    34.8803,    35.9278      
# span 18 =    34.8776,    35.9171      
# span 19 =    23.6572,    27.1192      
# span 20 =    23.6537,    27.1169      
# span 21 =    1492.36,    1537.90      
# span 22 =    1492.35,    1537.89      
# span 23 =         13,        103      
# span 24 = 0.0000e+00, 0.0000e+00      
# interval = decibars: 1                
# start_time = Mar 05 2022 04:57:11 [System UTC, first data scan.]
# bad_flag = -9.990e-29
*END*
[from data line 116]
       7652  64.210068    118.000    117.307    15.4228    15.4215   4.404903   4.404315     1.2792     1.4516   -0.01263   -0.01363    89.6572     0.2537     0.0728     88.427     85.508    35.5992    35.5951    26.3440    26.3411    1510.65    1510.65         48 0.0000e+00
       7692  64.210083    119.000    118.296    15.3909    15.3890   4.401435   4.400786     1.2794     1.4512   -0.00375   -0.00813    89.6997     0.2437     0.0738     88.522     85.545    35.5963    35.5921    26.3489    26.3462    1510.57    1510.56         28 0.0000e+00
       7716  64.210098    120.000    119.276    15.3631    15.3615   4.398431   4.397818     1.2822     1.4518    0.00106   -0.00071    89.6806     0.2257     0.0685     88.904     85.652    35.5938    35.5898    26.3533    26.3505    1510.49    1510.48         21 0.0000e+00
       7733  64.210106    121.000    120.290    15.3447    15.3428   4.396444   4.395841     1.2940     1.4635    0.00117    0.00104    89.6962     0.2046     0.0669     90.290     86.782    35.5921    35.5884    26.3562    26.3537    1510.45    1510.44         16 0.0000e+00
       7749  64.210114    122.000    121.270    15.3375    15.3360   4.395673   4.395140     1.3050     1.4758   -0.00034   -0.00043    89.7111     0.1626     0.0678     91.575     87.944    35.5913    35.5878    26.3572    26.3548    1510.44    1510.44         15 0.0000e+00
       7763  64.210121    123.000    122.286    15.3314    15.3298   4.395000   4.394481     1.3129     1.4856   -0.00009   -0.00118    89.7264     0.1776     0.0677     92.495     88.880    35.5903    35.5870    26.3578    26.3556    1510.44    1510.43         15 0.0000e+00
       7780  64.210129    124.000    123.284    15.3220    15.3201   4.393960   4.393346     1.3195     1.4937    0.00602    0.00420    89.6914     0.1847     0.0679     93.271     89.665    35.5890    35.5851    26.3589    26.3564    1510.43    1510.42         18 0.0000e+00
       7802  64.210136    125.000    124.270    15.3055    15.3040   4.392205   4.391661     1.3262     1.5030    0.01493    0.01532    89.7080     0.1936     0.0682     94.086     90.570    35.5876    35.5840    26.3616    26.3592    1510.39    1510.38         26 0.0000e+00
       7833  64.210152    126.000    125.255    15.2835    15.2831   4.389793   4.389337     1.3384     1.5164    0.01232    0.01501    89.7095     0.1952     0.0691     95.525     91.864    35.5853    35.5815    26.3647    26.3619    1510.34    1510.33         34 0.0000e+00
       7867  64.210167    127.000    126.252    15.2515    15.2513   4.386314   4.385840     1.3509     1.5321    0.00780    0.01005    89.6875     0.2197     0.0699     97.022     93.395    35.5823    35.5782    26.3696    26.3665    1510.25    1510.24         33 0.0000e+00
       7896  64.210182    128.000    127.238    15.2395    15.2377   4.385002   4.384443     1.3488     1.5340    0.01001    0.01098    89.6840     0.2146     0.0693     96.820     93.611    35.5808    35.5774    26.3712    26.3689    1510.23    1510.22         28 0.0000e+00
       7923  64.210197    129.000    128.239    15.2235    15.2219   4.383274   4.382715     1.3496     1.5336    0.00856    0.01101    89.7249     0.2048     0.0678     96.958     93.608    35.5793    35.5757    26.3736    26.3711    1510.19    1510.18         25 0.0000e+00
       7947  64.210213    130.000    129.228    15.2111    15.2100   4.381995   4.381521     1.3537     1.5395    0.00052    0.00408    89.7271     0.1966     0.0664     97.469     94.193    35.5785    35.5752    26.3757    26.3734    1510.17    1510.16         23 0.0000e+00
       7968  64.210220    131.000    130.231    15.2047    15.2036   4.381339   4.380849     1.3504     1.5395   -0.00212   -0.00152    89.7276     0.1910     0.0647     97.115     94.220    35.5779    35.5745    26.3768    26.3744    1510.16    1510.15         21 0.0000e+00
       7991  64.210228    132.000    131.214    15.1933    15.1919   4.380106   4.379601     1.3406     1.5310    0.00290    0.00239    89.7344     0.1825     0.0630     96.025     93.463    35.5767    35.5734    26.3784    26.3761    1510.14    1510.13         22 0.0000e+00
       8015  64.210243    133.000    132.221    15.1909    15.1898   4.379943   4.379500     1.3234     1.5132    0.00129    0.00394    89.7409     0.1672     0.0646     94.075     91.819    35.5770    35.5739    26.3792    26.3771    1510.15    1510.14         28 0.0000e+00
       8043  64.210258    134.000    133.199    15.1913    15.1901   4.380076   4.379635     1.3025     1.4896   -0.00819   -0.00580    89.7547     0.1511     0.0626     91.699     89.633    35.5774    35.5745    26.3795    26.3774    1510.17    1510.16         27 0.0000e+00
       8069  64.210266    135.000    134.198    15.1878    15.1864   4.379782   4.379303     1.2840     1.4659   -0.01546   -0.01529    89.7641     0.1341     0.0569     89.600     87.438    35.5775    35.5744    26.3804    26.3783    1510.17    1510.17         22 0.0000e+00
       8089  64.210281    136.000    135.196    15.1725    15.1701   4.378140   4.377447     1.2735     1.4518   -0.01732   -0.01915    89.7534     0.1351     0.0536     88.439     86.165    35.5760    35.5719    26.3826    26.3800    1510.14    1510.13         20 0.0000e+00
       8108  64.210289    137.000    136.185    15.1397    15.1376   4.374613   4.373908     1.2664     1.4420   -0.01792   -0.02084    89.7271     0.1178     0.0511     87.693     85.317    35.5733    35.5688    26.3878    26.3849    1510.05    1510.04         18 0.0000e+00
       8127  64.210297    138.000    137.193    15.0903    15.0875   4.369032   4.368177     1.2647     1.4369   -0.01717   -0.02183    89.5878     0.1157     0.0489     87.602     84.944    35.5670    35.5618    26.3940    26.3905    1509.91    1509.89         22 0.0000e+00
       8150  64.210304    139.000    138.170    15.0650    15.0638   4.366197   4.365662     1.2700     1.4381   -0.01296   -0.01723    89.7548     0.1186     0.0486     88.272     85.106    35.5638    35.5600    26.3971    26.3944    1509.84    1509.83         24 0.0000e+00
       8175  64.210320    140.000    139.169    15.0258    15.0230   4.361656   4.360842     1.2783     1.4464   -0.00697   -0.01071    89.7571     0.1178     0.0486     89.304     85.966    35.5576    35.5527    26.4010    26.3979    1509.72    1509.71         25 0.0000e+00
       8199  64.210327    141.000    140.170    14.9802    14.9774   4.356643   4.355794     1.2846     1.4543    0.00116   -0.00307    89.7561     0.1137     0.0474     90.131     86.804    35.5529    35.5477    26.4075    26.4041    1509.59    1509.58         23 0.0000e+00
       8223  64.210342    142.000    141.155    14.9429    14.9405   4.352468   4.351761     1.2960     1.4658    0.00722    0.00489    89.7562     0.1165     0.0488     91.516     87.953    35.5483    35.5440    26.4121    26.4094    1509.49    1509.47         26 0.0000e+00
       8253  64.210358    143.000    142.154    14.9148    14.9132   4.349333   4.348774     1.3187     1.4886    0.00710    0.00837    89.7764     0.1063     0.0489     94.199     90.158    35.5448    35.5412    26.4157    26.4133    1509.41    1509.40         33 0.0000e+00
       8287  64.210373    144.000    143.142    14.9001    14.8987   4.347679   4.347127     1.3443     1.5198    0.01205    0.01212    89.7779     0.1324     0.0484     97.188     93.127    35.5427    35.5389    26.4173    26.4147    1509.38    1509.37         31 0.0000e+00
       8311  64.210388    145.000    144.135    14.8841    14.8822   4.345867   4.345226     1.3578     1.5374    0.01860    0.01871    89.7798     0.1396     0.0489     98.788     94.826    35.5403    35.5362    26.4190    26.4162    1509.34    1509.33         21 0.0000e+00
       8330  64.210396    146.000    145.116    14.8530    14.8505   4.342429   4.341665     1.3613     1.5437    0.01907    0.02198    89.7795     0.1431     0.0502     99.275     95.488    35.5368    35.5320    26.4231    26.4200    1509.25    1509.24         17 0.0000e+00
       8348  64.210403    147.000    146.137    14.8265    14.8245   4.339604   4.338937     1.3589     1.5448    0.01738    0.02182    89.7747     0.1283     0.0508     99.055     95.655    35.5346    35.5303    26.4273    26.4244    1509.18    1509.17         19 0.0000e+00
       8368  64.210411    148.000    147.126    14.8106    14.8094   4.337902   4.337382     1.3441     1.5343    0.01328    0.01728    89.7618     0.1171     0.0484     97.400     94.707    35.5331    35.5294    26.4296    26.4271    1509.15    1509.14         24 0.0000e+00
       8398  64.210426    149.000    148.113    14.7995    14.7987   4.336750   4.336263     1.3194     1.5079    0.00221    0.00627    89.7728     0.1064     0.0456     94.573     92.253    35.5322    35.5285    26.4314    26.4288    1509.13    1509.12         32 0.0000e+00
       8427  64.210442    150.000    149.101    14.7766    14.7751   4.334235   4.333678     1.3056     1.4861   -0.01390   -0.00915    89.7562     0.0965     0.0447     93.037     90.260    35.5297    35.5259    26.4345    26.4319    1509.07    1509.06         24 0.0000e+00
       8448  64.210449    151.000    150.098    14.7650    14.7628   4.332950   4.332286     1.3104     1.4878   -0.02043   -0.01998    89.7766     0.0930     0.0453     93.629     90.460    35.5280    35.5239    26.4358    26.4331    1509.05    1509.04         20 0.0000e+00
       8467  64.210457    152.000    151.089    14.7389    14.7373   4.330121   4.329562     1.3117     1.4915   -0.01822   -0.02189    89.7759     0.0885     0.0428     93.849     90.865    35.5254    35.5218    26.4395    26.4370    1508.98    1508.97         19 0.0000e+00
       8487  64.210472    153.000    152.088    14.7293    14.7274   4.329034   4.328446     1.3031     1.4852   -0.00871   -0.01514    89.7881     0.0904     0.0426     92.881     90.301    35.5238    35.5202    26.4404    26.4380    1508.96    1508.95         22 0.0000e+00
       8512  64.210480    154.000    153.088    14.7051    14.7034   4.326407   4.325840     1.2944     1.4741    0.00243    0.00016    89.7280     0.0856     0.0415     91.930     89.305    35.5214    35.5178    26.4438    26.4414    1508.90    1508.89         30 0.0000e+00
       8545  64.210495    155.000    154.074    14.6865    14.6852   4.324455   4.323923     1.2915     1.4675   -0.00649   -0.00398    89.8016     0.0674     0.0395     91.637     88.727    35.5200    35.5163    26.4468    26.4442    1508.85    1508.85         32 0.0000e+00
       8574  64.210510    156.000    155.063    14.6743    14.6725   4.323121   4.322558     1.2933     1.4682   -0.00798   -0.01021    89.8038     0.0698     0.0386     91.882     88.835    35.5185    35.5150    26.4484    26.4460    1508.83    1508.82         26 0.0000e+00
       8597  64.210526    157.000    156.066    14.6548    14.6521   4.320959   4.320234     1.2922     1.4692   -0.00254   -0.00556    89.8025     0.0760     0.0384     91.808     88.974    35.5160    35.5118    26.4507    26.4480    1508.78    1508.77         22 0.0000e+00
       8620  64.210533    158.000    157.052    14.6186    14.6160   4.316909   4.316168     1.2875     1.4652    0.00055   -0.00082    89.8047     0.0667     0.0388     91.346     88.673    35.5114    35.5070    26.4550    26.4521    1508.68    1508.66         23 0.0000e+00
       8643  64.210548    159.000    158.056    14.5848    14.5818   4.313126   4.312349     1.2832     1.4600    0.00110    0.00147    89.8047     0.0680     0.0378     90.924     88.261    35.5071    35.5027    26.4591    26.4563    1508.58    1508.57         23 0.0000e+00
       8665  64.210556    160.000    159.031    14.5606    14.5593   4.310453   4.309920     1.2776     1.4536   -0.00257   -0.00090    89.8047     0.0734     0.0376     90.333     87.705    35.5042    35.5005    26.4620    26.4595    1508.52    1508.51         20 0.0000e+00
       8684  64.210564    161.000    160.039    14.5304    14.5282   4.306993   4.306201     1.2722     1.4466   -0.00488   -0.00442    89.8047     0.0672     0.0353     89.775     87.115    35.4995    35.4942    26.4650    26.4614    1508.43    1508.42         19 0.0000e+00
       8702  64.210571    162.000    161.037    14.4957    14.4935   4.303241   4.302542     1.2711     1.4426   -0.00480   -0.00528    89.8005     0.0642     0.0348     89.722     86.808    35.4962    35.4918    26.4700    26.4670    1508.33    1508.32         18 0.0000e+00
       8721  64.210579    163.000    162.024    14.4656    14.4623   4.299807   4.298908     1.2759     1.4456   -0.00554   -0.00667    89.7980     0.0593     0.0339     90.347     87.162    35.4917    35.4863    26.4730    26.4696    1508.25    1508.23         18 0.0000e+00
       8743  64.210594    164.000    163.024    14.4348    14.4331   4.296368   4.295748     1.2841     1.4550   -0.00590   -0.00779    89.8045     0.0634     0.0346     91.379     88.118    35.4876    35.4835    26.4765    26.4737    1508.16    1508.15         28 0.0000e+00
       8775  64.210609    165.000    164.012    14.4137    14.4122   4.294043   4.293470     1.2958     1.4680    0.00235   -0.00013    89.7972     0.0516     0.0335     92.797     89.402    35.4851    35.4812    26.4791    26.4764    1508.11    1508.10         37 0.0000e+00
       8815  64.210625    166.000    165.003    14.3964    14.3945   4.291914   4.291527     1.3072     1.4820    0.00896    0.01000    89.7779     0.0659     0.0329     94.168     90.785    35.4809    35.4790    26.4796    26.4786    1508.06    1508.06         39 0.0000e+00
       8847  64.210648    167.000    165.992    14.3853    14.3840   4.290939   4.290474     1.3106     1.4857    0.00848    0.00953    89.8037     0.0664     0.0345     94.600     91.165    35.4816    35.4784    26.4826    26.4804    1508.05    1508.04         25 0.0000e+00
       8869  64.210655    168.000    166.975    14.3790    14.3777   4.290256   4.289757     1.3140     1.4885    0.00675    0.00845    89.7839     0.0668     0.0354     95.016     91.454    35.4806    35.4772    26.4832    26.4809    1508.04    1508.03         19 0.0000e+00
       8885  64.210663    169.000    167.993    14.3636    14.3611   4.288497   4.287772     1.3224     1.4945    0.00424    0.00575    89.7839     0.0660     0.0352     96.046     92.073    35.4780    35.4736    26.4845    26.4817    1508.01    1507.99         16 0.0000e+00
       8901  64.210670    170.000    168.981    14.3407    14.3391   4.285984   4.285393     1.3342     1.5055    0.00249    0.00285    89.7856     0.0662     0.0341     97.481     93.178    35.4753    35.4713    26.4874    26.4847    1507.95    1507.94         15 0.0000e+00
       8918  64.210678    171.000    169.981    14.3279    14.3265   4.284552   4.284002     1.3483     1.5211    0.00264    0.00221    89.7846     0.0664     0.0344     99.170     94.702    35.4734    35.4696    26.4887    26.4861    1507.92    1507.91         19 0.0000e+00
       8941  64.210686    172.000    170.969    14.3081    14.3066   4.282361   4.281832     1.3672     1.5446    0.00869    0.00675    89.8030     0.0613     0.0367    101.439     96.995    35.4709    35.4673    26.4910    26.4886    1507.87    1507.86         29 0.0000e+00
       8970  64.210701    173.000    171.960    14.2937    14.2921   4.280802   4.280260     1.3846     1.5675    0.01814    0.01801    89.8064     0.0635     0.0355    103.519     99.216    35.4692    35.4657    26.4928    26.4904    1507.84    1507.83         27 0.0000e+00
       8996  64.210716    174.000    172.948    14.2810    14.2794   4.279453   4.278937     1.3929     1.5814    0.02004    0.02402    89.8025     0.0657     0.0353    104.541    100.590    35.4679    35.4646    26.4946    26.4923    1507.81    1507.80         23 0.0000e+00
