data-processing/CTD/data/cnv/dres017.cnv
* Sea-Bird SBE 9 Data File:
* FileName = C:\SEASOFT\PIRATA-FR32\data\fr32017.hex
* Software Version Seasave V 7.26.7.107
* Temperature SN = 6083
* Conductivity SN = 4509
* Number of Bytes Per Scan = 42
* Number of Voltage Words = 3
* Number of Scans Averaged by the Deck Unit = 1
* NMEA Latitude = 04 29.91 S
* NMEA Longitude = 010 00.04 W
* NMEA UTC (Time) = Mar 10 2022 05:28:45
** Cruise: PIRATA-FR32
** Ship: THALASSA
** Station: 017
** Bottom Depth: 3684
** Barometric pressure : 1005.9
** Temp Air: 27.7
** Operator: AMGE
** Comments:
# nquan = 25
# nvalues = 501                         
# units = specified
# name 0 = scan: Scan Count
# name 1 = timeJ: Julian Days
# name 2 = prDM: Pressure, Digiquartz [db]
# name 3 = depSM: Depth [salt water, m]
# name 4 = t090C: Temperature [ITS-90, deg C]
# name 5 = t190C: Temperature, 2 [ITS-90, deg C]
# name 6 = c0S/m: Conductivity [S/m]
# name 7 = c1S/m: Conductivity, 2 [S/m]
# name 8 = sbeox0V: Oxygen raw, SBE 43 [V]
# name 9 = sbeox1V: Oxygen raw, SBE 43, 2 [V]
# name 10 = sbox0dV/dT: Oxygen, SBE 43 [dov/dt]
# name 11 = sbox1dV/dT: Oxygen, SBE 43, 2 [dov/dt]
# name 12 = CStarTr0: Beam Transmission, WET Labs C-Star [%]
# name 13 = flECO-AFL: Fluorescence, WET Labs ECO-AFL/FL [mg/m^3]
# name 14 = flC: Fluorescence, Chelsea Aqua 3 Chl Con [ug/l]
# name 15 = sbox0Mm/Kg: Oxygen, SBE 43 [umol/kg], WS = 2
# name 16 = sbox1Mm/Kg: Oxygen, SBE 43, 2 [umol/kg], WS = 2
# name 17 = sal00: Salinity, Practical [PSU]
# name 18 = sal11: Salinity, Practical, 2 [PSU]
# name 19 = sigma-é00: Density [sigma-theta, kg/m^3]
# name 20 = sigma-é11: Density, 2 [sigma-theta, kg/m^3]
# name 21 = svCM: Sound Velocity [Chen-Millero, m/s]
# name 22 = svCM1: Sound Velocity, 2 [Chen-Millero, m/s]
# name 23 = nbin: number of scans per bin
# name 24 = flag: flag
# span 0 =       -526,      19337       
# span 1 =  69.228055,  69.237635       
# span 2 =      2.000,    502.000       
# span 3 =      1.987,    498.638       
# span 4 =     7.8040,    28.6172       
# span 5 =     7.8015,    28.6167       
# span 6 =   3.597389,   5.801128       
# span 7 =   3.596845,   5.800458       
# span 8 =     1.0033,     2.7350       
# span 9 =     1.1293,     3.1686       
# span 10 =   -0.07351,    0.02845      
# span 11 =   -0.08398,    0.03153      
# span 12 =    87.6908,    89.9949      
# span 13 =     0.0487,     1.2402      
# span 14 =     0.0324,     0.3510      
# span 15 =     67.565,    205.829      
# span 16 =     65.983,    199.517      
# span 17 =    34.6974,    36.0923      
# span 18 =    34.6940,    36.0846      
# span 19 =    22.7789,    27.0728      
# span 20 =    22.7760,    27.0706      
# span 21 =    1489.62,    1543.74      
# span 22 =    1489.60,    1543.73      
# span 23 =         11,        112      
# span 24 = 0.0000e+00, 0.0000e+00      
# interval = decibars: 1                
# start_time = Mar 10 2022 05:28:46 [System UTC, first data scan.]
# bad_flag = -9.990e-29
*END*
[from data line 58]
       4162  69.230316     60.000     59.655    17.9060    17.9035   4.666908   4.665866     1.7820     2.0567   -0.03405   -0.03899    88.3475     1.0662     0.3249    137.626    133.893    35.7190    35.7123    25.8487    25.8442    1517.33    1517.31         37 0.0000e+00
       4193  69.230331     61.000     60.651    17.8815    17.8794   4.664587   4.663625     1.7700     2.0416   -0.02013   -0.02881    88.3765     1.0216     0.3254    136.407    132.642    35.7201    35.7137    25.8556    25.8512    1517.28    1517.26         26 0.0000e+00
       4217  69.230347     62.000     61.643    17.8673    17.8648   4.663267   4.662316     1.7633     2.0325   -0.01244   -0.01655    88.3909     0.9873     0.3160    135.742    131.902    35.7209    35.7149    25.8597    25.8558    1517.25    1517.24         22 0.0000e+00
       4238  69.230354     63.000     62.642    17.8564    17.8549   4.662214   4.661391     1.7574     2.0276   -0.01012   -0.01243    88.3811     0.9745     0.3141    135.158    131.508    35.7210    35.7152    25.8626    25.8585    1517.24    1517.23         21 0.0000e+00
       4258  69.230362     64.000     63.635    17.8358    17.8325   4.660042   4.658882     1.7495     2.0203   -0.00873   -0.01152    88.4562     0.9700     0.3105    134.368    130.939    35.7200    35.7129    25.8670    25.8623    1517.19    1517.17         19 0.0000e+00
       4277  69.230370     65.000     64.630    17.7832    17.7805   4.654272   4.653090     1.7371     2.0059   -0.00705   -0.00882    88.4666     0.9428     0.3035    133.193    129.820    35.7161    35.7083    25.8769    25.8716    1517.05    1517.03         20 0.0000e+00
       4298  69.230385     66.000     65.636    17.6815    17.6727   4.643026   4.640977     1.7196     1.9899   -0.00695   -0.00652    88.5244     0.9315     0.2941    131.582    128.703    35.7081    35.6982    25.8958    25.8903    1516.76    1516.72         23 0.0000e+00
       4336  69.230400     67.000     66.622    17.6937    17.5126   4.644464   4.623736     1.6885     1.9735   -0.01423   -0.01436    88.6659     0.9535     0.2876    128.205    127.657    35.7095    35.6897    25.8939    25.9229    1516.81    1516.26         55 0.0000e+00
       4384  69.230423     68.000     67.606    17.4234    17.3704   4.614445   4.608268     1.6493     1.9309   -0.02079   -0.01339    88.5544     0.9500     0.2858    124.647    124.250    35.6873    35.6805    25.9427    25.9504    1516.01    1515.84         32 0.0000e+00
       4410  69.230438     69.000     68.610    17.0491    17.0391   4.575231   4.572573     1.6099     1.8735   -0.01765   -0.00618    88.8162     0.8314     0.2719    121.258    119.943    35.6764    35.6621    26.0246    26.0159    1514.90    1514.85         26 0.0000e+00
       4440  69.230453     70.000     69.601    16.7615    16.6299   4.543274   4.525949     1.5428     1.8013   -0.02176   -0.03045    88.8706     0.8522     0.2517    114.578    114.434    35.6508    35.6151    26.0729    26.0764    1514.02    1513.58         32 0.0000e+00
       4469  69.230469     71.000     70.593    15.8999    15.8836   4.452660   4.449172     1.4687     1.7048   -0.03552   -0.05005    89.0713     0.7478     0.2399    108.272    107.328    35.6174    35.6009    26.2483    26.2393    1511.38    1511.31         27 0.0000e+00
       4493  69.230476     72.000     71.578    15.8065    15.8019   4.442650   4.441089     1.4338     1.6505   -0.05054   -0.05547    89.1390     0.6573     0.2208    104.581    102.556    35.6113    35.6015    26.2649    26.2584    1511.10    1511.07         19 0.0000e+00
       4511  69.230484     73.000     72.582    15.7612    15.7573   4.437837   4.436347     1.4167     1.6242   -0.06350   -0.07039    89.1619     0.6379     0.2160    102.775    100.248    35.6086    35.5986    26.2732    26.2664    1510.97    1510.95         17 0.0000e+00
       4528  69.230492     74.000     73.582    15.6915    15.6867   4.430264   4.428577     1.4042     1.6067   -0.05845   -0.07731    89.1385     0.6300     0.2097    101.524     98.805    35.6029    35.5920    26.2847    26.2774    1510.76    1510.74         18 0.0000e+00
       4548  69.230499     75.000     74.585    15.6252    15.6187   4.422915   4.421280     1.3929     1.5920   -0.04045   -0.06117    89.1670     0.6230     0.2009    100.399     97.605    35.5962    35.5873    26.2946    26.2892    1510.57    1510.54         25 0.0000e+00
       4589  69.230522     76.000     75.569    15.6840    15.5816   4.429242   4.417848     1.3793     1.5810   -0.01967   -0.02841    89.1794     0.6453     0.1971     98.774     96.677    35.5996    35.5895    26.2839    26.2993    1510.77    1510.44         60 0.0000e+00
       4647  69.230553     77.000     76.554    15.5458    15.5386   4.414322   4.412982     1.3677     1.5674   -0.00731   -0.00495    89.1569     0.6693     0.2026     97.748     95.522    35.5896    35.5840    26.3075    26.3048    1510.35    1510.32         44 0.0000e+00
       4681  69.230568     78.000     77.551    15.4665    15.4657   4.406151   4.405269     1.3609     1.5559   -0.00455   -0.00415    89.1930     0.6371     0.2241     97.148     94.616    35.5872    35.5798    26.3235    26.3180    1510.11    1510.10         29 0.0000e+00
       4705  69.230576     79.000     78.542    15.3876    15.3853   4.397741   4.396703     1.3551     1.5477   -0.00451   -0.00832    89.2057     0.5865     0.2014     96.665     94.029    35.5821    35.5747    26.3374    26.3322    1509.88    1509.86         21 0.0000e+00
       4725  69.230591     80.000     79.543    15.2937    15.2864   4.387493   4.385465     1.3520     1.5429   -0.00443   -0.00801    89.2225     0.5758     0.1900     96.507     93.790    35.5739    35.5620    26.3520    26.3446    1509.59    1509.55         19 0.0000e+00
       4745  69.230598     81.000     80.542    15.1751    15.1683   4.374722   4.373144     1.3502     1.5398   -0.00514   -0.00763    89.2625     0.5545     0.1789     96.549     93.742    35.5650    35.5568    26.3716    26.3669    1509.23    1509.20         21 0.0000e+00
       4771  69.230614     82.000     81.536    15.1241    15.1200   4.369068   4.368098     1.3478     1.5361   -0.00506   -0.00740    89.3048     0.5588     0.1705     96.398     93.502    35.5594    35.5544    26.3787    26.3758    1509.08    1509.06         33 0.0000e+00
       4806  69.230629     83.000     82.522    15.1007    15.0988   4.366612   4.365935     1.3455     1.5330   -0.00253   -0.00406    89.3031     0.5325     0.1714     96.189     93.260    35.5579    35.5536    26.3828    26.3799    1509.02    1509.01         34 0.0000e+00
       4837  69.230644     84.000     83.517    15.0962    15.0947   4.366256   4.365649     1.3439     1.5312   -0.00202   -0.00315    89.2266     0.5602     0.1702     96.022     93.118    35.5584    35.5543    26.3842    26.3813    1509.02    1509.01         28 0.0000e+00
       4863  69.230652     85.000     84.514    15.0942    15.0922   4.366117   4.365497     1.3430     1.5306   -0.00159   -0.00208    89.3175     0.5309     0.1653     95.943     93.071    35.5586    35.5547    26.3848    26.3823    1509.03    1509.02         27 0.0000e+00
       4893  69.230667     86.000     85.509    15.0883    15.0876   4.365520   4.365037     1.3421     1.5303   -0.00121   -0.00128    89.3273     0.5356     0.1642     95.856     93.064    35.5581    35.5543    26.3857    26.3830    1509.03    1509.02         32 0.0000e+00
       4928  69.230690     87.000     86.500    15.0805    15.0790   4.364728   4.364150     1.3414     1.5296   -0.00084   -0.00066    89.3351     0.5452     0.1674     95.807     93.027    35.5575    35.5536    26.3870    26.3844    1509.02    1509.01         36 0.0000e+00
       4962  69.230705     88.000     87.493    15.0550    15.0530   4.361983   4.361292     1.3412     1.5290   -0.00071   -0.00002    89.3234     0.5576     0.1655     95.847     93.041    35.5553    35.5508    26.3911    26.3880    1508.95    1508.94         31 0.0000e+00
       4990  69.230713     89.000     88.485    15.0442    15.0431   4.360878   4.360362     1.3405     1.5282   -0.00030   -0.00076    89.3653     0.5762     0.1619     95.804     92.990    35.5546    35.5509    26.3930    26.3903    1508.93    1508.93         26 0.0000e+00
       5014  69.230728     90.000     89.481    15.0371    15.0356   4.360170   4.359645     1.3402     1.5291   -0.00007   -0.00030    89.3767     0.5368     0.1596     95.794     93.098    35.5542    35.5508    26.3942    26.3919    1508.93    1508.92         23 0.0000e+00
       5036  69.230736     91.000     90.481    15.0359    15.0348   4.360078   4.359604     1.3397     1.5294   -0.00048   -0.00058    89.3766     0.5190     0.1583     95.749     93.146    35.5541    35.5507    26.3944    26.3921    1508.94    1508.93         21 0.0000e+00
       5060  69.230751     92.000     91.478    15.0298    15.0282   4.359437   4.358914     1.3395     1.5293   -0.00050   -0.00002    89.3766     0.5117     0.1573     95.747     93.157    35.5533    35.5500    26.3952    26.3930    1508.94    1508.93         29 0.0000e+00
       5105  69.230774     93.000     92.465    15.0205    15.0232   4.358379   4.358260     1.3391     1.5273   -0.00033    0.00024    89.3744     0.5378     0.1583     95.743     92.999    35.5517    35.5482    26.3961    26.3927    1508.92    1508.93         58 0.0000e+00
       5150  69.230797     94.000     93.452    14.9593    14.9551   4.351624   4.350490     1.3373     1.5251   -0.00005   -0.00104    89.3860     0.5087     0.1529     95.663     92.936    35.5453    35.5388    26.4046    26.4005    1508.74    1508.72         29 0.0000e+00
       5173  69.230804     95.000     94.450    14.9006    14.8971   4.345236   4.344268     1.3364     1.5245   -0.00042   -0.00108    89.4355     0.5145     0.1497     95.694     93.000    35.5399    35.5343    26.4134    26.4099    1508.56    1508.55         21 0.0000e+00
       5194  69.230812     96.000     95.449    14.8678    14.8654   4.341664   4.340965     1.3365     1.5250   -0.00092   -0.00111    89.4467     0.4597     0.1456     95.779     93.118    35.5368    35.5325    26.4182    26.4155    1508.47    1508.46         22 0.0000e+00
       5218  69.230827     97.000     96.446    14.8516    14.8492   4.339822   4.339161     1.3370     1.5253   -0.00126   -0.00120    89.4709     0.4365     0.1411     95.882     93.193    35.5343    35.5304    26.4199    26.4174    1508.43    1508.42         26 0.0000e+00
       5245  69.230843     98.000     97.435    14.8344    14.8312   4.337917   4.337138     1.3373     1.5255   -0.00031    0.00003    89.4835     0.4273     0.1391     95.962     93.256    35.5320    35.5278    26.4219    26.4194    1508.39    1508.38         28 0.0000e+00
       5273  69.230850     99.000     98.433    14.7365    14.7285   4.326982   4.325407     1.3382     1.5265    0.00033    0.00048    89.4920     0.4409     0.1429     96.281     93.563    35.5206    35.5135    26.4345    26.4308    1508.09    1508.05         28 0.0000e+00
       5491  69.230957    100.000     99.430    14.6444    14.6394   4.316860   4.315892     1.3351     1.5248   -0.00041   -0.00009    89.5223     0.4207     0.1265     96.120     93.585    35.5113    35.5069    26.4474    26.4452    1507.80    1507.78         61 0.0000e+00
       6191  69.231293    101.000    100.422    14.6135    14.6118   4.313193   4.312737     1.3309     1.5182   -0.00056   -0.00019    89.5868     0.4025     0.1144     95.700     93.035    35.5054    35.5028    26.4497    26.4480    1507.71    1507.70         64 0.0000e+00
       6364  69.231377    102.000    101.400    14.6030    14.6012   4.312036   4.311437     1.3266     1.5145    0.00002   -0.00088    89.5987     0.4032     0.1152     95.256     92.720    35.5039    35.5001    26.4508    26.4482    1507.69    1507.68         23 0.0000e+00
       6373  69.231384    103.000    102.404    14.5727    14.5699   4.308681   4.307868     1.3268     1.5140   -0.00009   -0.00057    89.5976     0.3488     0.1137     95.344     92.743    35.5003    35.4954    26.4546    26.4514    1507.61    1507.59         17 0.0000e+00
       6389  69.231392    104.000    103.394    14.5441    14.5417   4.305547   4.304864     1.3269     1.5144   -0.00024   -0.00021    89.6143     0.3186     0.1139     95.423     92.855    35.4972    35.4931    26.4584    26.4558    1507.53    1507.52         15 0.0000e+00
       6404  69.231400    105.000    104.405    14.5275    14.5250   4.303709   4.303020     1.3262     1.5131   -0.00066   -0.00148    89.6365     0.2840     0.1156     95.394     92.770    35.4950    35.4909    26.4603    26.4577    1507.49    1507.48         15 0.0000e+00
       6424  69.231407    106.000    105.398    14.5060    14.5033   4.301269   4.300522     1.3245     1.5101   -0.00055   -0.00167    89.6050     0.2769     0.1075     95.251     92.543    35.4917    35.4873    26.4625    26.4596    1507.43    1507.42         27 0.0000e+00
       6463  69.231430    107.000    106.381    14.5134    14.5099   4.302156   4.301469     1.3229     1.5086   -0.00081   -0.00150    89.6461     0.2937     0.1006     95.066     92.407    35.4927    35.4896    26.4617    26.4601    1507.48    1507.46         50 0.0000e+00
       6505  69.231445    108.000    107.366    14.3983    14.3981   4.289229   4.288180     1.3220     1.5080   -0.00148   -0.00191    89.6545     0.3245     0.0975     95.207     92.577    35.4783    35.4687    26.4754    26.4680    1507.11    1507.10         31 0.0000e+00
       6531  69.231461    109.000    108.370    14.3362    14.3343   4.282381   4.281739     1.3231     1.5089   -0.00040    0.00009    89.6577     0.3196     0.0913     95.467     92.804    35.4714    35.4672    26.4834    26.4805    1506.92    1506.91         22 0.0000e+00
       6553  69.231468    110.000    109.362    14.3286    14.3270   4.281518   4.280975     1.3237     1.5107   -0.00081   -0.00038    89.6511     0.2848     0.0852     95.564     92.998    35.4700    35.4664    26.4839    26.4816    1506.91    1506.90         22 0.0000e+00
       6575  69.231483    111.000    110.364    14.3236    14.3220   4.280986   4.280477     1.3241     1.5116    0.00032   -0.00020    89.6812     0.2334     0.0808     95.638     93.099    35.4692    35.4659    26.4844    26.4823    1506.91    1506.90         23 0.0000e+00
       6599  69.231491    112.000    111.348    14.3206    14.3191   4.280666   4.280192     1.3240     1.5114    0.00078    0.00138    89.6981     0.2033     0.0765     95.642     93.100    35.4686    35.4656    26.4847    26.4826    1506.91    1506.90         25 0.0000e+00
       6625  69.231506    113.000    112.348    14.3191    14.3177   4.280573   4.280097     1.3239     1.5116    0.00074    0.00161    89.7086     0.2045     0.0767     95.639     93.134    35.4686    35.4655    26.4850    26.4830    1506.93    1506.92         27 0.0000e+00
       6651  69.231514    114.000    113.334    14.3188    14.3174   4.280581   4.280120     1.3234     1.5114   -0.00009   -0.00003    89.6803     0.2060     0.0774     95.596     93.128    35.4686    35.4657    26.4851    26.4832    1506.94    1506.93         24 0.0000e+00
       6675  69.231529    115.000    114.332    14.3166    14.3152   4.280383   4.279935     1.3231     1.5102   -0.00012    0.00006    89.7110     0.2059     0.0801     95.583     93.027    35.4683    35.4655    26.4854    26.4835    1506.95    1506.94         24 0.0000e+00
       6699  69.231537    116.000    115.328    14.3145    14.3131   4.280191   4.279744     1.3227     1.5098   -0.00023    0.00010    89.7199     0.2101     0.0771     95.544     93.011    35.4681    35.4652    26.4857    26.4838    1506.96    1506.95         25 0.0000e+00
