data-processing/CTD/data/cnv/dres020.cnv
* Sea-Bird SBE 9 Data File:
* FileName = C:\SEASOFT\PIRATA-FR32\data\fr32020.hex
* Software Version Seasave V 7.26.7.107
* Temperature SN = 6083
* Conductivity SN = 4509
* Number of Bytes Per Scan = 42
* Number of Voltage Words = 3
* Number of Scans Averaged by the Deck Unit = 1
* NMEA Latitude = 06 01.56 S
* NMEA Longitude = 010 00.61 W
* NMEA UTC (Time) = Mar 11 2022 01:24:21
** Cruise: PIRATA-FR32
** Ship: THALASSA
** Station: 020
** Bottom Depth: 3554
** Barometric pressure : 1008.1
** Temp Air: 28.3
** Operator: SCP
** Comments:
# nquan = 25
# nvalues = 2000                        
# units = specified
# name 0 = scan: Scan Count
# name 1 = timeJ: Julian Days
# name 2 = prDM: Pressure, Digiquartz [db]
# name 3 = depSM: Depth [salt water, m]
# name 4 = t090C: Temperature [ITS-90, deg C]
# name 5 = t190C: Temperature, 2 [ITS-90, deg C]
# name 6 = c0S/m: Conductivity [S/m]
# name 7 = c1S/m: Conductivity, 2 [S/m]
# name 8 = sbeox0V: Oxygen raw, SBE 43 [V]
# name 9 = sbeox1V: Oxygen raw, SBE 43, 2 [V]
# name 10 = sbox0dV/dT: Oxygen, SBE 43 [dov/dt]
# name 11 = sbox1dV/dT: Oxygen, SBE 43, 2 [dov/dt]
# name 12 = CStarTr0: Beam Transmission, WET Labs C-Star [%]
# name 13 = flECO-AFL: Fluorescence, WET Labs ECO-AFL/FL [mg/m^3]
# name 14 = flC: Fluorescence, Chelsea Aqua 3 Chl Con [ug/l]
# name 15 = sbox0Mm/Kg: Oxygen, SBE 43 [umol/kg], WS = 2
# name 16 = sbox1Mm/Kg: Oxygen, SBE 43, 2 [umol/kg], WS = 2
# name 17 = sal00: Salinity, Practical [PSU]
# name 18 = sal11: Salinity, Practical, 2 [PSU]
# name 19 = sigma-é00: Density [sigma-theta, kg/m^3]
# name 20 = sigma-é11: Density, 2 [sigma-theta, kg/m^3]
# name 21 = svCM: Sound Velocity [Chen-Millero, m/s]
# name 22 = svCM1: Sound Velocity, 2 [Chen-Millero, m/s]
# name 23 = nbin: number of scans per bin
# name 24 = flag: flag
# span 0 =        -87,      68654       
# span 1 =  70.058546,  70.091696       
# span 2 =      3.000,   2002.000       
# span 3 =      2.986,   1981.418       
# span 4 =     3.5561,    28.3310       
# span 5 =     3.5546,    28.3305       
# span 6 =   3.291365,   5.823346       
# span 7 =   3.290996,   5.822835       
# span 8 =     0.9945,     2.7109       
# span 9 =     1.1172,     3.1530       
# span 10 =   -0.05732,    0.00900      
# span 11 =   -0.05991,    0.01903      
# span 12 =    86.8351,    90.2803      
# span 13 =     0.0360,     1.8066      
# span 14 =     0.0114,     0.5130      
# span 15 =     66.804,    234.441      
# span 16 =     65.059,    229.391      
# span 17 =    34.5093,    36.2024      
# span 18 =    34.5057,    36.1947      
# span 19 =    23.1454,    27.8138      
# span 20 =    23.1494,    27.8111      
# span 21 =    1482.95,    1543.69      
# span 22 =    1482.94,    1543.68      
# span 23 =         12,        143      
# span 24 = 0.0000e+00, 0.0000e+00      
# interval = decibars: 1                
# start_time = Mar 11 2022 01:24:22 [System UTC, first data scan.]
# bad_flag = -9.990e-29
*END*
[from data line 1450]
      49102  70.082268   1453.000   1439.906     4.2525     4.2515   3.336522   3.336133     1.6944     1.9541    0.00061    0.00027    90.2493     0.0450     0.0155    209.854    205.078    34.9353    34.9318    27.7206    27.7180    1491.57    1491.57         23 0.0000e+00
      49124  70.082275   1454.000   1440.895     4.2507     4.2498   3.336408   3.336018     1.6944     1.9548    0.00058    0.00021    90.2518     0.0374     0.0156    209.893    205.223    34.9354    34.9318    27.7209    27.7181    1491.58    1491.58         20 0.0000e+00
      49143  70.082291   1455.000   1441.884     4.2503     4.2494   3.336414   3.336034     1.6946     1.9555    0.00085    0.00063    90.2528     0.0428     0.0160    209.957    205.345    34.9353    34.9319    27.7209    27.7183    1491.60    1491.59         19 0.0000e+00
      49162  70.082298   1456.000   1442.876     4.2496     4.2486   3.336389   3.336008     1.6947     1.9555    0.00065    0.00114    90.2418     0.0462     0.0152    210.000    205.376    34.9353    34.9319    27.7210    27.7183    1491.61    1491.60         19 0.0000e+00
      49181  70.082306   1457.000   1443.874     4.2492     4.2482   3.336399   3.336017     1.6947     1.9558    0.00011    0.00098    90.2515     0.0526     0.0150    210.041    205.457    34.9354    34.9319    27.7211    27.7184    1491.63    1491.62         23 0.0000e+00
      49209  70.082321   1458.000   1444.853     4.2488     4.2480   3.336409   3.336045     1.6950     1.9566    0.00019    0.00049    90.2545     0.0473     0.0154    210.111    205.594    34.9354    34.9320    27.7211    27.7185    1491.64    1491.63         31 0.0000e+00
      49255  70.082344   1459.000   1445.834     4.2484     4.2476   3.336416   3.336056     1.6956     1.9582    0.00011    0.00045    90.2566     0.0493     0.0177    210.257    205.855    34.9354    34.9320    27.7212    27.7186    1491.66    1491.65         54 0.0000e+00
      49293  70.082359   1460.000   1446.820     4.2477     4.2467   3.336400   3.336026     1.6957     1.9591    0.00048    0.00104    90.2565     0.0484     0.0167    210.296    206.012    34.9355    34.9322    27.7213    27.7188    1491.67    1491.66         25 0.0000e+00
      49317  70.082367   1461.000   1447.818     4.2474     4.2464   3.336422   3.336047     1.6957     1.9595    0.00024    0.00082    90.2565     0.0539     0.0166    210.326    206.102    34.9356    34.9322    27.7215    27.7189    1491.69    1491.68         22 0.0000e+00
      49336  70.082382   1462.000   1448.791     4.2476     4.2466   3.336487   3.336098     1.6957     1.9595    0.00010    0.00033    90.2565     0.0535     0.0167    210.352    206.122    34.9356    34.9321    27.7215    27.7188    1491.70    1491.70         18 0.0000e+00
      49353  70.082390   1463.000   1449.784     4.2460     4.2450   3.336364   3.335971     1.6956     1.9589    0.00011    0.00047    90.2565     0.0490     0.0156    210.376    206.078    34.9353    34.9319    27.7214    27.7188    1491.71    1491.71         16 0.0000e+00
      49370  70.082397   1464.000   1450.774     4.2442     4.2432   3.336326   3.335954     1.6955     1.9586   -0.00002    0.00062    90.2565     0.0441     0.0156    210.402    206.076    34.9363    34.9330    27.7224    27.7199    1491.72    1491.72         18 0.0000e+00
      49387  70.082405   1465.000   1451.766     4.2433     4.2425   3.336360   3.335994     1.6958     1.9587   -0.00016    0.00017    90.2565     0.0442     0.0156    210.485    206.120    34.9371    34.9338    27.7232    27.7206    1491.74    1491.73         17 0.0000e+00
      49406  70.082413   1466.000   1452.747     4.2425     4.2416   3.336357   3.335975     1.6959     1.9591   -0.00011   -0.00029    90.2565     0.0521     0.0157    210.525    206.205    34.9374    34.9339    27.7235    27.7208    1491.75    1491.74         19 0.0000e+00
      49425  70.082420   1467.000   1453.740     4.2415     4.2405   3.336339   3.335963     1.6967     1.9596   -0.00002   -0.00059    90.2565     0.0526     0.0172    210.702    206.303    34.9378    34.9344    27.7239    27.7213    1491.77    1491.76         21 0.0000e+00
      49449  70.082436   1468.000   1454.738     4.2408     4.2399   3.336345   3.335969     1.6975     1.9603    0.00018    0.00010    90.2565     0.0544     0.0183    210.868    206.445    34.9382    34.9347    27.7243    27.7216    1491.78    1491.77         27 0.0000e+00
      49497  70.082458   1469.000   1455.714     4.2426     4.2405   3.336487   3.336037     1.6990     1.9618    0.00074    0.00069    90.2565     0.0526     0.0184    211.158    206.684    34.9375    34.9344    27.7235    27.7213    1491.80    1491.79         67 0.0000e+00
      49551  70.082481   1470.000   1456.684     4.2398     4.2389   3.336363   3.336003     1.6996     1.9617    0.00087    0.00075    90.2565     0.0472     0.0159    211.307    206.700    34.9385    34.9351    27.7246    27.7221    1491.81    1491.80         35 0.0000e+00
      49575  70.082497   1471.000   1457.689     4.2395     4.2385   3.336390   3.336007     1.6994     1.9621    0.00039    0.00027    90.2565     0.0451     0.0168    211.301    206.790    34.9386    34.9352    27.7248    27.7222    1491.82    1491.82         20 0.0000e+00
      49594  70.082504   1472.000   1458.663     4.2391     4.2382   3.336401   3.336024     1.6994     1.9621    0.00017   -0.00041    90.2565     0.0433     0.0168    211.332    206.819    34.9387    34.9352    27.7249    27.7222    1491.84    1491.83         17 0.0000e+00
      49609  70.082512   1473.000   1459.652     4.2386     4.2377   3.336406   3.336035     1.6994     1.9621    0.00019   -0.00021    90.2565     0.0468     0.0162    211.362    206.849    34.9387    34.9353    27.7250    27.7224    1491.85    1491.85         14 0.0000e+00
      49624  70.082520   1474.000   1460.653     4.2384     4.2374   3.336428   3.336061     1.6994     1.9621   -0.00002    0.00004    90.2565     0.0458     0.0159    211.392    206.877    34.9387    34.9354    27.7250    27.7225    1491.87    1491.86         16 0.0000e+00
      49639  70.082527   1475.000   1461.644     4.2379     4.2370   3.336476   3.336098     1.6994     1.9621   -0.00020    0.00007    90.2565     0.0444     0.0157    211.421    206.907    34.9393    34.9358    27.7256    27.7229    1491.89    1491.88         16 0.0000e+00
      49657  70.082535   1476.000   1462.639     4.2380     4.2372   3.336568   3.336197     1.6994     1.9624   -0.00009    0.00023    90.2565     0.0447     0.0164    211.448    206.972    34.9397    34.9363    27.7259    27.7233    1491.90    1491.90         21 0.0000e+00
      49683  70.082550   1477.000   1463.622     4.2378     4.2368   3.336599   3.336210     1.6998     1.9631   -0.00000    0.00009    90.2565     0.0477     0.0164    211.537    207.096    34.9399    34.9364    27.7260    27.7234    1491.92    1491.91         29 0.0000e+00
      49716  70.082565   1478.000   1464.598     4.2352     4.2343   3.336406   3.336018     1.7005     1.9638    0.00004    0.00028    90.2565     0.0493     0.0155    211.704    207.246    34.9398    34.9363    27.7263    27.7235    1491.93    1491.92         35 0.0000e+00
      49745  70.082581   1479.000   1465.577     4.2323     4.2313   3.336202   3.335809     1.7009     1.9637    0.00036    0.00063    90.2565     0.0445     0.0154    211.816    207.270    34.9400    34.9364    27.7267    27.7240    1491.93    1491.92         26 0.0000e+00
      49771  70.082588   1480.000   1466.581     4.2291     4.2281   3.335956   3.335567     1.7013     1.9641    0.00057    0.00061    90.2565     0.0510     0.0163    211.936    207.382    34.9400    34.9365    27.7271    27.7244    1491.93    1491.93         25 0.0000e+00
      49798  70.082603   1481.000   1467.569     4.2282     4.2274   3.335934   3.335552     1.7019     1.9646    0.00032   -0.00008    90.2565     0.0539     0.0169    212.076    207.473    34.9402    34.9366    27.7274    27.7246    1491.95    1491.94         29 0.0000e+00
      49826  70.082619   1482.000   1468.549     4.2281     4.2272   3.335966   3.335584     1.7020     1.9656    0.00039    0.00035    90.2487     0.0582     0.0158    212.120    207.651    34.9401    34.9367    27.7273    27.7246    1491.96    1491.95         27 0.0000e+00
      49852  70.082626   1483.000   1469.523     4.2280     4.2271   3.336003   3.335629     1.7024     1.9659    0.00054    0.00042    90.2537     0.0506     0.0159    212.220    207.721    34.9402    34.9368    27.7274    27.7248    1491.98    1491.97         25 0.0000e+00
      49875  70.082642   1484.000   1470.528     4.2277     4.2268   3.336045   3.335662     1.7025     1.9659    0.00015    0.00059    90.2522     0.0454     0.0160    212.259    207.750    34.9405    34.9370    27.7277    27.7250    1492.00    1491.99         22 0.0000e+00
      49898  70.082649   1485.000   1471.506     4.2269     4.2260   3.336030   3.335659     1.7025     1.9659    0.00022    0.00082    90.2493     0.0453     0.0150    212.297    207.783    34.9407    34.9374    27.7279    27.7254    1492.01    1492.00         21 0.0000e+00
      49918  70.082657   1486.000   1472.505     4.2258     4.2248   3.335995   3.335605     1.7025     1.9659    0.00028    0.00006    90.2565     0.0456     0.0156    212.336    207.815    34.9409    34.9375    27.7282    27.7256    1492.02    1492.01         22 0.0000e+00
      49941  70.082672   1487.000   1473.490     4.2246     4.2237   3.335937   3.335552     1.7024     1.9659    0.00003    0.00012    90.2565     0.0546     0.0161    212.348    207.850    34.9410    34.9375    27.7284    27.7257    1492.03    1492.02         23 0.0000e+00
      49967  70.082687   1488.000   1474.484     4.2245     4.2236   3.335958   3.335582     1.7032     1.9665    0.00006    0.00010    90.2565     0.0463     0.0159    212.518    207.968    34.9409    34.9375    27.7284    27.7257    1492.05    1492.04         31 0.0000e+00
      49999  70.082703   1489.000   1475.448     4.2238     4.2228   3.335943   3.335560     1.7032     1.9667   -0.00005    0.00015    90.2529     0.0470     0.0151    212.553    208.022    34.9410    34.9375    27.7285    27.7259    1492.06    1492.05         29 0.0000e+00
      50024  70.082710   1490.000   1476.456     4.2219     4.2209   3.335814   3.335432     1.7032     1.9668    0.00033    0.00026    90.2466     0.0526     0.0158    212.593    208.077    34.9410    34.9376    27.7287    27.7262    1492.07    1492.06         24 0.0000e+00
      50047  70.082726   1491.000   1477.424     4.2194     4.2184   3.335656   3.335265     1.7032     1.9660    0.00040    0.00030    90.2521     0.0462     0.0173    212.624    208.008    34.9413    34.9378    27.7292    27.7266    1492.08    1492.07         21 0.0000e+00
      50068  70.082733   1492.000   1478.428     4.2171     4.2160   3.335489   3.335088     1.7028     1.9649    0.00006   -0.00013    90.2429     0.0460     0.0167    212.600    207.887    34.9413    34.9377    27.7295    27.7267    1492.09    1492.08         22 0.0000e+00
      50091  70.082741   1493.000   1479.413     4.2118     4.2106   3.335082   3.334661     1.7030     1.9653   -0.00002   -0.00009    90.2483     0.0454     0.0163    212.697    207.994    34.9416    34.9379    27.7303    27.7275    1492.08    1492.07         24 0.0000e+00
      50116  70.082756   1494.000   1480.404     4.2076     4.2066   3.334789   3.334404     1.7032     1.9663   -0.00021   -0.00097    90.2456     0.0458     0.0160    212.787    208.190    34.9420    34.9386    27.7311    27.7284    1492.08    1492.07         26 0.0000e+00
      50144  70.082771   1495.000   1481.392     4.2059     4.2050   3.334702   3.334314     1.7042     1.9672   -0.00002   -0.00029    90.2550     0.0521     0.0158    212.991    208.363    34.9423    34.9388    27.7315    27.7288    1492.09    1492.08         27 0.0000e+00
      50169  70.082779   1496.000   1482.363     4.2038     4.2028   3.334587   3.334197     1.7046     1.9676    0.00030    0.00067    90.2509     0.0475     0.0154    213.101    208.456    34.9427    34.9391    27.7320    27.7293    1492.10    1492.09         25 0.0000e+00
      50192  70.082794   1497.000   1483.355     4.2024     4.2016   3.334527   3.334150     1.7048     1.9686    0.00049    0.00113    90.2509     0.0448     0.0159    213.172    208.637    34.9429    34.9394    27.7324    27.7297    1492.11    1492.10         21 0.0000e+00
      50213  70.082802   1498.000   1484.350     4.2016     4.2007   3.334490   3.334104     1.7054     1.9694    0.00077    0.00046    90.2542     0.0458     0.0155    213.309    208.783    34.9429    34.9394    27.7324    27.7297    1492.12    1492.11         20 0.0000e+00
      50234  70.082809   1499.000   1485.341     4.2010     4.2000   3.334480   3.334098     1.7058     1.9696    0.00030    0.00055    90.2478     0.0469     0.0153    213.416    208.850    34.9429    34.9395    27.7325    27.7299    1492.14    1492.13         22 0.0000e+00
      50259  70.082825   1500.000   1486.326     4.2003     4.1994   3.334455   3.334083     1.7066     1.9701    0.00040    0.00100    90.2517     0.0514     0.0150    213.598    208.949    34.9429    34.9395    27.7326    27.7300    1492.15    1492.14         31 0.0000e+00
      50295  70.082840   1501.000   1487.318     4.1998     4.1987   3.334458   3.334073     1.7070     1.9710    0.00054    0.00039    90.2486     0.0452     0.0148    213.689    209.113    34.9430    34.9396    27.7327    27.7301    1492.17    1492.16         40 0.0000e+00
      50331  70.082863   1502.000   1488.284     4.1991     4.1981   3.334452   3.334067     1.7070     1.9714    0.00054    0.00071    90.2567     0.0455     0.0165    213.721    209.201    34.9431    34.9397    27.7329    27.7303    1492.18    1492.17         29 0.0000e+00
      50355  70.082870   1503.000   1489.275     4.1971     4.1959   3.334343   3.333930     1.7071     1.9716    0.00026    0.00047    90.2565     0.0453     0.0171    213.785    209.275    34.9434    34.9398    27.7334    27.7306    1492.19    1492.18         21 0.0000e+00
      50374  70.082878   1504.000   1490.274     4.1933     4.1922   3.334063   3.333663     1.7075     1.9718    0.00018    0.00035    90.2565     0.0461     0.0173    213.907    209.351    34.9437    34.9401    27.7340    27.7313    1492.19    1492.18         18 0.0000e+00
      50392  70.082886   1505.000   1491.266     4.1923     4.1913   3.334023   3.333640     1.7079     1.9720    0.00015    0.00027    90.2565     0.0451     0.0149    214.003    209.404    34.9438    34.9403    27.7342    27.7316    1492.20    1492.19         18 0.0000e+00
      50410  70.082901   1506.000   1492.244     4.1919     4.1909   3.334020   3.333647     1.7078     1.9726    0.00012    0.00016    90.2565     0.0450     0.0157    214.016    209.517    34.9437    34.9403    27.7342    27.7316    1492.22    1492.21         19 0.0000e+00
      50432  70.082909   1507.000   1493.248     4.1916     4.1907   3.334036   3.333660     1.7082     1.9731    0.00027    0.00019    90.2565     0.0443     0.0167    214.115    209.632    34.9437    34.9403    27.7342    27.7316    1492.23    1492.22         23 0.0000e+00
      50464  70.082924   1508.000   1494.218     4.1912     4.1903   3.334038   3.333661     1.7083     1.9740    0.00025    0.00050    90.2565     0.0510     0.0170    214.169    209.779    34.9436    34.9401    27.7342    27.7315    1492.25    1492.24         39 0.0000e+00
      50496  70.082939   1509.000   1495.212     4.1913     4.1903   3.334094   3.333719     1.7087     1.9736    0.00016    0.00063    90.2565     0.0460     0.0150    214.266    209.751    34.9436    34.9403    27.7342    27.7317    1492.27    1492.26         25 0.0000e+00
