data-processing/CTD/data/cnv/dres015.cnv
* Sea-Bird SBE 9 Data File:
* FileName = C:\SEASOFT\PIRATA-FR32\data\fr32015.hex
* Software Version Seasave V 7.26.7.107
* Temperature SN = 6083
* Conductivity SN = 4509
* Number of Bytes Per Scan = 42
* Number of Voltage Words = 3
* Number of Scans Averaged by the Deck Unit = 1
* NMEA Latitude = 03 29.96 S
* NMEA Longitude = 010 00.06 W
* NMEA UTC (Time) = Mar 09 2022 21:40:31
** Cruise: PIRATA-FR32
** Ship: THALASSA
** Station: 015
** Bottom Depth: 3815
** Barometric pressure : 1006.9
** Temp Air: 28.5
** Operator: LWMH
** Comments:
# nquan = 25
# nvalues = 504                         
# units = specified
# name 0 = scan: Scan Count
# name 1 = timeJ: Julian Days
# name 2 = prDM: Pressure, Digiquartz [db]
# name 3 = depSM: Depth [salt water, m]
# name 4 = t090C: Temperature [ITS-90, deg C]
# name 5 = t190C: Temperature, 2 [ITS-90, deg C]
# name 6 = c0S/m: Conductivity [S/m]
# name 7 = c1S/m: Conductivity, 2 [S/m]
# name 8 = sbeox0V: Oxygen raw, SBE 43 [V]
# name 9 = sbeox1V: Oxygen raw, SBE 43, 2 [V]
# name 10 = sbox0dV/dT: Oxygen, SBE 43 [dov/dt]
# name 11 = sbox1dV/dT: Oxygen, SBE 43, 2 [dov/dt]
# name 12 = CStarTr0: Beam Transmission, WET Labs C-Star [%]
# name 13 = flECO-AFL: Fluorescence, WET Labs ECO-AFL/FL [mg/m^3]
# name 14 = flC: Fluorescence, Chelsea Aqua 3 Chl Con [ug/l]
# name 15 = sbox0Mm/Kg: Oxygen, SBE 43 [umol/kg], WS = 2
# name 16 = sbox1Mm/Kg: Oxygen, SBE 43, 2 [umol/kg], WS = 2
# name 17 = sal00: Salinity, Practical [PSU]
# name 18 = sal11: Salinity, Practical, 2 [PSU]
# name 19 = sigma-é00: Density [sigma-theta, kg/m^3]
# name 20 = sigma-é11: Density, 2 [sigma-theta, kg/m^3]
# name 21 = svCM: Sound Velocity [Chen-Millero, m/s]
# name 22 = svCM1: Sound Velocity, 2 [Chen-Millero, m/s]
# name 23 = nbin: number of scans per bin
# name 24 = flag: flag
# span 0 =       -501,      19665       
# span 1 =  68.902906,  68.912631       
# span 2 =      2.000,    505.000       
# span 3 =      1.978,    501.608       
# span 4 =     7.0723,    28.4292       
# span 5 =     7.0707,    28.4296       
# span 6 =   3.523675,   5.691747       
# span 7 =   3.523263,   5.691135       
# span 8 =     1.0068,     2.7678       
# span 9 =     1.1323,     3.2073       
# span 10 =   -0.14104,    0.04582      
# span 11 =   -0.17221,    0.03626      
# span 12 =    85.4224,    90.0347      
# span 13 =     0.0432,     2.3722      
# span 14 =     0.0307,     0.6013      
# span 15 =     67.236,    211.938      
# span 16 =     65.583,    205.147      
# span 17 =    34.6251,    35.9791      
# span 18 =    34.6222,    35.9558      
# span 19 =    22.3760,    27.1201      
# span 20 =    22.3724,    27.1180      
# span 21 =    1486.77,    1542.58      
# span 22 =    1486.76,    1542.57      
# span 23 =         12,        104      
# span 24 = 0.0000e+00, 0.0000e+00      
# interval = decibars: 1                
# start_time = Mar 09 2022 21:40:32 [System UTC, first data scan.]
# bad_flag = -9.990e-29
*END*
[from data line 406]
      15003  68.910385    408.000    405.349     9.4221     9.4185   3.759554   3.758700     1.0076     1.1333   -0.00095   -0.00152    89.9195     0.0677     0.0387     68.347     66.573    34.8638    34.8585    26.9504    26.9468    1494.30    1494.28         20 0.0000e+00
      15023  68.910393    409.000    406.336     9.3873     9.3843   3.756104   3.755402     1.0068     1.1323   -0.00108   -0.00110    89.9237     0.0719     0.0392     68.304     66.535    34.8615    34.8571    26.9543    26.9514    1494.18    1494.17         19 0.0000e+00
      15041  68.910400    410.000    407.333     9.3494     9.3452   3.752013   3.751005     1.0082     1.1329   -0.00124   -0.00177    89.9236     0.0666     0.0391     68.569     66.670    34.8555    34.8491    26.9558    26.9515    1494.05    1494.03         19 0.0000e+00
      15059  68.910408    411.000    408.344     9.2693     9.2635   3.743736   3.742460     1.0115     1.1354   -0.00115   -0.00204    89.9236     0.0760     0.0397     69.166     67.087    34.8470    34.8394    26.9622    26.9572    1493.77    1493.74         19 0.0000e+00
      15081  68.910423    412.000    409.320     9.2106     9.2083   3.737930   3.737279     1.0160     1.1398   -0.00070   -0.00118    89.9236     0.0728     0.0391     69.879     67.673    34.8434    34.8388    26.9689    26.9657    1493.56    1493.55         24 0.0000e+00
      15110  68.910431    413.000    410.315     9.1970     9.1955   3.736551   3.736077     1.0203     1.1455    0.00269    0.00160    89.9198     0.0655     0.0402     70.492     68.337    34.8418    34.8384    26.9699    26.9674    1493.53    1493.52         33 0.0000e+00
      15142  68.910454    414.000    411.302     9.1856     9.1839   3.735396   3.734909     1.0229     1.1490    0.00472    0.00471    89.9074     0.0517     0.0411     70.871     68.752    34.8405    34.8370    26.9708    26.9683    1493.50    1493.49         30 0.0000e+00
      15169  68.910461    415.000    412.301     9.1752     9.1734   3.734377   3.733862     1.0236     1.1503    0.00351    0.00469    89.9216     0.0498     0.0394     70.998     68.921    34.8395    34.8359    26.9717    26.9691    1493.48    1493.47         24 0.0000e+00
      15192  68.910477    416.000    413.285     9.1597     9.1573   3.732814   3.732214     1.0238     1.1509    0.00226    0.00295    89.9138     0.0651     0.0382     71.054     69.027    34.8379    34.8340    26.9729    26.9702    1493.44    1493.42         22 0.0000e+00
      15212  68.910484    417.000    414.283     9.1431     9.1413   3.731185   3.730681     1.0241     1.1512    0.00123    0.00186    89.9101     0.0721     0.0399     71.137     69.089    34.8367    34.8332    26.9747    26.9722    1493.39    1493.38         21 0.0000e+00
      15235  68.910492    418.000    415.284     9.1330     9.1305   3.730141   3.729549     1.0241     1.1519    0.00049    0.00100    89.9224     0.0677     0.0406     71.163     69.201    34.8352    34.8314    26.9751    26.9726    1493.37    1493.36         23 0.0000e+00
      15260  68.910507    419.000    416.267     9.1148     9.1128   3.728294   3.727779     1.0244     1.1522    0.00024    0.00056    89.9256     0.0589     0.0411     71.243     69.276    34.8332    34.8298    26.9765    26.9742    1493.32    1493.30         25 0.0000e+00
      15283  68.910515    420.000    417.251     9.1053     9.1033   3.727343   3.726818     1.0244     1.1527    0.00025    0.00044    89.9313     0.0633     0.0419     71.269     69.348    34.8321    34.8286    26.9773    26.9748    1493.30    1493.28         22 0.0000e+00
      15303  68.910530    421.000    418.250     9.0920     9.0901   3.725998   3.725467     1.0240     1.1520    0.00010    0.00054    89.9288     0.0576     0.0403     71.242     69.304    34.8306    34.8269    26.9782    26.9756    1493.26    1493.25         18 0.0000e+00
      15320  68.910538    422.000    419.241     9.0600     9.0555   3.722635   3.721632     1.0238     1.1520    0.00023    0.00045    89.9250     0.0613     0.0390     71.289     69.375    34.8262    34.8201    26.9799    26.9759    1493.16    1493.13         17 0.0000e+00
      15337  68.910545    423.000    420.250     9.0241     9.0225   3.719083   3.718578     1.0240     1.1521    0.00004    0.00044    89.9262     0.0623     0.0385     71.388     69.446    34.8238    34.8201    26.9838    26.9811    1493.04    1493.03         18 0.0000e+00
      15358  68.910553    424.000    421.240     9.0185     9.0171   3.718514   3.718098     1.0242     1.1520   -0.00034   -0.00028    89.9376     0.0573     0.0382     71.427     69.458    34.8228    34.8198    26.9839    26.9818    1493.03    1493.02         26 0.0000e+00
      15393  68.910568    425.000    422.221     9.0169     9.0155   3.718384   3.717960     1.0237     1.1520    0.00004   -0.00008    89.9203     0.0712     0.0383     71.374     69.469    34.8225    34.8195    26.9840    26.9818    1493.04    1493.03         42 0.0000e+00
      15428  68.910591    426.000    423.213     9.0128     9.0114   3.718014   3.717605     1.0231     1.1520    0.00001   -0.00008    89.9404     0.0695     0.0388     71.314     69.485    34.8223    34.8193    26.9844    26.9824    1493.04    1493.03         26 0.0000e+00
      15452  68.910599    427.000    424.202     8.9958     8.9931   3.716246   3.715561     1.0232     1.1518   -0.00036   -0.00009    89.9353     0.0595     0.0388     71.359     69.507    34.8199    34.8154    26.9853    26.9822    1492.99    1492.98         22 0.0000e+00
      15474  68.910606    428.000    425.198     8.9610     8.9594   3.712789   3.712261     1.0237     1.1522   -0.00038    0.00005    89.9311     0.0612     0.0388     71.505     69.613    34.8172    34.8133    26.9888    26.9860    1492.88    1492.87         22 0.0000e+00
      15496  68.910622    429.000    426.197     8.9453     8.9430   3.711151   3.710579     1.0249     1.1536   -0.00034   -0.00014    89.9329     0.0670     0.0388     71.701     69.808    34.8150    34.8112    26.9896    26.9870    1492.83    1492.82         23 0.0000e+00
      15518  68.910629    430.000    427.185     8.9290     8.9278   3.709519   3.709112     1.0258     1.1548    0.00026   -0.00005    89.9472     0.0700     0.0394     71.860     69.976    34.8134    34.8103    26.9910    26.9887    1492.79    1492.78         22 0.0000e+00
      15541  68.910645    431.000    428.177     8.9244     8.9229   3.709074   3.708650     1.0264     1.1560    0.00086    0.00091    89.9474     0.0641     0.0390     71.955     70.135    34.8128    34.8098    26.9912    26.9891    1492.79    1492.78         23 0.0000e+00
      15564  68.910652    432.000    429.164     8.9211     8.9201   3.708776   3.708426     1.0264     1.1555    0.00109    0.00145    89.9474     0.0643     0.0395     71.970     70.090    34.8124    34.8097    26.9915    26.9894    1492.79    1492.78         23 0.0000e+00
      15586  68.910667    433.000    430.171     8.9157     8.9137   3.708210   3.707672     1.0262     1.1549    0.00090    0.00135    89.9474     0.0650     0.0405     71.965     70.045    34.8113    34.8077    26.9914    26.9889    1492.79    1492.77         21 0.0000e+00
      15607  68.910675    434.000    431.146     8.8982     8.8967   3.706405   3.705960     1.0253     1.1539    0.00042    0.00089    89.9474     0.0650     0.0408     71.885     69.968    34.8090    34.8059    26.9924    26.9902    1492.74    1492.73         20 0.0000e+00
      15628  68.910683    435.000    432.154     8.8881     8.8858   3.705323   3.704760     1.0245     1.1525    0.00002   -0.00052    89.9277     0.0644     0.0404     71.799     69.844    34.8071    34.8035    26.9925    26.9901    1492.71    1492.70         24 0.0000e+00
      15653  68.910698    436.000    433.144     8.8493     8.8450   3.701283   3.700434     1.0229     1.1516   -0.00048   -0.00086    89.9335     0.0644     0.0398     71.661     69.816    34.8023    34.7976    26.9949    26.9919    1492.58    1492.56         26 0.0000e+00
      15679  68.910706    437.000    434.128     8.7933     8.7913   3.695684   3.695102     1.0217     1.1500   -0.00095   -0.00129    89.9321     0.0651     0.0409     71.605     69.745    34.7978    34.7937    27.0003    26.9973    1492.38    1492.37         25 0.0000e+00
      15702  68.910721    438.000    435.122     8.7517     8.7473   3.691480   3.690542     1.0209     1.1482   -0.00132   -0.00116    89.9247     0.0650     0.0403     71.577     69.625    34.7939    34.7884    27.0038    27.0001    1492.24    1492.22         22 0.0000e+00
      15724  68.910728    439.000    436.114     8.6978     8.6946   3.686133   3.685342     1.0205     1.1475   -0.00135   -0.00123    89.9327     0.0650     0.0395     71.621     69.645    34.7901    34.7848    27.0092    27.0056    1492.05    1492.03         21 0.0000e+00
      15745  68.910744    440.000    437.111     8.6717     8.6702   3.683484   3.682994     1.0200     1.1465   -0.00098   -0.00160    89.9371     0.0715     0.0386     71.605     69.586    34.7872    34.7835    27.0111    27.0084    1491.97    1491.96         21 0.0000e+00
      15767  68.910751    441.000    438.110     8.6583     8.6567   3.682094   3.681611     1.0191     1.1458   -0.00073   -0.00152    89.9374     0.0665     0.0385     71.518     69.537    34.7853    34.7817    27.0117    27.0091    1491.93    1491.92         24 0.0000e+00
      15792  68.910767    442.000    439.090     8.6499     8.6488   3.681264   3.680865     1.0189     1.1458   -0.00059   -0.00095    89.9454     0.0752     0.0387     71.513     69.559    34.7843    34.7812    27.0122    27.0100    1491.92    1491.91         25 0.0000e+00
      15816  68.910774    443.000    440.090     8.6447     8.6432   3.680775   3.680349     1.0182     1.1455   -0.00077   -0.00108    89.9483     0.0714     0.0391     71.432     69.548    34.7838    34.7807    27.0126    27.0105    1491.91    1491.90         24 0.0000e+00
      15843  68.910789    444.000    441.078     8.6403     8.6387   3.680374   3.679960     1.0179     1.1451   -0.00047   -0.00024    89.9482     0.0593     0.0399     71.417     69.525    34.7834    34.7806    27.0130    27.0111    1491.91    1491.90         29 0.0000e+00
      15872  68.910805    445.000    442.069     8.6343     8.6326   3.679820   3.679362     1.0178     1.1448   -0.00049   -0.00011    89.9291     0.0580     0.0393     71.419     69.507    34.7830    34.7799    27.0137    27.0115    1491.91    1491.90         28 0.0000e+00
      15898  68.910812    446.000    443.058     8.6164     8.6147   3.678074   3.677597     1.0178     1.1450   -0.00034   -0.00032    89.9475     0.0608     0.0390     71.459     69.572    34.7817    34.7783    27.0154    27.0131    1491.85    1491.84         25 0.0000e+00
      15921  68.910828    447.000    444.058     8.6073     8.6056   3.677201   3.676756     1.0178     1.1447   -0.00013   -0.00035    89.9474     0.0595     0.0395     71.486     69.558    34.7809    34.7779    27.0163    27.0142    1491.84    1491.83         21 0.0000e+00
      15943  68.910835    448.000    445.053     8.5894     8.5872   3.675369   3.674836     1.0180     1.1454   -0.00020   -0.00002    89.9474     0.0634     0.0384     71.550     69.680    34.7787    34.7752    27.0173    27.0149    1491.78    1491.77         24 0.0000e+00
      15969  68.910851    449.000    446.036     8.5845     8.5833   3.674914   3.674514     1.0194     1.1464   -0.00011   -0.00007    89.9474     0.0682     0.0386     71.772     69.811    34.7782    34.7752    27.0178    27.0156    1491.78    1491.77         27 0.0000e+00
      15994  68.910858    450.000    447.030     8.5746     8.5732   3.673940   3.673515     1.0204     1.1471    0.00031    0.00016    89.9474     0.0648     0.0388     71.936     69.914    34.7772    34.7742    27.0185    27.0163    1491.76    1491.75         22 0.0000e+00
      16014  68.910873    451.000    448.017     8.5731     8.5718   3.673858   3.673476     1.0212     1.1483    0.00089    0.00096    89.9474     0.0644     0.0397     72.057     70.064    34.7774    34.7746    27.0189    27.0169    1491.77    1491.76         18 0.0000e+00
      16030  68.910881    452.000    449.004     8.5710     8.5693   3.673681   3.673246     1.0209     1.1485    0.00123    0.00101    89.9474     0.0573     0.0390     72.025     70.091    34.7771    34.7741    27.0190    27.0169    1491.78    1491.77         15 0.0000e+00
      16045  68.910889    453.000    450.032     8.5485     8.5447   3.671372   3.670467     1.0215     1.1490    0.00108    0.00076    89.9474     0.0592     0.0381     72.153     70.212    34.7743    34.7685    27.0203    27.0163    1491.71    1491.69         16 0.0000e+00
      16063  68.910896    454.000    451.009     8.4831     8.4796   3.664795   3.663922     1.0222     1.1491    0.00095    0.00087    89.9474     0.0638     0.0377     72.386     70.340    34.7686    34.7628    27.0260    27.0219    1491.47    1491.45         19 0.0000e+00
      16088  68.910904    455.000    451.994     8.4429     8.4402   3.660718   3.660023     1.0240     1.1510    0.00039    0.00087    89.9474     0.0571     0.0385     72.714     70.635    34.7645    34.7598    27.0289    27.0256    1491.33    1491.32         31 0.0000e+00
      16118  68.910919    456.000    452.987     8.4171     8.4159   3.658117   3.657697     1.0257     1.1531    0.00079    0.00044    89.9711     0.0580     0.0396     73.006     70.927    34.7618    34.7586    27.0308    27.0284    1491.25    1491.24         29 0.0000e+00
      16147  68.910934    457.000    453.983     8.4096     8.4081   3.657354   3.656911     1.0269     1.1544    0.00159    0.00159    89.9711     0.0651     0.0398     73.198     71.091    34.7607    34.7575    27.0311    27.0288    1491.24    1491.23         30 0.0000e+00
      16182  68.910950    458.000    454.970     8.3924     8.3902   3.655632   3.655065     1.0276     1.1558    0.00127    0.00147    89.9711     0.0648     0.0386     73.333     71.295    34.7589    34.7550    27.0323    27.0296    1491.19    1491.18         36 0.0000e+00
      16213  68.910965    459.000    455.954     8.3772     8.3758   3.654147   3.653723     1.0273     1.1557    0.00094    0.00123    89.9664     0.0759     0.0372     73.328     71.325    34.7576    34.7545    27.0336    27.0314    1491.15    1491.14         28 0.0000e+00
      16236  68.910980    460.000    456.961     8.3674     8.3656   3.653184   3.652694     1.0264     1.1557    0.00042    0.00090    89.9477     0.0716     0.0381     73.231     71.352    34.7566    34.7531    27.0344    27.0319    1491.12    1491.11         19 0.0000e+00
      16255  68.910988    461.000    457.943     8.3575     8.3557   3.652237   3.651752     1.0259     1.1549    0.00001    0.00022    89.9500     0.0661     0.0394     73.189     71.288    34.7558    34.7524    27.0353    27.0329    1491.10    1491.09         18 0.0000e+00
      16273  68.910995    462.000    458.947     8.3428     8.3410   3.650772   3.650287     1.0251     1.1540   -0.00032    0.00007    89.9624     0.0653     0.0393     73.117     71.217    34.7543    34.7509    27.0363    27.0340    1491.06    1491.05         20 0.0000e+00
      16294  68.911003    463.000    459.934     8.3318     8.3297   3.649678   3.649138     1.0238     1.1530   -0.00074   -0.00024    89.9610     0.0639     0.0383     72.966     71.135    34.7530    34.7494    27.0371    27.0345    1491.04    1491.02         21 0.0000e+00
      16316  68.911018    464.000    460.920     8.3103     8.3081   3.647534   3.646947     1.0228     1.1519   -0.00080   -0.00080    89.9587     0.0644     0.0385     72.863     71.061    34.7509    34.7468    27.0387    27.0358    1490.97    1490.96         23 0.0000e+00
