data-processing/CTD/data/cnv/dres019.cnv
* Sea-Bird SBE 9 Data File:
* FileName = C:\SEASOFT\PIRATA-FR32\data\fr32019.hex
* Software Version Seasave V 7.26.7.107
* Temperature SN = 6083
* Conductivity SN = 4509
* Number of Bytes Per Scan = 42
* Number of Voltage Words = 3
* Number of Scans Averaged by the Deck Unit = 1
* NMEA Latitude = 05 29.90 S
* NMEA Longitude = 010 00.01 W
* NMEA UTC (Time) = Mar 10 2022 12:46:45
** Cruise: PIRATA-FR32
** Ship: THALASSA
** Station: 019
** Bottom Depth: 3384
** Barometric pressure : 1007.6
** Temp Air: 28.4
** Operator: SCP
** Comments:
# nquan = 25
# nvalues = 499                         
# units = specified
# name 0 = scan: Scan Count
# name 1 = timeJ: Julian Days
# name 2 = prDM: Pressure, Digiquartz [db]
# name 3 = depSM: Depth [salt water, m]
# name 4 = t090C: Temperature [ITS-90, deg C]
# name 5 = t190C: Temperature, 2 [ITS-90, deg C]
# name 6 = c0S/m: Conductivity [S/m]
# name 7 = c1S/m: Conductivity, 2 [S/m]
# name 8 = sbeox0V: Oxygen raw, SBE 43 [V]
# name 9 = sbeox1V: Oxygen raw, SBE 43, 2 [V]
# name 10 = sbox0dV/dT: Oxygen, SBE 43 [dov/dt]
# name 11 = sbox1dV/dT: Oxygen, SBE 43, 2 [dov/dt]
# name 12 = CStarTr0: Beam Transmission, WET Labs C-Star [%]
# name 13 = flECO-AFL: Fluorescence, WET Labs ECO-AFL/FL [mg/m^3]
# name 14 = flC: Fluorescence, Chelsea Aqua 3 Chl Con [ug/l]
# name 15 = sbox0Mm/Kg: Oxygen, SBE 43 [umol/kg], WS = 2
# name 16 = sbox1Mm/Kg: Oxygen, SBE 43, 2 [umol/kg], WS = 2
# name 17 = sal00: Salinity, Practical [PSU]
# name 18 = sal11: Salinity, Practical, 2 [PSU]
# name 19 = sigma-é00: Density [sigma-theta, kg/m^3]
# name 20 = sigma-é11: Density, 2 [sigma-theta, kg/m^3]
# name 21 = svCM: Sound Velocity [Chen-Millero, m/s]
# name 22 = svCM1: Sound Velocity, 2 [Chen-Millero, m/s]
# name 23 = nbin: number of scans per bin
# name 24 = flag: flag
# span 0 =      -1073,      21520       
# span 1 =  69.531959,  69.542854       
# span 2 =      3.000,    501.000       
# span 3 =      2.981,    497.618       
# span 4 =     7.6125,    28.4813       
# span 5 =     7.6113,    28.4707       
# span 6 =   3.577702,   5.829354       
# span 7 =   3.577317,   5.827801       
# span 8 =     1.0857,     2.7124       
# span 9 =     1.2262,     3.1498       
# span 10 =   -0.08362,    0.03782      
# span 11 =   -0.07674,    0.04357      
# span 12 =    87.8171,    90.0502      
# span 13 =     0.0470,     1.5293      
# span 14 =     0.0239,     0.4352      
# span 15 =     80.717,    205.920      
# span 16 =     78.629,    199.606      
# span 17 =    34.6758,    36.1052      
# span 18 =    34.6728,    36.0968      
# span 19 =    23.0506,    27.0836      
# span 20 =    23.0518,    27.0815      
# span 21 =    1488.85,    1544.00      
# span 22 =    1488.84,    1544.00      
# span 23 =         13,        111      
# span 24 = 0.0000e+00, 0.0000e+00      
# interval = decibars: 1                
# start_time = Mar 10 2022 12:46:46 [System UTC, first data scan.]
# bad_flag = -9.990e-29
*END*
      -1073  69.531960      3.000      2.981    28.4813    28.4671   5.829354   5.827167     2.6293     3.0796   -0.00086    0.00040    89.2399     0.0895     0.0239    189.502    186.449    36.0828    36.0783    23.0506    23.0520    1543.57    1543.54         23 0.0000e+00
       2092  69.533485      4.000      3.990    28.4607    28.4656   5.827152   5.827105     2.6427     3.0731   -0.00004   -0.00238    89.2042     0.0790     0.0293    190.781    186.001    36.0828    36.0788    23.0576    23.0529    1543.55    1543.55         64 0.0000e+00
       2869  69.533859      5.000      4.978    28.4678    28.4707   5.827991   5.827801     2.6428     3.0806   -0.00274   -0.00385    89.2021     0.0728     0.0304    190.784    186.556    36.0830    36.0795    23.0554    23.0518    1543.58    1543.58         27 0.0000e+00
       2916  69.533882      6.000      5.968    28.4650    28.4681   5.827723   5.827497     2.6453     3.0816    0.00179    0.00369    89.2315     0.0886     0.0290    191.042    186.656    36.0829    36.0790    23.0564    23.0524    1543.59    1543.59         80 0.0000e+00
       2975  69.533913      7.000      6.959    28.4561    28.4562   5.826782   5.826191     2.6438     3.0803    0.00023   -0.00115    89.2207     0.0902     0.0304    190.954    186.619    36.0829    36.0787    23.0594    23.0562    1543.59    1543.58         35 0.0000e+00
       3012  69.533928      8.000      7.958    28.4526    28.4514   5.826430   5.825751     2.6436     3.0825   -0.00157   -0.00005    89.2183     0.0902     0.0285    190.975    186.810    36.0827    36.0789    23.0605    23.0580    1543.60    1543.59         44 0.0000e+00
       3072  69.533958      9.000      8.950    28.4522    28.4516   5.826422   5.825794     2.6444     3.0842    0.00019    0.00144    89.2069     0.0833     0.0303    191.064    186.960    36.0827    36.0788    23.0607    23.0579    1543.61    1543.61         80 0.0000e+00
       3143  69.533989     10.000      9.943    28.4490    28.4480   5.826123   5.825440     2.6415     3.0796    0.00063   -0.00175    89.2186     0.0870     0.0317    190.838    186.654    36.0827    36.0787    23.0619    23.0592    1543.62    1543.61         48 0.0000e+00
       3194  69.534019     11.000     10.939    28.4474    28.4464   5.825980   5.825296     2.6436     3.0805   -0.00085   -0.00087    89.1890     0.0887     0.0315    191.053    186.744    36.0826    36.0787    23.0624    23.0597    1543.63    1543.63         65 0.0000e+00
       3258  69.534050     12.000     11.933    28.4436    28.4434   5.825593   5.825011     2.6432     3.0766   -0.00010   -0.00004    89.1996     0.0831     0.0314    191.055    186.494    36.0825    36.0787    23.0636    23.0608    1543.64    1543.64         58 0.0000e+00
       3311  69.534073     13.000     12.924    28.4417    28.4398   5.825424   5.824635     2.6412     3.0759    0.00064   -0.00185    89.1691     0.0852     0.0334    190.909    186.473    36.0825    36.0785    23.0643    23.0619    1543.66    1543.65         45 0.0000e+00
       3347  69.534088     14.000     13.919    28.4364    28.4356   5.824881   5.824240     2.6431     3.0751   -0.00128   -0.00104    89.1966     0.0956     0.0333    191.112    186.449    36.0824    36.0786    23.0661    23.0635    1543.66    1543.65         29 0.0000e+00
       3375  69.534103     15.000     14.921    28.4367    28.4361   5.824945   5.824336     2.6430     3.0785   -0.00041    0.00005    89.1849     0.1051     0.0358    191.129    186.715    36.0824    36.0786    23.0661    23.0634    1543.68    1543.67         30 0.0000e+00
       3418  69.534126     16.000     15.911    28.4356    28.4349   5.824862   5.824216     2.6417     3.0745    0.00055    0.00093    89.1802     0.0970     0.0345    191.034    186.453    36.0823    36.0783    23.0664    23.0637    1543.69    1543.69         60 0.0000e+00
       3475  69.534149     17.000     16.904    28.4332    28.4323   5.824636   5.823985     2.6401     3.0767   -0.00092   -0.00215    89.1849     0.0950     0.0340    190.919    186.643    36.0822    36.0784    23.0673    23.0647    1543.70    1543.70         45 0.0000e+00
       3516  69.534172     18.000     17.901    28.4325    28.4318   5.824605   5.823978     2.6414     3.0745   -0.00087    0.00153    89.1779     0.1007     0.0356    191.066    186.504    36.0823    36.0785    23.0676    23.0650    1543.72    1543.71         42 0.0000e+00
       3559  69.534195     19.000     18.891    28.4327    28.4320   5.824684   5.824045     2.6419     3.0738    0.00112   -0.00097    89.1379     0.0988     0.0370    191.128    186.473    36.0824    36.0785    23.0677    23.0650    1543.74    1543.73         39 0.0000e+00
       3592  69.534210     20.000     19.887    28.4326    28.4319   5.824715   5.824086     2.6407     3.0753   -0.00058   -0.00130    89.1752     0.0947     0.0372    191.044    186.610    36.0824    36.0785    23.0678    23.0651    1543.75    1543.75         30 0.0000e+00
       3622  69.534225     21.000     20.885    28.4317    28.4313   5.824675   5.824069     2.6382     3.0734    0.00095   -0.00009    89.1649     0.1064     0.0372    190.853    186.491    36.0825    36.0786    23.0683    23.0655    1543.77    1543.76         33 0.0000e+00
       3658  69.534241     22.000     21.878    28.4318    28.4312   5.824734   5.824107     2.6410     3.0708   -0.00203    0.00097    89.1709     0.1101     0.0378    191.122    186.326    36.0825    36.0786    23.0684    23.0656    1543.79    1543.78         37 0.0000e+00
       3698  69.534256     23.000     22.870    28.4316    28.4309   5.824756   5.824134     2.6412     3.0666    0.00093   -0.00246    89.1659     0.0922     0.0383    191.159    186.041    36.0825    36.0787    23.0685    23.0658    1543.80    1543.80         41 0.0000e+00
       3737  69.534279     24.000     23.865    28.4318    28.4313   5.824830   5.824216     2.6408     3.0732   -0.00002   -0.00195    89.1664     0.1058     0.0390    191.152    186.545    36.0826    36.0787    23.0685    23.0658    1543.82    1543.81         37 0.0000e+00
       3775  69.534294     25.000     24.862    28.4317    28.4312   5.824851   5.824240     2.6408     3.0640    0.00040    0.00166    89.1648     0.1109     0.0387    191.174    185.895    36.0825    36.0786    23.0686    23.0658    1543.84    1543.83         43 0.0000e+00
       3821  69.534317     26.000     25.853    28.4289    28.4282   5.824595   5.823959     2.6415     3.0628   -0.00036   -0.00320    89.1646     0.0967     0.0382    191.270    185.834    36.0826    36.0787    23.0697    23.0669    1543.85    1543.84         45 0.0000e+00
       3862  69.534340     27.000     26.852    28.4274    28.4264   5.824485   5.823829     2.6416     3.0685    0.00045   -0.00203    89.1711     0.1070     0.0389    191.300    186.282    36.0826    36.0788    23.0703    23.0677    1543.86    1543.85         41 0.0000e+00
       3912  69.534363     28.000     27.840    28.4264    28.4258   5.824414   5.823780     2.6395     3.0643    0.00003    0.00333    89.1603     0.1096     0.0416    191.137    185.996    36.0826    36.0786    23.0706    23.0679    1543.88    1543.87         53 0.0000e+00
       3953  69.534386     29.000     28.829    28.4262    28.4255   5.824450   5.823828     2.6368     3.0611   -0.00143   -0.00350    89.1532     0.1203     0.0395    190.926    185.782    36.0827    36.0788    23.0708    23.0682    1543.89    1543.89         29 0.0000e+00
       3977  69.534393     30.000     29.831    28.4244    28.4237   5.824295   5.823656     2.6367     3.0622   -0.00050   -0.00036    89.1397     0.1072     0.0414    190.940    185.893    36.0826    36.0788    23.0715    23.0688    1543.90    1543.90         23 0.0000e+00
       4000  69.534409     31.000     30.831    28.4221    28.4221   5.824071   5.823515     2.6389     3.0574   -0.00171   -0.00239    89.1388     0.1135     0.0423    191.164    185.565    36.0826    36.0786    23.0723    23.0693    1543.92    1543.91         24 0.0000e+00
       4035  69.534424     32.000     31.825    28.4220    28.4218   5.824091   5.823510     2.6397     3.0621    0.00003   -0.00166    89.1416     0.1144     0.0436    191.264    185.935    36.0825    36.0786    23.0724    23.0695    1543.93    1543.93         52 0.0000e+00
       4116  69.534462     33.000     32.813    28.4222    28.4222   5.824142   5.823603     2.6386     3.0605    0.00063   -0.00050    89.1267     0.1244     0.0458    191.186    185.834    36.0824    36.0786    23.0723    23.0695    1543.95    1543.95         88 0.0000e+00
       4173  69.534485     34.000     33.804    28.4199    28.4191   5.823952   5.823317     2.6346     3.0576   -0.00114    0.00509    89.1519     0.1205     0.0473    190.858    185.651    36.0825    36.0787    23.0732    23.0706    1543.96    1543.96         35 0.0000e+00
       4202  69.534500     35.000     34.802    28.4190    28.4181   5.823907   5.823279     2.6343     3.0503   -0.00258   -0.00177    89.1506     0.1351     0.0475    190.855    185.147    36.0826    36.0788    23.0737    23.0711    1543.98    1543.97         28 0.0000e+00
       4229  69.534515     36.000     35.799    28.4183    28.4175   5.823882   5.823245     2.6361     3.0482   -0.00099   -0.00376    89.1405     0.1383     0.0495    191.047    185.011    36.0826    36.0788    23.0740    23.0713    1543.99    1543.99         28 0.0000e+00
       4262  69.534531     37.000     36.795    28.4147    28.4140   5.823593   5.822958     2.6368     3.0523   -0.00002   -0.00547    89.1242     0.1329     0.0522    191.140    185.348    36.0830    36.0791    23.0756    23.0728    1544.00    1544.00         38 0.0000e+00
       4307  69.534554     38.000     37.787    28.4041    28.4048   5.822644   5.822113     2.6375     3.0576    0.00098    0.00155    89.1174     0.1461     0.0547    191.257    185.777    36.0842    36.0799    23.0801    23.0766    1544.00    1543.99         52 0.0000e+00
       4361  69.534576     39.000     38.782    28.3918    28.3901   5.821536   5.820807     2.6421     3.0623    0.00119    0.00171    89.0982     0.1532     0.0566    191.724    186.186    36.0855    36.0817    23.0852    23.0829    1543.99    1543.98         63 0.0000e+00
       4474  69.534630     40.000     39.761    28.3899    28.3875   5.821417   5.820612     2.6373     3.0589    0.00128   -0.00125    89.0918     0.1608     0.0613    191.324    185.964    36.0858    36.0820    23.0861    23.0841    1544.00    1543.99         56 0.0000e+00
       4498  69.534645     41.000     40.757    28.3702    28.3694   5.819644   5.818942     2.6329     3.0577   -0.00114   -0.00069    89.0672     0.1559     0.0631    191.010    185.946    36.0881    36.0839    23.0944    23.0915    1543.98    1543.97         20 0.0000e+00
       4515  69.534653     42.000     41.764    28.3544    28.3537   5.818181   5.817445     2.6353     3.0534   -0.00444   -0.00476    89.0674     0.1626     0.0631    191.285    185.690    36.0896    36.0850    23.1009    23.0977    1543.96    1543.96         15 0.0000e+00
       4532  69.534660     43.000     42.763    28.3356    28.3353   5.816343   5.815643     2.6439     3.0507   -0.00430   -0.00153    89.0478     0.1662     0.0652    192.134    185.567    36.0908    36.0861    23.1081    23.1046    1543.94    1543.93         20 0.0000e+00
       4565  69.534676     44.000     43.760    28.3246    28.3368   5.815278   5.815930     2.6437     3.0671    0.00106   -0.00267    89.0112     0.1853     0.0693    192.176    186.790    36.0915    36.0867    23.1123    23.1047    1543.93    1543.95         55 0.0000e+00
       4636  69.534714     45.000     44.744    28.2698    28.2889   5.809882   5.810802     2.6456     3.0692    0.00022    0.00742    89.0289     0.2026     0.0660    192.525    187.098    36.0952    36.0871    23.1333    23.1208    1543.83    1543.87         69 0.0000e+00
       4701  69.534744     46.000     45.739    28.0916    28.0924   5.791712   5.790834     2.6558     3.0797    0.00367    0.00139    88.9514     0.2282     0.0832    193.987    188.422    36.1036    36.0968    23.1983    23.1930    1543.47    1543.46         70 0.0000e+00
       4759  69.534775     47.000     46.727    27.8404    27.8242   5.764634   5.761418     2.6584     3.0858    0.00256    0.00263    88.8300     0.2470     0.0941    195.007    189.645    36.1052    36.0949    23.2819    23.2794    1542.94    1542.89         37 0.0000e+00
       4784  69.534782     48.000     47.727    27.4935    27.4781   5.726570   5.722651     2.6697     3.0954    0.00055    0.00120    88.7208     0.2684     0.1013    197.122    191.371    36.1023    36.0863    23.3927    23.3856    1542.18    1542.13         21 0.0000e+00
       4805  69.534790     49.000     48.723    27.0260    27.0008   5.673846   5.668541     2.6892     3.1170    0.00046    0.00126    88.6216     0.2959     0.1121    200.407    194.402    36.0876    36.0691    23.5324    23.5265    1541.13    1541.05         21 0.0000e+00
       4826  69.534805     50.000     49.705    26.7404    26.7322   5.642159   5.639645     2.7027     3.1308    0.00360    0.00809    88.5330     0.3350     0.1273    202.588    196.248    36.0817    36.0700    23.6194    23.6132    1540.49    1540.46         21 0.0000e+00
       4847  69.534813     51.000     50.720    26.6290    26.6244   5.629482   5.627595     2.7041     3.1337    0.01375    0.01184    88.4947     0.3721     0.1358    203.102    196.815    36.0768    36.0668    23.6512    23.6451    1540.25    1540.22         22 0.0000e+00
       4871  69.534828     52.000     51.706    26.4659    26.4510   5.610560   5.607022     2.7124     3.1423    0.01962    0.02085    88.5118     0.4011     0.1460    204.438    198.021    36.0671    36.0531    23.6957    23.6898    1539.88    1539.83         26 0.0000e+00
       4937  69.534859     53.000     52.709    26.6482    26.7426   5.631609   5.641470     2.7034     3.1498    0.00192    0.00643    88.5303     0.4375     0.1525    203.030    197.724    36.0765    36.0739    23.6449    23.6127    1540.32    1540.53         60 0.0000e+00
       5004  69.534889     54.000     53.693    26.4929    26.3583   5.613347   5.596055     2.6955     3.1296   -0.01100   -0.01225    88.5534     0.4303     0.1467    202.838    197.393    36.0654    36.0453    23.6857    23.7132    1539.97    1539.64         32 0.0000e+00
       5038  69.534904     55.000     54.688    25.9724    25.9515   5.555256   5.551178     2.6981     3.1316   -0.00577   -0.00535    88.5615     0.4188     0.1505    204.812    198.807    36.0509    36.0375    23.8389    23.8353    1538.77    1538.70         37 0.0000e+00
       5079  69.534927     56.000     55.679    25.6982    25.6859   5.524674   5.521896     2.6857     3.1207    0.00544   -0.00280    88.5676     0.4557     0.1525    204.585    198.806    36.0427    36.0320    23.9183    23.9140    1538.13    1538.09         42 0.0000e+00
       5111  69.534943     57.000     56.673    25.2023    25.1715   5.467981   5.460896     2.6613     3.0923   -0.00232    0.00027    88.5110     0.4962     0.1603    203.986    198.275    36.0167    35.9885    24.0515    24.0396    1536.94    1536.84         25 0.0000e+00
       5134  69.534950     58.000     57.666    24.6684    24.6610   5.410008   5.407220     2.6525     3.0816   -0.00767   -0.00663    88.3657     0.5170     0.1787    204.962    199.041    36.0103    35.9953    24.2096    24.2004    1535.67    1535.63         21 0.0000e+00
       5158  69.534966     59.000     58.673    24.5082    24.4969   5.391741   5.388882     2.6565     3.0819   -0.01690   -0.01879    88.2740     0.6368     0.2099    205.920    199.606    36.0012    35.9888    24.2512    24.2452    1535.29    1535.25         30 0.0000e+00
