data-processing/CTD/data/cnv/dres019.cnv
* Sea-Bird SBE 9 Data File:
* FileName = C:\SEASOFT\PIRATA-FR32\data\fr32019.hex
* Software Version Seasave V 7.26.7.107
* Temperature SN = 6083
* Conductivity SN = 4509
* Number of Bytes Per Scan = 42
* Number of Voltage Words = 3
* Number of Scans Averaged by the Deck Unit = 1
* NMEA Latitude = 05 29.90 S
* NMEA Longitude = 010 00.01 W
* NMEA UTC (Time) = Mar 10 2022 12:46:45
** Cruise: PIRATA-FR32
** Ship: THALASSA
** Station: 019
** Bottom Depth: 3384
** Barometric pressure : 1007.6
** Temp Air: 28.4
** Operator: SCP
** Comments:
# nquan = 25
# nvalues = 499                         
# units = specified
# name 0 = scan: Scan Count
# name 1 = timeJ: Julian Days
# name 2 = prDM: Pressure, Digiquartz [db]
# name 3 = depSM: Depth [salt water, m]
# name 4 = t090C: Temperature [ITS-90, deg C]
# name 5 = t190C: Temperature, 2 [ITS-90, deg C]
# name 6 = c0S/m: Conductivity [S/m]
# name 7 = c1S/m: Conductivity, 2 [S/m]
# name 8 = sbeox0V: Oxygen raw, SBE 43 [V]
# name 9 = sbeox1V: Oxygen raw, SBE 43, 2 [V]
# name 10 = sbox0dV/dT: Oxygen, SBE 43 [dov/dt]
# name 11 = sbox1dV/dT: Oxygen, SBE 43, 2 [dov/dt]
# name 12 = CStarTr0: Beam Transmission, WET Labs C-Star [%]
# name 13 = flECO-AFL: Fluorescence, WET Labs ECO-AFL/FL [mg/m^3]
# name 14 = flC: Fluorescence, Chelsea Aqua 3 Chl Con [ug/l]
# name 15 = sbox0Mm/Kg: Oxygen, SBE 43 [umol/kg], WS = 2
# name 16 = sbox1Mm/Kg: Oxygen, SBE 43, 2 [umol/kg], WS = 2
# name 17 = sal00: Salinity, Practical [PSU]
# name 18 = sal11: Salinity, Practical, 2 [PSU]
# name 19 = sigma-é00: Density [sigma-theta, kg/m^3]
# name 20 = sigma-é11: Density, 2 [sigma-theta, kg/m^3]
# name 21 = svCM: Sound Velocity [Chen-Millero, m/s]
# name 22 = svCM1: Sound Velocity, 2 [Chen-Millero, m/s]
# name 23 = nbin: number of scans per bin
# name 24 = flag: flag
# span 0 =      -1073,      21520       
# span 1 =  69.531959,  69.542854       
# span 2 =      3.000,    501.000       
# span 3 =      2.981,    497.618       
# span 4 =     7.6125,    28.4813       
# span 5 =     7.6113,    28.4707       
# span 6 =   3.577702,   5.829354       
# span 7 =   3.577317,   5.827801       
# span 8 =     1.0857,     2.7124       
# span 9 =     1.2262,     3.1498       
# span 10 =   -0.08362,    0.03782      
# span 11 =   -0.07674,    0.04357      
# span 12 =    87.8171,    90.0502      
# span 13 =     0.0470,     1.5293      
# span 14 =     0.0239,     0.4352      
# span 15 =     80.717,    205.920      
# span 16 =     78.629,    199.606      
# span 17 =    34.6758,    36.1052      
# span 18 =    34.6728,    36.0968      
# span 19 =    23.0506,    27.0836      
# span 20 =    23.0518,    27.0815      
# span 21 =    1488.85,    1544.00      
# span 22 =    1488.84,    1544.00      
# span 23 =         13,        111      
# span 24 = 0.0000e+00, 0.0000e+00      
# interval = decibars: 1                
# start_time = Mar 10 2022 12:46:46 [System UTC, first data scan.]
# bad_flag = -9.990e-29
*END*
[from data line 174]
      10468  69.537521    177.000    175.951    12.3938    12.3853   4.068493   4.066536     1.2486     1.4231   -0.00252   -0.00366    89.9926     0.0533     0.0312     91.370     89.145    35.2198    35.2088    26.6882    26.6814    1501.35    1501.31         22 0.0000e+00
      10495  69.537537    178.000    176.943    12.2834    12.2800   4.056558   4.055618     1.2462     1.4190   -0.00276   -0.00438    89.9738     0.0583     0.0307     91.308     88.952    35.2075    35.2016    26.7002    26.6962    1500.98    1500.96         35 0.0000e+00
      10543  69.537560    179.000    177.931    12.2783    12.3772   4.056150   4.066739     1.2429     1.4124   -0.00220   -0.00384    89.9586     0.0627     0.0321     90.926     88.116    35.2079    35.2176    26.7015    26.6897    1500.98    1501.32         52 0.0000e+00
      10583  69.537582    180.000    178.913    12.2426    12.2369   4.052268   4.051291     1.2386     1.4079   -0.00157   -0.00345    89.9897     0.0616     0.0330     90.487     87.957    35.2033    35.1993    26.7049    26.7029    1500.87    1500.84         28 0.0000e+00
      10604  69.537590    181.000    179.912    12.2352    12.2337   4.051560   4.051063     1.2357     1.4066   -0.00162   -0.00304    89.9823     0.0661     0.0330     90.154     87.840    35.2030    35.1996    26.7061    26.7037    1500.86    1500.85         19 0.0000e+00
      10621  69.537598    182.000    180.900    12.2253    12.2238   4.050531   4.050009     1.2350     1.4059   -0.00217   -0.00287    89.9839     0.0663     0.0326     90.109     87.800    35.2019    35.1982    26.7072    26.7046    1500.84    1500.83         15 0.0000e+00
      10636  69.537605    183.000    181.915    12.2150    12.2133   4.049485   4.048951     1.2346     1.4056   -0.00290   -0.00275    89.9773     0.0616     0.0336     90.082     87.800    35.2009    35.1974    26.7085    26.7061    1500.82    1500.81         15 0.0000e+00
      10652  69.537613    184.000    182.901    12.1993    12.1952   4.047671   4.046584     1.2338     1.4042   -0.00314   -0.00210    89.9753     0.0571     0.0382     90.037     87.710    35.1977    35.1909    26.7090    26.7045    1500.78    1500.76         17 0.0000e+00
      10670  69.537621    185.000    183.900    12.1053    12.1001   4.037310   4.036041     1.2346     1.4039   -0.00249   -0.00147    89.9761     0.0504     0.0346     90.336     87.886    35.1849    35.1775    26.7172    26.7124    1500.46    1500.43         19 0.0000e+00
      10691  69.537636    186.000    184.889    12.0659    12.0642   4.033144   4.032540     1.2366     1.4066   -0.00105   -0.00084    89.9784     0.0554     0.0325     90.672     88.235    35.1810    35.1767    26.7218    26.7188    1500.34    1500.33         23 0.0000e+00
      10714  69.537643    187.000    185.880    12.0204    12.0141   4.027760   4.026377     1.2446     1.4133   -0.00060   -0.00136    89.9474     0.0545     0.0318     91.763     89.029    35.1709    35.1633    26.7227    26.7180    1500.19    1500.16         24 0.0000e+00
      10739  69.537659    188.000    186.871    11.9493    11.9464   4.019898   4.019158     1.2580     1.4287    0.00131    0.00083    89.9713     0.0527     0.0316     93.583     90.731    35.1608    35.1562    26.7284    26.7254    1499.95    1499.93         25 0.0000e+00
      10765  69.537666    189.000    187.872    11.9275    11.9255   4.017606   4.017061     1.2679     1.4427    0.00536    0.00496    89.9817     0.0549     0.0313     94.865     92.189    35.1585    35.1551    26.7308    26.7285    1499.89    1499.88         27 0.0000e+00
      10794  69.537682    190.000    188.860    11.9228    11.9213   4.017267   4.016800     1.2681     1.4473    0.01194    0.01299    89.9902     0.0533     0.0300     94.912     92.672    35.1592    35.1561    26.7323    26.7302    1499.89    1499.88         31 0.0000e+00
      10824  69.537697    191.000    189.851    11.9148    11.9130   4.016484   4.015957     1.2644     1.4438    0.00904    0.01275    89.9847     0.0564     0.0303     94.482     92.354    35.1586    35.1551    26.7334    26.7310    1499.88    1499.87         28 0.0000e+00
      10850  69.537712    192.000    190.848    11.9071    11.9056   4.015737   4.015319     1.2616     1.4399    0.00082    0.00459    89.9702     0.0653     0.0300     94.161     91.979    35.1582    35.1554    26.7346    26.7327    1499.87    1499.86         25 0.0000e+00
      10874  69.537720    193.000    191.837    11.9058    11.9037   4.015665   4.015132     1.2578     1.4354   -0.00285   -0.00207    89.9701     0.0612     0.0285     93.713     91.551    35.1583    35.1550    26.7349    26.7327    1499.88    1499.87         24 0.0000e+00
      10897  69.537735    194.000    192.835    11.8727    11.8679   4.012077   4.010973     1.2542     1.4306   -0.00259   -0.00336    89.9746     0.0548     0.0296     93.345     91.151    35.1539    35.1477    26.7378    26.7339    1499.78    1499.75         21 0.0000e+00
      10917  69.537743    195.000    193.824    11.8104    11.8077   4.005335   4.004557     1.2563     1.4307   -0.00291   -0.00398    89.9723     0.0511     0.0298     93.754     91.298    35.1463    35.1412    26.7437    26.7403    1499.57    1499.56         20 0.0000e+00
      10936  69.537750    196.000    194.818    11.7787    11.7751   4.001702   4.000804     1.2645     1.4376   -0.00379   -0.00440    89.9802     0.0494     0.0293     94.844     92.079    35.1402    35.1347    26.7450    26.7414    1499.47    1499.45         18 0.0000e+00
      10956  69.537758    197.000    195.820    11.7440    11.7403   3.997758   3.996934     1.2770     1.4502   -0.00333   -0.00454    89.9766     0.0505     0.0297     96.485     93.436    35.1339    35.1292    26.7467    26.7437    1499.36    1499.34         22 0.0000e+00
      10980  69.537773    198.000    196.809    11.7126    11.7099   3.994330   3.993676     1.2905     1.4678    0.00312    0.00099    89.9929     0.0516     0.0292     98.254     95.305    35.1294    35.1255    26.7492    26.7466    1499.27    1499.25         26 0.0000e+00
      11006  69.537781    199.000    197.805    11.6875    11.6844   3.991840   3.991183     1.2923     1.4762    0.01222    0.01124    89.9949     0.0513     0.0280     98.539     96.214    35.1283    35.1247    26.7530    26.7508    1499.19    1499.18         25 0.0000e+00
      11030  69.537796    200.000    198.792    11.6715    11.6697   3.990273   3.989756     1.2852     1.4710    0.01474    0.01689    89.9949     0.0565     0.0291     97.701     95.732    35.1275    35.1241    26.7554    26.7531    1499.15    1499.14         22 0.0000e+00
      11051  69.537804    201.000    199.789    11.6554    11.6528   3.988444   3.987801     1.2827     1.4662    0.00873    0.01402    89.9949     0.0597     0.0290     97.439     95.296    35.1243    35.1205    26.7560    26.7535    1499.11    1499.10         22 0.0000e+00
      11077  69.537819    202.000    200.789    11.6389    11.6357   3.986610   3.985898     1.2849     1.4664   -0.00302    0.00129    89.9949     0.0557     0.0293     97.762     95.368    35.1215    35.1175    26.7570    26.7545    1499.07    1499.05         31 0.0000e+00
      11115  69.537834    203.000    201.774    11.5695    11.5619   3.978716   3.977324     1.2983     1.4769   -0.00259   -0.00450    89.9925     0.0520     0.0302     99.610     96.611    35.1090    35.1025    26.7603    26.7566    1498.83    1498.80         41 0.0000e+00
      11149  69.537857    204.000    202.754    11.5075    11.5047   3.971890   3.971092     1.3145     1.4950    0.00433    0.00249    90.0035     0.0517     0.0296    101.792     98.597    35.1000    35.0948    26.7648    26.7613    1498.62    1498.61         24 0.0000e+00
      11167  69.537865    205.000    203.764    11.4775    11.4761   3.968600   3.968066     1.3225     1.5055    0.00845    0.00640    90.0076     0.0524     0.0297    102.879     99.754    35.0955    35.0916    26.7669    26.7641    1498.53    1498.52         17 0.0000e+00
      11183  69.537872    206.000    204.739    11.4683    11.4669   3.967606   3.967095     1.3291     1.5144    0.01097    0.00980    89.9911     0.0519     0.0301    103.735    100.690    35.0939    35.0903    26.7674    26.7649    1498.51    1498.50         14 0.0000e+00
      11197  69.537880    207.000    205.760    11.4539    11.4514   3.965924   3.965283     1.3348     1.5225    0.01166    0.01243    89.9949     0.0493     0.0298    104.497    101.565    35.0906    35.0866    26.7675    26.7649    1498.48    1498.46         14 0.0000e+00
      11211  69.537880    208.000    206.756    11.4442    11.4415   3.964831   3.964163     1.3407     1.5295    0.01134    0.01358    90.0043     0.0555     0.0296    105.282    102.320    35.0885    35.0845    26.7677    26.7651    1498.46    1498.44         15 0.0000e+00
      11228  69.537888    209.000    207.744    11.3994    11.3940   3.959725   3.958457     1.3467     1.5363    0.01062    0.01362    90.0051     0.0598     0.0275    106.159    103.151    35.0801    35.0727    26.7695    26.7647    1498.31    1498.28         21 0.0000e+00
      11254  69.537903    210.000    208.734    11.3188    11.3176   3.951250   3.950697     1.3486     1.5420    0.01004    0.01356    90.0075     0.0618     0.0273    106.601    103.929    35.0723    35.0679    26.7783    26.7752    1498.03    1498.02         30 0.0000e+00
      11285  69.537918    211.000    209.722    11.2864    11.2833   3.947870   3.946959     1.3397     1.5361    0.00869    0.01050    90.0103     0.0513     0.0272    105.575    103.418    35.0691    35.0630    26.7818    26.7776    1497.93    1497.92         31 0.0000e+00
      11317  69.537933    212.000    210.721    11.2165    11.2141   3.940536   3.939861     1.3225     1.5191    0.00043    0.00374    90.0039     0.0517     0.0289    103.586    101.844    35.0623    35.0579    26.7894    26.7864    1497.70    1497.69         35 0.0000e+00
      11359  69.537956    213.000    211.707    11.1950    11.1932   3.938267   3.937753     1.3024     1.4945   -0.01050   -0.00934    89.9824     0.0561     0.0302    101.117     99.378    35.0598    35.0564    26.7914    26.7891    1497.64    1497.63         43 0.0000e+00
      11392  69.537971    214.000    212.694    11.1805    11.1792   3.936825   3.936385     1.2905     1.4795   -0.01362   -0.01535    89.9881     0.0506     0.0306     99.661     97.880    35.0588    35.0557    26.7933    26.7911    1497.60    1497.59         24 0.0000e+00
      11411  69.537979    215.000    213.679    11.1737    11.1718   3.936209   3.935712     1.2840     1.4722   -0.01144   -0.01422    89.9980     0.0517     0.0304     98.870     97.161    35.0587    35.0555    26.7945    26.7924    1497.60    1497.59         16 0.0000e+00
      11426  69.537987    216.000    214.685    11.1716    11.1704   3.936100   3.935766     1.2794     1.4671   -0.00978   -0.01251    89.9949     0.0508     0.0305     98.314     96.651    35.0591    35.0569    26.7953    26.7938    1497.61    1497.60         14 0.0000e+00
      11439  69.537994    217.000    215.685    11.1742    11.1728   3.936464   3.936095     1.2757     1.4623   -0.00904   -0.01147    89.9462     0.0496     0.0310     97.851     96.164    35.0598    35.0575    26.7953    26.7938    1497.63    1497.62         13 0.0000e+00
      11452  69.538002    218.000    216.687    11.1747    11.1732   3.936592   3.936236     1.2733     1.4587   -0.00846   -0.01050    89.9678     0.0516     0.0313     97.560     95.805    35.0602    35.0581    26.7956    26.7942    1497.65    1497.64         13 0.0000e+00
      11465  69.538002    219.000    217.680    11.1660    11.1634   3.935798   3.935216     1.2715     1.4555   -0.00823   -0.00955    89.9946     0.0497     0.0318     97.364     95.505    35.0602    35.0569    26.7972    26.7951    1497.64    1497.62         14 0.0000e+00
      11483  69.538017    220.000    218.677    11.1591    11.1574   3.935196   3.934755     1.2696     1.4513   -0.00766   -0.00881    89.9578     0.0504     0.0305     97.143     95.099    35.0603    35.0576    26.7985    26.7967    1497.63    1497.62         24 0.0000e+00
      11522  69.538033    221.000    219.659    11.1720    11.1637   3.936489   3.935422     1.2659     1.4474   -0.00448   -0.00682    89.9783     0.0591     0.0309     96.664     94.695    35.0604    35.0577    26.7963    26.7957    1497.69    1497.66         50 0.0000e+00
      11564  69.538055    222.000    220.647    11.1589    11.1574   3.935358   3.934940     1.2652     1.4436   -0.00262   -0.00385    89.9732     0.0587     0.0308     96.610     94.333    35.0612    35.0584    26.7993    26.7974    1497.66    1497.65         31 0.0000e+00
      11591  69.538063    223.000    221.637    11.1539    11.1522   3.934951   3.934513     1.2594     1.4384   -0.00168   -0.00099    89.9786     0.0508     0.0312     95.910     93.818    35.0615    35.0587    26.8005    26.7987    1497.66    1497.65         26 0.0000e+00
      11614  69.538078    224.000    222.635    11.1399    11.1379   3.933569   3.933061     1.2541     1.4320   -0.00028   -0.00215    89.9819     0.0517     0.0311     95.279     93.200    35.0606    35.0574    26.8024    26.8002    1497.63    1497.62         20 0.0000e+00
      11634  69.538086    225.000    223.629    11.1375    11.1366   3.933453   3.933164     1.2502     1.4281   -0.00085   -0.00351    89.9798     0.0513     0.0322     94.806     92.815    35.0613    35.0592    26.8034    26.8019    1497.64    1497.63         19 0.0000e+00
      11652  69.538094    226.000    224.635    11.1413    11.1405   3.933966   3.933667     1.2467     1.4244   -0.00555   -0.00499    89.9837     0.0524     0.0320     94.365     92.437    35.0623    35.0601    26.8035    26.8020    1497.67    1497.66         19 0.0000e+00
      11672  69.538109    227.000    225.623    11.1384    11.1367   3.933734   3.933292     1.2431     1.4198   -0.00582   -0.00618    89.9842     0.0534     0.0310     93.924     91.978    35.0623    35.0596    26.8040    26.8022    1497.68    1497.67         20 0.0000e+00
      11692  69.538116    228.000    226.612    11.1342    11.1325   3.933312   3.932887     1.2402     1.4157   -0.00483   -0.00539    89.9916     0.0589     0.0314     93.583     91.579    35.0617    35.0591    26.8044    26.8027    1497.68    1497.67         23 0.0000e+00
      11716  69.538124    229.000    227.607    11.1264    11.1242   3.932512   3.932002     1.2370     1.4114   -0.00456   -0.00497    89.9959     0.0590     0.0317     93.197     91.158    35.0607    35.0577    26.8050    26.8031    1497.66    1497.65         24 0.0000e+00
      11741  69.538139    230.000    228.594    11.0979    11.0939   3.929365   3.928505     1.2347     1.4076   -0.00409   -0.00519    89.9949     0.0536     0.0310     92.982     90.849    35.0561    35.0513    26.8066    26.8037    1497.58    1497.56         25 0.0000e+00
      11765  69.538147    231.000    229.596    11.0405    11.0362   3.923107   3.922164     1.2339     1.4061   -0.00323   -0.00462    89.9725     0.0567     0.0317     93.026     90.824    35.0479    35.0426    26.8107    26.8073    1497.38    1497.36         24 0.0000e+00
      11789  69.538162    232.000    230.578    10.9655    10.9611   3.915058   3.914019     1.2352     1.4068   -0.00286   -0.00404    89.9809     0.0540     0.0323     93.356     91.076    35.0387    35.0325    26.8171    26.8131    1497.12    1497.10         22 0.0000e+00
      11810  69.538170    233.000    231.568    10.9173    10.9141   3.909919   3.909120     1.2374     1.4086   -0.00174   -0.00297    89.9806     0.0511     0.0323     93.763     91.376    35.0328    35.0280    26.8213    26.8181    1496.96    1496.95         20 0.0000e+00
