data-processing/CTD/data/cnv/dres017.cnv
* Sea-Bird SBE 9 Data File:
* FileName = C:\SEASOFT\PIRATA-FR32\data\fr32017.hex
* Software Version Seasave V 7.26.7.107
* Temperature SN = 6083
* Conductivity SN = 4509
* Number of Bytes Per Scan = 42
* Number of Voltage Words = 3
* Number of Scans Averaged by the Deck Unit = 1
* NMEA Latitude = 04 29.91 S
* NMEA Longitude = 010 00.04 W
* NMEA UTC (Time) = Mar 10 2022 05:28:45
** Cruise: PIRATA-FR32
** Ship: THALASSA
** Station: 017
** Bottom Depth: 3684
** Barometric pressure : 1005.9
** Temp Air: 27.7
** Operator: AMGE
** Comments:
# nquan = 25
# nvalues = 501                         
# units = specified
# name 0 = scan: Scan Count
# name 1 = timeJ: Julian Days
# name 2 = prDM: Pressure, Digiquartz [db]
# name 3 = depSM: Depth [salt water, m]
# name 4 = t090C: Temperature [ITS-90, deg C]
# name 5 = t190C: Temperature, 2 [ITS-90, deg C]
# name 6 = c0S/m: Conductivity [S/m]
# name 7 = c1S/m: Conductivity, 2 [S/m]
# name 8 = sbeox0V: Oxygen raw, SBE 43 [V]
# name 9 = sbeox1V: Oxygen raw, SBE 43, 2 [V]
# name 10 = sbox0dV/dT: Oxygen, SBE 43 [dov/dt]
# name 11 = sbox1dV/dT: Oxygen, SBE 43, 2 [dov/dt]
# name 12 = CStarTr0: Beam Transmission, WET Labs C-Star [%]
# name 13 = flECO-AFL: Fluorescence, WET Labs ECO-AFL/FL [mg/m^3]
# name 14 = flC: Fluorescence, Chelsea Aqua 3 Chl Con [ug/l]
# name 15 = sbox0Mm/Kg: Oxygen, SBE 43 [umol/kg], WS = 2
# name 16 = sbox1Mm/Kg: Oxygen, SBE 43, 2 [umol/kg], WS = 2
# name 17 = sal00: Salinity, Practical [PSU]
# name 18 = sal11: Salinity, Practical, 2 [PSU]
# name 19 = sigma-é00: Density [sigma-theta, kg/m^3]
# name 20 = sigma-é11: Density, 2 [sigma-theta, kg/m^3]
# name 21 = svCM: Sound Velocity [Chen-Millero, m/s]
# name 22 = svCM1: Sound Velocity, 2 [Chen-Millero, m/s]
# name 23 = nbin: number of scans per bin
# name 24 = flag: flag
# span 0 =       -526,      19337       
# span 1 =  69.228055,  69.237635       
# span 2 =      2.000,    502.000       
# span 3 =      1.987,    498.638       
# span 4 =     7.8040,    28.6172       
# span 5 =     7.8015,    28.6167       
# span 6 =   3.597389,   5.801128       
# span 7 =   3.596845,   5.800458       
# span 8 =     1.0033,     2.7350       
# span 9 =     1.1293,     3.1686       
# span 10 =   -0.07351,    0.02845      
# span 11 =   -0.08398,    0.03153      
# span 12 =    87.6908,    89.9949      
# span 13 =     0.0487,     1.2402      
# span 14 =     0.0324,     0.3510      
# span 15 =     67.565,    205.829      
# span 16 =     65.983,    199.517      
# span 17 =    34.6974,    36.0923      
# span 18 =    34.6940,    36.0846      
# span 19 =    22.7789,    27.0728      
# span 20 =    22.7760,    27.0706      
# span 21 =    1489.62,    1543.74      
# span 22 =    1489.60,    1543.73      
# span 23 =         11,        112      
# span 24 = 0.0000e+00, 0.0000e+00      
# interval = decibars: 1                
# start_time = Mar 10 2022 05:28:46 [System UTC, first data scan.]
# bad_flag = -9.990e-29
*END*
[from data line 232]
       9525  69.232903    234.000    232.576    12.6549    12.6527   4.099248   4.098602     1.2270     1.3954    0.00002   -0.00087    89.8146     0.0618     0.0356     88.856     86.490    35.2474    35.2432    26.6599    26.6571    1503.20    1503.19         19 0.0000e+00
       9544  69.232910    235.000    233.569    12.6342    12.6319   4.097045   4.096375     1.2275     1.3956    0.00056    0.00033    89.8083     0.0654     0.0343     88.963     86.557    35.2451    35.2408    26.6622    26.6593    1503.15    1503.13         19 0.0000e+00
       9562  69.232918    236.000    234.560    12.6132    12.6113   4.094799   4.094189     1.2278     1.3963    0.00034    0.00172    89.8099     0.0588     0.0356     89.061     86.684    35.2427    35.2386    26.6645    26.6617    1503.09    1503.08         18 0.0000e+00
       9582  69.232933    237.000    235.563    12.5964    12.5943   4.093034   4.092400     1.2279     1.3963    0.00029    0.00182    89.8079     0.0574     0.0376     89.115     86.728    35.2410    35.2369    26.6666    26.6638    1503.05    1503.03         22 0.0000e+00
       9606  69.232941    238.000    236.551    12.5658    12.5626   4.089674   4.088911     1.2279     1.3963    0.00057    0.00071    89.8092     0.0540     0.0366     89.188     86.799    35.2368    35.2325    26.6694    26.6666    1502.96    1502.94         25 0.0000e+00
       9632  69.232956    239.000    237.534    12.5339    12.5315   4.086261   4.085621     1.2273     1.3963    0.00032    0.00055    89.8045     0.0507     0.0351     89.188     86.871    35.2334    35.2295    26.6730    26.6704    1502.86    1502.85         25 0.0000e+00
       9655  69.232964    240.000    238.540    12.5139    12.5116   4.084055   4.083430     1.2265     1.3957    0.00003   -0.00003    89.8047     0.0515     0.0346     89.139     86.860    35.2304    35.2265    26.6746    26.6721    1502.81    1502.79         24 0.0000e+00
       9678  69.232979    241.000    239.526    12.5010    12.4981   4.082618   4.081903     1.2255     1.3938   -0.00018   -0.00028    89.8047     0.0514     0.0349     89.051     86.709    35.2282    35.2240    26.6755    26.6728    1502.78    1502.76         20 0.0000e+00
       9697  69.232986    242.000    240.519    12.4744    12.4720   4.079705   4.079036     1.2246     1.3927   -0.00073   -0.00015    89.8047     0.0502     0.0354     89.012     86.661    35.2246    35.2203    26.6779    26.6751    1502.70    1502.69         19 0.0000e+00
       9718  69.232994    243.000    241.521    12.4569    12.4552   4.077802   4.077253     1.2238     1.3921   -0.00090   -0.00053    89.8047     0.0626     0.0354     88.954     86.646    35.2222    35.2185    26.6795    26.6770    1502.65    1502.64         24 0.0000e+00
       9745  69.233009    244.000    242.507    12.4456    12.4436   4.076573   4.076012     1.2232     1.3907   -0.00100   -0.00165    89.8047     0.0609     0.0350     88.917     86.532    35.2204    35.2169    26.6804    26.6780    1502.63    1502.62         32 0.0000e+00
       9776  69.233025    245.000    243.499    12.4358    12.4342   4.075501   4.074979     1.2223     1.3892   -0.00103   -0.00082    89.8047     0.0656     0.0348     88.838     86.412    35.2189    35.2153    26.6811    26.6787    1502.61    1502.60         26 0.0000e+00
       9800  69.233032    246.000    244.489    12.4248    12.4228   4.074309   4.073713     1.2207     1.3888   -0.00061   -0.00122    89.8090     0.0582     0.0353     88.668     86.410    35.2172    35.2133    26.6820    26.6794    1502.59    1502.58         21 0.0000e+00
       9820  69.233047    247.000    245.488    12.4004    12.3984   4.071684   4.071075     1.2196     1.3870   -0.00034   -0.00141    89.8118     0.0651     0.0353     88.597     86.284    35.2143    35.2103    26.6845    26.6818    1502.52    1502.51         20 0.0000e+00
       9840  69.233055    248.000    246.489    12.3873    12.3849   4.070230   4.069577     1.2182     1.3851   -0.00112   -0.00083    89.8240     0.0594     0.0344     88.457     86.136    35.2121    35.2080    26.6854    26.6827    1502.49    1502.48         22 0.0000e+00
       9866  69.233070    249.000    247.473    12.3543    12.3506   4.066583   4.065738     1.2160     1.3813   -0.00146   -0.00098    89.8219     0.0579     0.0362     88.266     85.826    35.2073    35.2026    26.6881    26.6852    1502.39    1502.37         29 0.0000e+00
       9894  69.233078    250.000    248.467    12.3165    12.3144   4.062496   4.061893     1.2130     1.3790   -0.00153   -0.00225    89.7565     0.0635     0.0353     87.983     85.676    35.2028    35.1989    26.6920    26.6894    1502.27    1502.26         27 0.0000e+00
       9921  69.233093    251.000    249.464    12.2962    12.2941   4.060272   4.059674     1.2106     1.3770   -0.00187   -0.00322    89.7911     0.0540     0.0349     87.739     85.527    35.1999    35.1961    26.6937    26.6912    1502.22    1502.20         26 0.0000e+00
       9946  69.233109    252.000    250.454    12.2759    12.2738   4.058133   4.057531     1.2088     1.3750   -0.00256   -0.00233    89.8074     0.0547     0.0356     87.562     85.373    35.1977    35.1939    26.6960    26.6934    1502.16    1502.15         25 0.0000e+00
       9972  69.233116    253.000    251.449    12.2668    12.2652   4.057215   4.056728     1.2072     1.3723   -0.00227   -0.00180    89.8108     0.0577     0.0359     87.402     85.125    35.1969    35.1937    26.6972    26.6950    1502.15    1502.14         27 0.0000e+00
       9998  69.233131    254.000    252.438    12.2569    12.2555   4.056187   4.055710     1.2057     1.3716   -0.00182   -0.00190    89.8046     0.0550     0.0352     87.242     85.086    35.1959    35.1926    26.6983    26.6960    1502.13    1502.12         24 0.0000e+00
      10020  69.233139    255.000    253.418    12.2490    12.2472   4.055366   4.054856     1.2043     1.3695   -0.00166   -0.00235    89.8254     0.0539     0.0348     87.095     84.899    35.1949    35.1917    26.6991    26.6969    1502.12    1502.11         20 0.0000e+00
      10039  69.233154    256.000    254.436    12.2386    12.2365   4.054273   4.053660     1.2037     1.3682   -0.00132   -0.00196    89.8271     0.0588     0.0355     87.058     84.805    35.1936    35.1897    26.7001    26.6975    1502.10    1502.08         18 0.0000e+00
      10056  69.233162    257.000    255.414    12.2119    12.2093   4.051413   4.050667     1.2042     1.3688   -0.00138   -0.00085    89.8121     0.0572     0.0358     87.183     84.932    35.1905    35.1857    26.7029    26.6996    1502.02    1502.00         16 0.0000e+00
      10072  69.233170    258.000    256.429    12.1898    12.1880   4.049076   4.048500     1.2054     1.3700   -0.00155   -0.00150    89.8103     0.0595     0.0362     87.379     85.100    35.1882    35.1843    26.7054    26.7027    1501.96    1501.95         17 0.0000e+00
      10090  69.233177    259.000    257.410    12.1752    12.1735   4.047511   4.046963     1.2069     1.3720   -0.00118   -0.00193    89.8097     0.0661     0.0358     87.601     85.339    35.1863    35.1825    26.7067    26.7042    1501.92    1501.91         19 0.0000e+00
      10112  69.233185    260.000    258.402    12.1659    12.1641   4.046536   4.046008     1.2084     1.3740    0.00011   -0.00032    89.8195     0.0542     0.0355     87.826     85.572    35.1851    35.1816    26.7076    26.7053    1501.91    1501.90         24 0.0000e+00
      10138  69.233200    261.000    259.391    12.1565    12.1546   4.045538   4.045006     1.2100     1.3756    0.00161    0.00185    89.8276     0.0520     0.0364     88.045     85.764    35.1838    35.1804    26.7085    26.7062    1501.89    1501.88         30 0.0000e+00
      10168  69.233215    262.000    260.392    12.1448    12.1430   4.044294   4.043761     1.2108     1.3764    0.00174    0.00229    89.8126     0.0513     0.0358     88.185     85.877    35.1823    35.1788    26.7096    26.7072    1501.86    1501.85         32 0.0000e+00
      10206  69.233231    263.000    261.381    12.1345    12.1329   4.043175   4.042697     1.2108     1.3757    0.00114    0.00119    89.8310     0.0590     0.0359     88.219     85.839    35.1806    35.1775    26.7102    26.7081    1501.84    1501.83         41 0.0000e+00
      10241  69.233246    264.000    262.367    12.1254    12.1237   4.042209   4.041687     1.2107     1.3754    0.00035    0.00003    89.8301     0.0651     0.0371     88.227     85.832    35.1793    35.1758    26.7110    26.7087    1501.83    1501.82         29 0.0000e+00
      10265  69.233261    265.000    263.369    12.1152    12.1134   4.041102   4.040586     1.2100     1.3750   -0.00005   -0.00052    89.7916     0.0666     0.0382     88.174     85.823    35.1778    35.1744    26.7118    26.7095    1501.81    1501.80         20 0.0000e+00
      10286  69.233269    266.000    264.354    12.1033    12.1015   4.039826   4.039257     1.2092     1.3743   -0.00007   -0.00051    89.8296     0.0627     0.0375     88.113     85.794    35.1761    35.1722    26.7128    26.7102    1501.78    1501.77         19 0.0000e+00
      10304  69.233276    267.000    265.359    12.0778    12.0755   4.037046   4.036339     1.2086     1.3741   -0.00042   -0.00005    89.8316     0.0577     0.0361     88.097     85.828    35.1726    35.1679    26.7151    26.7118    1501.71    1501.69         20 0.0000e+00
      10324  69.233292    268.000    266.352    12.0495    12.0474   4.034038   4.033422     1.2085     1.3735   -0.00069   -0.00032    89.8285     0.0504     0.0344     88.158     85.840    35.1695    35.1654    26.7181    26.7153    1501.62    1501.61         19 0.0000e+00
      10344  69.233299    269.000    267.333    12.0350    12.0334   4.032503   4.031968     1.2081     1.3730   -0.00070   -0.00067    89.8284     0.0580     0.0342     88.142     85.824    35.1677    35.1640    26.7195    26.7170    1501.59    1501.58         20 0.0000e+00
      10362  69.233307    270.000    268.323    12.0206    12.0181   4.030873   4.030198     1.2081     1.3723   -0.00073   -0.00050    89.8284     0.0547     0.0345     88.187     85.799    35.1650    35.1607    26.7202    26.7173    1501.55    1501.54         17 0.0000e+00
      10379  69.233315    271.000    269.329    12.0062    12.0047   4.029353   4.028828     1.2082     1.3721   -0.00042   -0.00062    89.8284     0.0508     0.0344     88.234     85.807    35.1633    35.1596    26.7216    26.7190    1501.52    1501.51         16 0.0000e+00
      10395  69.233322    272.000    270.320    11.9964    11.9938   4.028269   4.027581     1.2081     1.3726   -0.00028   -0.00071    89.8284     0.0629     0.0350     88.258     85.898    35.1615    35.1572    26.7221    26.7193    1501.50    1501.48         17 0.0000e+00
      10414  69.233330    273.000    271.320    11.9648    11.9623   4.024823   4.024145     1.2095     1.3733   -0.00032   -0.00067    89.8275     0.0638     0.0358     88.510     86.035    35.1572    35.1529    26.7249    26.7220    1501.40    1501.39         23 0.0000e+00
      10448  69.233345    274.000    272.308    11.9657    11.9725   4.025028   4.025435     1.2103     1.3748    0.00024    0.00005    89.8381     0.0534     0.0350     88.622     86.179    35.1579    35.1554    26.7252    26.7220    1501.42    1501.44         45 0.0000e+00
      10487  69.233368    275.000    273.289    11.9276    11.9244   4.020951   4.020106     1.2099     1.3741    0.00150    0.00100    89.8391     0.0567     0.0362     88.654     86.212    35.1536    35.1484    26.7292    26.7257    1501.30    1501.29         29 0.0000e+00
      10510  69.233376    276.000    274.292    11.8999    11.8974   4.017925   4.017226     1.2088     1.3732    0.00011    0.00108    89.8287     0.0511     0.0350     88.581     86.186    35.1497    35.1452    26.7314    26.7284    1501.22    1501.21         21 0.0000e+00
      10534  69.233391    277.000    275.296    11.8627    11.8595   4.013858   4.013044     1.2066     1.3715   -0.00026   -0.00035    89.8284     0.0579     0.0356     88.398     86.104    35.1445    35.1396    26.7345    26.7312    1501.10    1501.09         25 0.0000e+00
      10568  69.233406    278.000    276.274    11.8197    11.8136   4.009327   4.008144     1.2033     1.3678   -0.00108   -0.00097    89.8284     0.0564     0.0369     88.082     85.826    35.1404    35.1345    26.7394    26.7360    1500.97    1500.94         39 0.0000e+00
      10599  69.233421    279.000    277.254    11.7760    11.7740   4.004565   4.003932     1.1988     1.3632   -0.00214   -0.00181    89.8309     0.0567     0.0354     87.611     85.443    35.1345    35.1301    26.7431    26.7401    1500.83    1500.81         22 0.0000e+00
      10617  69.233429    280.000    278.256    11.7473    11.7445   4.001484   4.000676     1.1940     1.3586   -0.00225   -0.00239    89.8429     0.0653     0.0350     87.084     85.040    35.1309    35.1256    26.7458    26.7422    1500.74    1500.72         17 0.0000e+00
      10632  69.233437    281.000    279.266    11.7108    11.7084   3.997655   3.996901     1.1901     1.3540   -0.00251   -0.00313    89.8525     0.0537     0.0351     86.671     84.647    35.1274    35.1223    26.7500    26.7464    1500.63    1500.61         14 0.0000e+00
      10646  69.233444    282.000    280.245    11.6927    11.6911   3.995720   3.995135     1.1869     1.3497   -0.00299   -0.00340    89.8426     0.0519     0.0356     86.316     84.253    35.1250    35.1209    26.7515    26.7486    1500.58    1500.57         15 0.0000e+00
      10662  69.233452    283.000    281.254    11.6764    11.6747   3.993920   3.993292     1.1855     1.3466   -0.00441   -0.00403    89.8299     0.0591     0.0364     86.186     83.981    35.1223    35.1178    26.7525    26.7493    1500.54    1500.52         17 0.0000e+00
      10681  69.233459    284.000    282.245    11.6581    11.6561   3.991908   3.991287     1.1848     1.3448   -0.00593   -0.00602    89.8411     0.0536     0.0367     86.142     83.837    35.1195    35.1153    26.7538    26.7509    1500.49    1500.47         21 0.0000e+00
      10704  69.233475    285.000    283.230    11.6334    11.6308   3.989294   3.988567     1.1826     1.3434   -0.00543   -0.00694    89.8524     0.0554     0.0375     85.922     83.755    35.1167    35.1120    26.7562    26.7531    1500.41    1500.40         24 0.0000e+00
      10728  69.233482    286.000    284.221    11.6035    11.6014   3.986253   3.985661     1.1731     1.3355   -0.00250   -0.00455    89.8485     0.0559     0.0363     84.801     83.010    35.1146    35.1107    26.7603    26.7576    1500.33    1500.31         25 0.0000e+00
      10753  69.233498    287.000    285.222    11.5930    11.5913   3.985277   3.984795     1.1584     1.3197   -0.00150   -0.00191    89.8353     0.0534     0.0364     82.974     81.412    35.1145    35.1114    26.7622    26.7600    1500.31    1500.30         25 0.0000e+00
      10780  69.233505    288.000    286.211    11.5899    11.5885   3.985049   3.984610     1.1436     1.3025   -0.00675   -0.00538    89.8350     0.0582     0.0364     81.123     79.658    35.1147    35.1117    26.7629    26.7608    1500.31    1500.30         29 0.0000e+00
      10815  69.233528    289.000    287.202    11.5873    11.5859   3.984863   3.984421     1.1295     1.2846   -0.01361   -0.01454    89.8475     0.0580     0.0373     79.358     77.833    35.1150    35.1119    26.7636    26.7615    1500.32    1500.31         41 0.0000e+00
      10854  69.233543    290.000    288.194    11.5839    11.5826   3.984599   3.984167     1.1191     1.2709   -0.01154   -0.01412    89.8451     0.0581     0.0382     78.064     76.437    35.1151    35.1121    26.7644    26.7623    1500.32    1500.32         34 0.0000e+00
