data-processing/CTD/data/cnv/dres020.cnv
* Sea-Bird SBE 9 Data File:
* FileName = C:\SEASOFT\PIRATA-FR32\data\fr32020.hex
* Software Version Seasave V 7.26.7.107
* Temperature SN = 6083
* Conductivity SN = 4509
* Number of Bytes Per Scan = 42
* Number of Voltage Words = 3
* Number of Scans Averaged by the Deck Unit = 1
* NMEA Latitude = 06 01.56 S
* NMEA Longitude = 010 00.61 W
* NMEA UTC (Time) = Mar 11 2022 01:24:21
** Cruise: PIRATA-FR32
** Ship: THALASSA
** Station: 020
** Bottom Depth: 3554
** Barometric pressure : 1008.1
** Temp Air: 28.3
** Operator: SCP
** Comments:
# nquan = 25
# nvalues = 2000                        
# units = specified
# name 0 = scan: Scan Count
# name 1 = timeJ: Julian Days
# name 2 = prDM: Pressure, Digiquartz [db]
# name 3 = depSM: Depth [salt water, m]
# name 4 = t090C: Temperature [ITS-90, deg C]
# name 5 = t190C: Temperature, 2 [ITS-90, deg C]
# name 6 = c0S/m: Conductivity [S/m]
# name 7 = c1S/m: Conductivity, 2 [S/m]
# name 8 = sbeox0V: Oxygen raw, SBE 43 [V]
# name 9 = sbeox1V: Oxygen raw, SBE 43, 2 [V]
# name 10 = sbox0dV/dT: Oxygen, SBE 43 [dov/dt]
# name 11 = sbox1dV/dT: Oxygen, SBE 43, 2 [dov/dt]
# name 12 = CStarTr0: Beam Transmission, WET Labs C-Star [%]
# name 13 = flECO-AFL: Fluorescence, WET Labs ECO-AFL/FL [mg/m^3]
# name 14 = flC: Fluorescence, Chelsea Aqua 3 Chl Con [ug/l]
# name 15 = sbox0Mm/Kg: Oxygen, SBE 43 [umol/kg], WS = 2
# name 16 = sbox1Mm/Kg: Oxygen, SBE 43, 2 [umol/kg], WS = 2
# name 17 = sal00: Salinity, Practical [PSU]
# name 18 = sal11: Salinity, Practical, 2 [PSU]
# name 19 = sigma-é00: Density [sigma-theta, kg/m^3]
# name 20 = sigma-é11: Density, 2 [sigma-theta, kg/m^3]
# name 21 = svCM: Sound Velocity [Chen-Millero, m/s]
# name 22 = svCM1: Sound Velocity, 2 [Chen-Millero, m/s]
# name 23 = nbin: number of scans per bin
# name 24 = flag: flag
# span 0 =        -87,      68654       
# span 1 =  70.058546,  70.091696       
# span 2 =      3.000,   2002.000       
# span 3 =      2.986,   1981.418       
# span 4 =     3.5561,    28.3310       
# span 5 =     3.5546,    28.3305       
# span 6 =   3.291365,   5.823346       
# span 7 =   3.290996,   5.822835       
# span 8 =     0.9945,     2.7109       
# span 9 =     1.1172,     3.1530       
# span 10 =   -0.05732,    0.00900      
# span 11 =   -0.05991,    0.01903      
# span 12 =    86.8351,    90.2803      
# span 13 =     0.0360,     1.8066      
# span 14 =     0.0114,     0.5130      
# span 15 =     66.804,    234.441      
# span 16 =     65.059,    229.391      
# span 17 =    34.5093,    36.2024      
# span 18 =    34.5057,    36.1947      
# span 19 =    23.1454,    27.8138      
# span 20 =    23.1494,    27.8111      
# span 21 =    1482.95,    1543.69      
# span 22 =    1482.94,    1543.68      
# span 23 =         12,        143      
# span 24 = 0.0000e+00, 0.0000e+00      
# interval = decibars: 1                
# start_time = Mar 11 2022 01:24:22 [System UTC, first data scan.]
# bad_flag = -9.990e-29
*END*
[from data line 1508]
      50536  70.082962   1511.000   1497.181     4.1905     4.1896   3.334108   3.333743     1.7088     1.9728    0.00039    0.00046    90.2565     0.0517     0.0168    214.351    209.695    34.9437    34.9404    27.7344    27.7318    1492.30    1492.29         19 0.0000e+00
      50555  70.082970   1512.000   1498.176     4.1902     4.1892   3.334136   3.333747     1.7087     1.9720    0.00016   -0.00036    90.2565     0.0500     0.0150    214.364    209.615    34.9439    34.9404    27.7345    27.7319    1492.31    1492.30         20 0.0000e+00
      50581  70.082977   1513.000   1499.159     4.1891     4.1882   3.334075   3.333701     1.7088     1.9723    0.00015   -0.00047    90.2565     0.0472     0.0142    214.400    209.690    34.9438    34.9404    27.7346    27.7320    1492.32    1492.31         35 0.0000e+00
      50615  70.083000   1514.000   1500.149     4.1885     4.1875   3.334049   3.333667     1.7090     1.9727   -0.00013   -0.00082    90.2565     0.0461     0.0153    214.477    209.770    34.9437    34.9402    27.7346    27.7319    1492.34    1492.33         30 0.0000e+00
      50643  70.083008   1515.000   1501.127     4.1868     4.1860   3.333945   3.333576     1.7094     1.9728    0.00003    0.00036    90.2565     0.0460     0.0159    214.579    209.822    34.9437    34.9403    27.7348    27.7322    1492.35    1492.34         24 0.0000e+00
      50665  70.083023   1516.000   1502.116     4.1868     4.1858   3.333987   3.333610     1.7090     1.9729    0.00022    0.00045    90.2565     0.0446     0.0154    214.533    209.870    34.9438    34.9403    27.7348    27.7322    1492.36    1492.35         21 0.0000e+00
      50686  70.083031   1517.000   1503.111     4.1866     4.1856   3.334005   3.333624     1.7087     1.9727    0.00025   -0.00013    90.2565     0.0462     0.0155    214.524    209.863    34.9437    34.9403    27.7348    27.7322    1492.38    1492.37         21 0.0000e+00
      50706  70.083038   1518.000   1504.101     4.1864     4.1854   3.334031   3.333659     1.7088     1.9723    0.00022    0.00015    90.2565     0.0465     0.0157    214.566    209.833    34.9437    34.9404    27.7349    27.7323    1492.40    1492.39         21 0.0000e+00
      50735  70.083054   1519.000   1505.081     4.1861     4.1851   3.334036   3.333663     1.7086     1.9720   -0.00035   -0.00002    90.2565     0.0462     0.0140    214.550    209.826    34.9436    34.9403    27.7348    27.7323    1492.41    1492.40         38 0.0000e+00
      50773  70.083076   1520.000   1506.070     4.1858     4.1848   3.334048   3.333669     1.7086     1.9720   -0.00003   -0.00041    90.2565     0.0450     0.0124    214.579    209.857    34.9436    34.9402    27.7348    27.7322    1492.43    1492.42         34 0.0000e+00
      50801  70.083084   1521.000   1507.055     4.1841     4.1827   3.333936   3.333500     1.7082     1.9713   -0.00014   -0.00016    90.2634     0.0454     0.0134    214.551    209.799    34.9435    34.9399    27.7350    27.7323    1492.44    1492.42         23 0.0000e+00
      50820  70.083099   1522.000   1508.034     4.1803     4.1793   3.333639   3.333256     1.7080     1.9710    0.00003    0.00017    90.2564     0.0506     0.0144    214.571    209.802    34.9436    34.9401    27.7354    27.7328    1492.44    1492.43         17 0.0000e+00
      50838  70.083107   1523.000   1509.029     4.1799     4.1791   3.333736   3.333382     1.7076     1.9711   -0.00007   -0.00023    90.2683     0.0530     0.0154    214.533    209.842    34.9446    34.9413    27.7363    27.7338    1492.45    1492.45         17 0.0000e+00
      50855  70.083115   1524.000   1510.020     4.1807     4.1798   3.333874   3.333516     1.7077     1.9712   -0.00030   -0.00059    90.2721     0.0457     0.0161    214.560    209.875    34.9449    34.9416    27.7365    27.7340    1492.47    1492.47         17 0.0000e+00
      50874  70.083122   1525.000   1511.013     4.1799     4.1789   3.333857   3.333469     1.7080     1.9719   -0.00030   -0.00038    90.2628     0.0442     0.0158    214.660    210.012    34.9450    34.9416    27.7367    27.7341    1492.49    1492.48         22 0.0000e+00
      50897  70.083130   1526.000   1511.993     4.1781     4.1773   3.333773   3.333423     1.7086     1.9724   -0.00030   -0.00014    90.2584     0.0460     0.0164    214.805    210.123    34.9454    34.9423    27.7372    27.7348    1492.50    1492.49         26 0.0000e+00
      50923  70.083145   1527.000   1512.977     4.1785     4.1776   3.333897   3.333515     1.7094     1.9734    0.00014    0.00053    90.2566     0.0502     0.0168    214.956    210.285    34.9460    34.9425    27.7376    27.7349    1492.52    1492.51         26 0.0000e+00
      50951  70.083160   1528.000   1513.980     4.1775     4.1766   3.333837   3.333457     1.7097     1.9746    0.00051    0.00056    90.2565     0.0581     0.0157    215.052    210.495    34.9459    34.9424    27.7376    27.7349    1492.53    1492.52         32 0.0000e+00
      50994  70.083176   1529.000   1514.947     4.1771     4.1762   3.333855   3.333481     1.7108     1.9755    0.00054    0.00108    90.2565     0.0460     0.0144    215.277    210.658    34.9460    34.9426    27.7378    27.7352    1492.54    1492.53         45 0.0000e+00
      51028  70.083199   1530.000   1515.941     4.1771     4.1762   3.333948   3.333581     1.7110     1.9755    0.00051    0.00060    90.2746     0.0450     0.0165    215.341    210.688    34.9466    34.9433    27.7383    27.7357    1492.56    1492.55         27 0.0000e+00
      51050  70.083206   1531.000   1516.925     4.1775     4.1767   3.334060   3.333703     1.7114     1.9759    0.00063    0.00064    90.2753     0.0452     0.0168    215.436    210.766    34.9470    34.9437    27.7385    27.7360    1492.58    1492.57         19 0.0000e+00
      51067  70.083214   1532.000   1517.906     4.1786     4.1776   3.334226   3.333855     1.7112     1.9757    0.00018    0.00001    90.2564     0.0460     0.0169    215.428    210.760    34.9474    34.9440    27.7387    27.7362    1492.60    1492.59         15 0.0000e+00
      51083  70.083221   1533.000   1518.914     4.1772     4.1763   3.334155   3.333789     1.7113     1.9759    0.00016   -0.00010    90.2580     0.0530     0.0161    215.482    210.823    34.9475    34.9442    27.7390    27.7364    1492.61    1492.60         17 0.0000e+00
      51100  70.083229   1534.000   1519.890     4.1769     4.1759   3.334193   3.333791     1.7115     1.9759    0.00033    0.00031    90.2580     0.0519     0.0144    215.538    210.853    34.9478    34.9442    27.7393    27.7365    1492.63    1492.62         17 0.0000e+00
      51118  70.083237   1535.000   1520.877     4.1718     4.1706   3.333731   3.333322     1.7117     1.9758    0.00019    0.00015    90.2566     0.0460     0.0140    215.627    210.900    34.9472    34.9436    27.7394    27.7366    1492.62    1492.61         21 0.0000e+00
      51140  70.083252   1536.000   1521.870     4.1685     4.1675   3.333491   3.333112     1.7121     1.9764    0.00001    0.00006    90.2565     0.0459     0.0130    215.752    211.025    34.9474    34.9440    27.7398    27.7373    1492.63    1492.62         25 0.0000e+00
      51169  70.083267   1537.000   1522.852     4.1672     4.1663   3.333439   3.333066     1.7128     1.9774    0.00022    0.00001    90.2565     0.0470     0.0140    215.914    211.205    34.9477    34.9442    27.7402    27.7376    1492.64    1492.63         31 0.0000e+00
      51201  70.083282   1538.000   1523.848     4.1665     4.1656   3.333424   3.333041     1.7134     1.9783    0.00039    0.00048    90.2573     0.0547     0.0149    216.051    211.367    34.9477    34.9442    27.7403    27.7376    1492.65    1492.64         32 0.0000e+00
      51242  70.083298   1539.000   1524.823     4.1658     4.1648   3.333404   3.333019     1.7138     1.9797    0.00063    0.00079    90.2604     0.0445     0.0148    216.154    211.604    34.9477    34.9443    27.7404    27.7378    1492.67    1492.66         45 0.0000e+00
      51279  70.083321   1540.000   1525.814     4.1655     4.1645   3.333424   3.333037     1.7140     1.9806    0.00025    0.00081    90.2659     0.0447     0.0142    216.219    211.762    34.9478    34.9443    27.7406    27.7379    1492.68    1492.67         31 0.0000e+00
      51304  70.083328   1541.000   1526.782     4.1647     4.1636   3.333446   3.333065     1.7139     1.9805    0.00021    0.00074    90.2667     0.0437     0.0152    216.231    211.780    34.9484    34.9450    27.7411    27.7385    1492.69    1492.69         21 0.0000e+00
      51322  70.083336   1542.000   1527.787     4.1621     4.1611   3.333340   3.332963     1.7137     1.9804    0.00010    0.00064    90.2597     0.0439     0.0161    216.248    211.806    34.9494    34.9460    27.7421    27.7396    1492.70    1492.69         16 0.0000e+00
      51338  70.083344   1543.000   1528.781     4.1616     4.1607   3.333370   3.332994     1.7138     1.9798    0.00010    0.00053    90.2659     0.0458     0.0155    216.298    211.759    34.9498    34.9464    27.7426    27.7399    1492.72    1492.71         15 0.0000e+00
      51353  70.083351   1544.000   1529.755     4.1621     4.1612   3.333476   3.333122     1.7145     1.9798   -0.00000    0.00030    90.2719     0.0458     0.0152    216.440    211.781    34.9500    34.9468    27.7427    27.7402    1492.74    1492.73         14 0.0000e+00
      51367  70.083359   1545.000   1530.768     4.1629     4.1620   3.333630   3.333264     1.7146     1.9798   -0.00017   -0.00022    90.2585     0.0463     0.0168    216.478    211.804    34.9505    34.9472    27.7430    27.7405    1492.76    1492.75         15 0.0000e+00
      51382  70.083366   1546.000   1531.734     4.1633     4.1624   3.333749   3.333380     1.7148     1.9798   -0.00010   -0.00027    90.2610     0.0483     0.0170    216.545    211.829    34.9509    34.9476    27.7433    27.7407    1492.78    1492.77         16 0.0000e+00
      51401  70.083374   1547.000   1532.736     4.1636     4.1627   3.333876   3.333515     1.7161     1.9806    0.00032   -0.00031    90.2567     0.0462     0.0167    216.790    211.960    34.9516    34.9483    27.7438    27.7413    1492.79    1492.79         23 0.0000e+00
      51430  70.083389   1548.000   1533.718     4.1638     4.1628   3.333953   3.333580     1.7172     1.9819    0.00051   -0.00007    90.2565     0.0465     0.0183    217.025    212.178    34.9519    34.9485    27.7440    27.7414    1492.81    1492.80         36 0.0000e+00
      51486  70.083420   1549.000   1534.693     4.1630     4.1623   3.333897   3.333532     1.7193     1.9843    0.00113    0.00105    90.2565     0.0520     0.0161    217.433    212.566    34.9516    34.9480    27.7439    27.7411    1492.83    1492.82         64 0.0000e+00
      51531  70.083435   1550.000   1535.685     4.1612     4.1601   3.333869   3.333492     1.7196     1.9853    0.00095    0.00123    90.2565     0.0446     0.0156    217.526    212.749    34.9526    34.9494    27.7449    27.7424    1492.84    1492.83         29 0.0000e+00
      51555  70.083450   1551.000   1536.658     4.1613     4.1603   3.333928   3.333546     1.7201     1.9860    0.00059    0.00073    90.2565     0.0584     0.0146    217.636    212.881    34.9527    34.9493    27.7450    27.7424    1492.85    1492.84         22 0.0000e+00
      51573  70.083458   1552.000   1537.655     4.1614     4.1604   3.333971   3.333600     1.7204     1.9857    0.00010    0.00026    90.2565     0.0553     0.0139    217.724    212.854    34.9526    34.9493    27.7449    27.7424    1492.87    1492.86         16 0.0000e+00
      51589  70.083466   1553.000   1538.651     4.1609     4.1600   3.333971   3.333613     1.7202     1.9854    0.00007    0.00053    90.2565     0.0457     0.0137    217.712    212.840    34.9527    34.9495    27.7450    27.7426    1492.89    1492.88         16 0.0000e+00
      51604  70.083473   1554.000   1539.631     4.1596     4.1587   3.333917   3.333530     1.7207     1.9850    0.00029    0.00073    90.2603     0.0445     0.0132    217.831    212.822    34.9529    34.9494    27.7453    27.7426    1492.90    1492.89         14 0.0000e+00
      51619  70.083481   1555.000   1540.631     4.1584     4.1574   3.333853   3.333478     1.7204     1.9850    0.00047    0.00056    90.2564     0.0452     0.0132    217.825    212.856    34.9530    34.9496    27.7455    27.7430    1492.91    1492.90         16 0.0000e+00
      51636  70.083488   1556.000   1541.605     4.1576     4.1566   3.333838   3.333463     1.7207     1.9856    0.00026   -0.00032    90.2579     0.0475     0.0138    217.905    212.979    34.9532    34.9498    27.7458    27.7432    1492.92    1492.91         18 0.0000e+00
      51655  70.083496   1557.000   1542.599     4.1574     4.1565   3.333865   3.333501     1.7205     1.9860    0.00012   -0.00057    90.2499     0.0452     0.0143    217.906    213.066    34.9531    34.9499    27.7458    27.7433    1492.94    1492.93         21 0.0000e+00
      51678  70.083511   1558.000   1543.589     4.1569     4.1559   3.333864   3.333487     1.7210     1.9860    0.00015   -0.00007    90.2423     0.0458     0.0157    218.025    213.101    34.9532    34.9498    27.7459    27.7433    1492.95    1492.94         25 0.0000e+00
      51708  70.083527   1559.000   1544.576     4.1568     4.1559   3.333887   3.333523     1.7216     1.9864    0.00010    0.00050    90.2657     0.0460     0.0163    218.165    213.183    34.9531    34.9497    27.7458    27.7433    1492.97    1492.96         37 0.0000e+00
      51748  70.083542   1560.000   1545.559     4.1561     4.1551   3.333865   3.333479     1.7221     1.9873    0.00039    0.00021    90.2699     0.0517     0.0162    218.276    213.344    34.9530    34.9496    27.7459    27.7432    1492.98    1492.97         41 0.0000e+00
      51789  70.083565   1561.000   1546.531     4.1542     4.1532   3.333733   3.333350     1.7221     1.9875    0.00045    0.00046    90.2564     0.0508     0.0164    218.317    213.409    34.9530    34.9496    27.7460    27.7435    1492.99    1492.98         36 0.0000e+00
      51817  70.083580   1562.000   1547.526     4.1529     4.1518   3.333653   3.333268     1.7219     1.9883    0.00004    0.00025    90.2667     0.0478     0.0166    218.323    213.575    34.9530    34.9496    27.7462    27.7436    1493.00    1492.99         22 0.0000e+00
      51837  70.083588   1563.000   1548.525     4.1481     4.1468   3.333228   3.332786     1.7214     1.9880    0.00000   -0.00006    90.2563     0.0457     0.0165    218.290    213.589    34.9526    34.9488    27.7464    27.7435    1493.00    1492.99         20 0.0000e+00
      51856  70.083595   1564.000   1549.503     4.1403     4.1392   3.332563   3.332161     1.7209     1.9881    0.00000    0.00073    90.2593     0.0446     0.0174    218.278    213.675    34.9524    34.9489    27.7471    27.7444    1492.98    1492.97         18 0.0000e+00
      51874  70.083603   1565.000   1550.502     4.1403     4.1394   3.332669   3.332317     1.7210     1.9877   -0.00017    0.00062    90.2577     0.0450     0.0172    218.328    213.643    34.9533    34.9501    27.7477    27.7453    1493.00    1492.99         21 0.0000e+00
      51896  70.083618   1566.000   1551.483     4.1432     4.1423   3.333060   3.332718     1.7209     1.9878   -0.00057   -0.00008    90.2655     0.0462     0.0165    218.317    213.661    34.9543    34.9513    27.7483    27.7459    1493.03    1493.02         23 0.0000e+00
      51920  70.083626   1567.000   1552.465     4.1410     4.1397   3.332933   3.332499     1.7218     1.9876   -0.00039   -0.00019    90.2566     0.0513     0.0164    218.519    213.683    34.9546    34.9509    27.7487    27.7459    1493.04    1493.03         23 0.0000e+00
