data-processing/CTD/data/cnv/dres015.cnv
* Sea-Bird SBE 9 Data File:
* FileName = C:\SEASOFT\PIRATA-FR32\data\fr32015.hex
* Software Version Seasave V 7.26.7.107
* Temperature SN = 6083
* Conductivity SN = 4509
* Number of Bytes Per Scan = 42
* Number of Voltage Words = 3
* Number of Scans Averaged by the Deck Unit = 1
* NMEA Latitude = 03 29.96 S
* NMEA Longitude = 010 00.06 W
* NMEA UTC (Time) = Mar 09 2022 21:40:31
** Cruise: PIRATA-FR32
** Ship: THALASSA
** Station: 015
** Bottom Depth: 3815
** Barometric pressure : 1006.9
** Temp Air: 28.5
** Operator: LWMH
** Comments:
# nquan = 25
# nvalues = 504                         
# units = specified
# name 0 = scan: Scan Count
# name 1 = timeJ: Julian Days
# name 2 = prDM: Pressure, Digiquartz [db]
# name 3 = depSM: Depth [salt water, m]
# name 4 = t090C: Temperature [ITS-90, deg C]
# name 5 = t190C: Temperature, 2 [ITS-90, deg C]
# name 6 = c0S/m: Conductivity [S/m]
# name 7 = c1S/m: Conductivity, 2 [S/m]
# name 8 = sbeox0V: Oxygen raw, SBE 43 [V]
# name 9 = sbeox1V: Oxygen raw, SBE 43, 2 [V]
# name 10 = sbox0dV/dT: Oxygen, SBE 43 [dov/dt]
# name 11 = sbox1dV/dT: Oxygen, SBE 43, 2 [dov/dt]
# name 12 = CStarTr0: Beam Transmission, WET Labs C-Star [%]
# name 13 = flECO-AFL: Fluorescence, WET Labs ECO-AFL/FL [mg/m^3]
# name 14 = flC: Fluorescence, Chelsea Aqua 3 Chl Con [ug/l]
# name 15 = sbox0Mm/Kg: Oxygen, SBE 43 [umol/kg], WS = 2
# name 16 = sbox1Mm/Kg: Oxygen, SBE 43, 2 [umol/kg], WS = 2
# name 17 = sal00: Salinity, Practical [PSU]
# name 18 = sal11: Salinity, Practical, 2 [PSU]
# name 19 = sigma-é00: Density [sigma-theta, kg/m^3]
# name 20 = sigma-é11: Density, 2 [sigma-theta, kg/m^3]
# name 21 = svCM: Sound Velocity [Chen-Millero, m/s]
# name 22 = svCM1: Sound Velocity, 2 [Chen-Millero, m/s]
# name 23 = nbin: number of scans per bin
# name 24 = flag: flag
# span 0 =       -501,      19665       
# span 1 =  68.902906,  68.912631       
# span 2 =      2.000,    505.000       
# span 3 =      1.978,    501.608       
# span 4 =     7.0723,    28.4292       
# span 5 =     7.0707,    28.4296       
# span 6 =   3.523675,   5.691747       
# span 7 =   3.523263,   5.691135       
# span 8 =     1.0068,     2.7678       
# span 9 =     1.1323,     3.2073       
# span 10 =   -0.14104,    0.04582      
# span 11 =   -0.17221,    0.03626      
# span 12 =    85.4224,    90.0347      
# span 13 =     0.0432,     2.3722      
# span 14 =     0.0307,     0.6013      
# span 15 =     67.236,    211.938      
# span 16 =     65.583,    205.147      
# span 17 =    34.6251,    35.9791      
# span 18 =    34.6222,    35.9558      
# span 19 =    22.3760,    27.1201      
# span 20 =    22.3724,    27.1180      
# span 21 =    1486.77,    1542.58      
# span 22 =    1486.76,    1542.57      
# span 23 =         12,        104      
# span 24 = 0.0000e+00, 0.0000e+00      
# interval = decibars: 1                
# start_time = Mar 09 2022 21:40:32 [System UTC, first data scan.]
# bad_flag = -9.990e-29
*END*
[from data line 464]
      16356  68.911034    466.000    462.920     8.2156     8.2108   3.637869   3.636805     1.0236     1.1514   -0.00134   -0.00110    89.9711     0.0573     0.0397     73.170     71.200    34.7405    34.7339    27.0449    27.0404    1490.63    1490.61         18 0.0000e+00
      16377  68.911049    467.000    463.905     8.1763     8.1744   3.634027   3.633500     1.0258     1.1541   -0.00110   -0.00110    89.9837     0.0559     0.0398     73.560     71.575    34.7379    34.7341    27.0488    27.0461    1490.50    1490.49         23 0.0000e+00
      16402  68.911057    468.000    464.892     8.1624     8.1606   3.632591   3.632106     1.0289     1.1580    0.00009   -0.00078    89.9737     0.0652     0.0391     74.027     72.057    34.7359    34.7325    27.0493    27.0469    1490.46    1490.45         27 0.0000e+00
      16428  68.911072    469.000    465.886     8.1428     8.1408   3.630625   3.630066     1.0315     1.1611    0.00186    0.00182    89.9873     0.0645     0.0390     74.441     72.462    34.7338    34.7298    27.0506    27.0478    1490.40    1490.39         25 0.0000e+00
      16451  68.911079    470.000    466.877     8.1094     8.1063   3.627238   3.626482     1.0340     1.1634    0.00279    0.00359    89.9786     0.0645     0.0392     74.866     72.797    34.7301    34.7252    27.0528    27.0493    1490.29    1490.27         23 0.0000e+00
      16475  68.911095    471.000    467.876     8.0710     8.0671   3.623252   3.622404     1.0374     1.1668    0.00267    0.00324    89.9787     0.0729     0.0390     75.426     73.275    34.7250    34.7198    27.0545    27.0510    1490.15    1490.13         25 0.0000e+00
      16502  68.911102    472.000    468.867     7.9690     7.9629   3.612905   3.611810     1.0425     1.1723    0.00252    0.00251    89.9834     0.0676     0.0389     76.352     74.111    34.7147    34.7090    27.0617    27.0581    1489.77    1489.74         29 0.0000e+00
      16534  68.911118    473.000    469.852     7.9103     7.9080   3.607060   3.606438     1.0497     1.1799    0.00333    0.00335    89.9842     0.0650     0.0375     77.478     75.092    34.7097    34.7053    27.0664    27.0633    1489.56    1489.54         31 0.0000e+00
      16564  68.911133    474.000    470.843     7.8609     7.8573   3.602032   3.601240     1.0555     1.1865    0.00466    0.00504    89.9637     0.0706     0.0386     78.407     75.965    34.7042    34.6992    27.0693    27.0660    1489.38    1489.36         30 0.0000e+00
      16590  68.911148    475.000    471.840     7.8096     7.8064   3.596838   3.596054     1.0591     1.1914    0.00548    0.00576    89.9916     0.0642     0.0372     79.031     76.641    34.6988    34.6934    27.0726    27.0689    1489.20    1489.18         23 0.0000e+00
      16611  68.911156    476.000    472.831     7.7627     7.7600   3.592226   3.591479     1.0629     1.1960    0.00501    0.00537    89.9822     0.0715     0.0376     79.669     77.276    34.6951    34.6898    27.0767    27.0728    1489.03    1489.01         19 0.0000e+00
      16630  68.911171    477.000    473.820     7.6988     7.6952   3.585712   3.584789     1.0683     1.2016    0.00403    0.00498    89.9811     0.0650     0.0376     80.575     78.063    34.6879    34.6815    27.0803    27.0758    1488.79    1488.77         19 0.0000e+00
      16649  68.911179    478.000    474.815     7.6688     7.6670   3.582826   3.582239     1.0753     1.2089    0.00345    0.00467    89.9983     0.0691     0.0364     81.648     78.975    34.6861    34.6816    27.0832    27.0799    1488.69    1488.68         19 0.0000e+00
      16668  68.911186    479.000    475.812     7.6469     7.6448   3.580631   3.579996     1.0824     1.2167    0.00412    0.00510    90.0036     0.0795     0.0367     82.709     79.940    34.6836    34.6789    27.0845    27.0811    1488.62    1488.61         19 0.0000e+00
      16687  68.911194    480.000    476.791     7.6216     7.6192   3.578111   3.577467     1.0894     1.2244    0.00603    0.00643    89.9962     0.0658     0.0361     83.771     80.891    34.6811    34.6766    27.0862    27.0830    1488.54    1488.53         18 0.0000e+00
      16704  68.911201    481.000    477.793     7.5984     7.5958   3.575832   3.575127     1.0948     1.2317    0.00823    0.00851    90.0145     0.0647     0.0357     84.594     81.797    34.6791    34.6741    27.0880    27.0844    1488.47    1488.45         17 0.0000e+00
      16721  68.911209    482.000    478.788     7.5747     7.5731   3.573553   3.573025     1.0999     1.2378    0.00904    0.00969    90.0131     0.0631     0.0346     85.387     82.568    34.6775    34.6734    27.0902    27.0872    1488.39    1488.38         17 0.0000e+00
      16738  68.911217    483.000    479.779     7.5686     7.5669   3.572952   3.572459     1.1043     1.2445    0.00885    0.00976    89.9746     0.0568     0.0351     86.043     83.371    34.6766    34.6730    27.0904    27.0877    1488.38    1488.37         18 0.0000e+00
      16764  68.911232    484.000    480.782     7.5537     7.5550   3.571414   3.571365     1.1102     1.2531    0.00790    0.00961    89.9939     0.0579     0.0357     86.930     84.404    34.6744    34.6725    27.0907    27.0891    1488.34    1488.34         39 0.0000e+00
      16845  68.911270    485.000    481.765     7.6167     7.6023   3.577849   3.576131     1.1131     1.2599    0.00362    0.00644    89.9923     0.0657     0.0382     87.217     85.108    34.6808    34.6765    27.0867    27.0854    1488.60    1488.54         50 0.0000e+00
      16873  68.911285    486.000    482.740     7.4914     7.4757   3.565318   3.562924     1.1155     1.2584   -0.00040    0.00107    89.9837     0.0652     0.0368     87.847     85.226    34.6693    34.6591    27.0957    27.0899    1488.13    1488.05         20 0.0000e+00
      16889  68.911293    487.000    483.731     7.4485     7.4474   3.561189   3.560712     1.1194     1.2629   -0.00066   -0.00075    89.9707     0.0649     0.0359     88.514     85.820    34.6669    34.6628    27.0999    27.0969    1487.98    1487.97         16 0.0000e+00
      16904  68.911301    488.000    484.729     7.4373     7.4351   3.560030   3.559453     1.1232     1.2672   -0.00023   -0.00142    89.9954     0.0651     0.0363     89.088     86.359    34.6650    34.6609    27.1001    27.0972    1487.95    1487.93         14 0.0000e+00
      16917  68.911308    489.000    485.739     7.4196     7.4173   3.558266   3.557646     1.1260     1.2710    0.00096   -0.00122    90.0059     0.0585     0.0357     89.535     86.863    34.6629    34.6586    27.1010    27.0979    1487.89    1487.88         13 0.0000e+00
      16930  68.911316    490.000    486.706     7.3938     7.3907   3.555718   3.554933     1.1288     1.2746    0.00277    0.00050    90.0089     0.0574     0.0349     90.012     87.351    34.6605    34.6551    27.1028    27.0990    1487.81    1487.79         12 0.0000e+00
      16943  68.911316    491.000    487.721     7.3598     7.3576   3.552319   3.551675     1.1318     1.2779    0.00435    0.00332    89.9948     0.0624     0.0349     90.534     87.820    34.6570    34.6522    27.1049    27.1014    1487.69    1487.67         14 0.0000e+00
      16957  68.911324    492.000    488.730     7.3498     7.3483   3.551341   3.550881     1.1352     1.2818    0.00544    0.00588    89.9963     0.0639     0.0351     91.048     88.318    34.6559    34.6524    27.1054    27.1029    1487.67    1487.66         16 0.0000e+00
      16978  68.911339    493.000    489.710     7.3434     7.3419   3.550678   3.550243     1.1398     1.2877    0.00546    0.00686    89.9643     0.0572     0.0359     91.741     89.026    34.6546    34.6514    27.1053    27.1030    1487.66    1487.65         28 0.0000e+00
      17018  68.911354    494.000    490.689     7.3599     7.3398   3.552379   3.550116     1.1455     1.2955    0.00543    0.00654    90.0082     0.0647     0.0363     92.538     89.958    34.6562    34.6516    27.1042    27.1035    1487.74    1487.65         50 0.0000e+00
      17073  68.911385    495.000    491.689     7.3335     7.3323   3.549752   3.549382     1.1501     1.3015    0.00356    0.00480    89.6322     0.0648     0.0358     93.268     90.694    34.6534    34.6506    27.1058    27.1037    1487.65    1487.64         48 0.0000e+00
      17205  68.911446    496.000    492.640     7.3371     7.3252   3.550213   3.548605     1.1487     1.2978   -0.00250   -0.00180    90.0347     0.0648     0.0360     93.070     90.291    34.6544    34.6487    27.1060    27.1033    1487.68    1487.63         26 0.0000e+00
      17211  68.911446    497.000    493.669     7.3101     7.3085   3.547566   3.547096     1.1516     1.3012   -0.00251   -0.00404    90.0005     0.0563     0.0358     93.559     90.742    34.6521    34.6485    27.1080    27.1055    1487.59    1487.58         17 0.0000e+00
      17227  68.911453    498.000    494.660     7.3005     7.2963   3.546495   3.545626     1.1543     1.3044   -0.00118   -0.00368    89.9997     0.0574     0.0350     93.982     91.149    34.6495    34.6442    27.1074    27.1038    1487.57    1487.54         15 0.0000e+00
      17245  68.911461    499.000    495.663     7.2472     7.2452   3.541185   3.540603     1.1592     1.3099    0.00071   -0.00137    90.0095     0.0606     0.0351     94.830     91.931    34.6444    34.6400    27.1109    27.1077    1487.37    1487.36         21 0.0000e+00
      17272  68.911476    500.000    496.650     7.2209     7.2179   3.538533   3.537943     1.1687     1.3205    0.00300    0.00298    90.0139     0.0715     0.0350     96.285     93.256    34.6412    34.6378    27.1121    27.1098    1487.28    1487.27         37 0.0000e+00
      17406  68.911545    501.000    497.639     7.1941     7.1938   3.535940   3.535776     1.1879     1.3429    0.00408    0.00245    89.9885     0.0542     0.0334     99.129     95.969    34.6393    34.6377    27.1143    27.1131    1487.19    1487.19         76 0.0000e+00
      17539  68.911606    502.000    498.641     7.1160     7.1127   3.528003   3.527426     1.2097     1.3715    0.00530    0.00668    90.0007     0.0610     0.0319    102.493     99.559    34.6301    34.6271    27.1180    27.1161    1486.90    1486.88         94 0.0000e+00
      17802  68.911736    503.000    499.628     7.0937     7.0918   3.525821   3.525406     1.2257     1.3960    0.00047    0.00087    90.0173     0.0645     0.0319    104.874    102.515    34.6281    34.6254    27.1195    27.1177    1486.82    1486.81         71 0.0000e+00
      18066  68.911858    504.000    500.616     7.0839     7.0825   3.524846   3.524462     1.2276     1.3973    0.00007   -0.00024    90.0159     0.0627     0.0322    105.196    102.716    34.6268    34.6240    27.1199    27.1178    1486.80    1486.79         75 0.0000e+00
      19665  68.912628    505.000    501.608     7.0723     7.0707   3.523674   3.523263     1.2300     1.4012   -0.00067   -0.00061    90.0157     0.0604     0.0322    105.591    103.214    34.6251    34.6222    27.1201    27.1180    1486.77    1486.76         51 0.0000e+00
