data-processing/CTD/data/cnv/dres018.cnv
* Sea-Bird SBE 9 Data File:
* FileName = C:\SEASOFT\PIRATA-FR32\data\fr32018.hex
* Software Version Seasave V 7.26.7.107
* Temperature SN = 6083
* Conductivity SN = 4509
* Number of Bytes Per Scan = 42
* Number of Voltage Words = 3
* Number of Scans Averaged by the Deck Unit = 1
* NMEA Latitude = 05 00.02 S
* NMEA Longitude = 010 00.06 W
* NMEA UTC (Time) = Mar 10 2022 09:06:28
** Cruise: PIRATA-FR32
** Ship: THALASSA
** Station: 018
** Bottom Depth: 3283
** Barometric pressure : 1008.9
** Temp Air: 23.7
** Operator: LWMH
** Comments:
# nquan = 25
# nvalues = 506                         
# units = specified
# name 0 = scan: Scan Count
# name 1 = timeJ: Julian Days
# name 2 = prDM: Pressure, Digiquartz [db]
# name 3 = depSM: Depth [salt water, m]
# name 4 = t090C: Temperature [ITS-90, deg C]
# name 5 = t190C: Temperature, 2 [ITS-90, deg C]
# name 6 = c0S/m: Conductivity [S/m]
# name 7 = c1S/m: Conductivity, 2 [S/m]
# name 8 = sbeox0V: Oxygen raw, SBE 43 [V]
# name 9 = sbeox1V: Oxygen raw, SBE 43, 2 [V]
# name 10 = sbox0dV/dT: Oxygen, SBE 43 [dov/dt]
# name 11 = sbox1dV/dT: Oxygen, SBE 43, 2 [dov/dt]
# name 12 = CStarTr0: Beam Transmission, WET Labs C-Star [%]
# name 13 = flECO-AFL: Fluorescence, WET Labs ECO-AFL/FL [mg/m^3]
# name 14 = flC: Fluorescence, Chelsea Aqua 3 Chl Con [ug/l]
# name 15 = sbox0Mm/Kg: Oxygen, SBE 43 [umol/kg], WS = 2
# name 16 = sbox1Mm/Kg: Oxygen, SBE 43, 2 [umol/kg], WS = 2
# name 17 = sal00: Salinity, Practical [PSU]
# name 18 = sal11: Salinity, Practical, 2 [PSU]
# name 19 = sigma-é00: Density [sigma-theta, kg/m^3]
# name 20 = sigma-é11: Density, 2 [sigma-theta, kg/m^3]
# name 21 = svCM: Sound Velocity [Chen-Millero, m/s]
# name 22 = svCM1: Sound Velocity, 2 [Chen-Millero, m/s]
# name 23 = nbin: number of scans per bin
# name 24 = flag: flag
# span 0 =        -29,      17054       
# span 1 =  69.379486,  69.387726       
# span 2 =      1.000,    506.000       
# span 3 =      1.078,    502.605       
# span 4 =     7.9385,    28.3175       
# span 5 =     7.9368,    28.3169       
# span 6 =   3.611155,   5.803302       
# span 7 =   3.610748,   5.802637       
# span 8 =     1.0456,     2.6994       
# span 9 =     1.1788,     3.1354       
# span 10 =   -0.13336,    0.01664      
# span 11 =   -0.15051,    0.01896      
# span 12 =    87.6079,    89.9725      
# span 13 =     0.0469,     1.0096      
# span 14 =     0.0304,     0.2707      
# span 15 =     73.473,    203.954      
# span 16 =     71.561,    198.441      
# span 17 =    34.7101,    36.1126      
# span 18 =    34.7074,    36.0999      
# span 19 =    23.0575,    27.0631      
# span 20 =    23.0543,    27.0612      
# span 21 =    1490.21,    1543.58      
# span 22 =    1490.20,    1543.58      
# span 23 =          1,        106      
# span 24 = 0.0000e+00, 0.0000e+00      
# interval = decibars: 1                
# start_time = Mar 10 2022 09:06:29 [System UTC, first data scan.]
# bad_flag = -9.990e-29
*END*
[from data line 232]
      10116  69.384377    233.000    231.572    11.4918    11.4903   3.971542   3.971130     1.2350     1.4041    0.00081    0.00083    89.8647     0.0558     0.0356     92.216     89.687    35.0987    35.0961    26.7674    26.7657    1499.05    1499.04         24 0.0000e+00
      10135  69.384392    234.000    232.559    11.4900    11.4886   3.971391   3.970982     1.2343     1.4034    0.00066    0.00046    89.8656     0.0586     0.0364     92.142     89.636    35.0984    35.0958    26.7676    26.7658    1499.06    1499.05         16 0.0000e+00
      10150  69.384399    235.000    233.549    11.4879    11.4864   3.971209   3.970806     1.2339     1.4040    0.00068   -0.00009    89.8744     0.0589     0.0359     92.112     89.710    35.0982    35.0956    26.7678    26.7661    1499.06    1499.06         15 0.0000e+00
      10164  69.384407    236.000    234.576    11.4867    11.4851   3.971103   3.970708     1.2340     1.4039    0.00043   -0.00001    89.8742     0.0544     0.0349     92.137     89.713    35.0979    35.0955    26.7678    26.7662    1499.08    1499.07         13 0.0000e+00
      10178  69.384407    237.000    235.557    11.4850    11.4837   3.970981   3.970595     1.2341     1.4055   -0.00010   -0.00013    89.8744     0.0512     0.0351     92.171     89.894    35.0978    35.0952    26.7680    26.7663    1499.09    1499.08         15 0.0000e+00
      10216  69.384430    238.000    236.565    11.4895    11.4881   3.971469   3.971105     1.2343     1.4046   -0.00025    0.00036    89.8659     0.0565     0.0349     92.193     89.808    35.0979    35.0956    26.7674    26.7658    1499.12    1499.11         58 0.0000e+00
      10273  69.384453    239.000    237.519    11.4913    11.4863   3.971691   3.970925     1.2339     1.4025    0.00019   -0.00051    89.8320     0.0533     0.0346     92.147     89.607    35.0980    35.0952    26.7671    26.7658    1499.14    1499.12         26 0.0000e+00
      10291  69.384468    240.000    238.540    11.4832    11.4807   3.970870   3.970363     1.2339     1.4043   -0.00024   -0.00089    89.8730     0.0548     0.0355     92.181     89.807    35.0971    35.0945    26.7680    26.7664    1499.13    1499.12         19 0.0000e+00
      10308  69.384476    241.000    239.523    11.4803    11.4789   3.970606   3.970186     1.2339     1.4048   -0.00021   -0.00104    89.8760     0.0511     0.0340     92.199     89.879    35.0968    35.0940    26.7683    26.7663    1499.14    1499.13         15 0.0000e+00
      10324  69.384483    242.000    240.520    11.4715    11.4686   3.969635   3.968985     1.2339     1.4052   -0.00019   -0.00095    89.8760     0.0564     0.0344     92.230     89.956    35.0951    35.0914    26.7686    26.7663    1499.12    1499.10         17 0.0000e+00
      10341  69.384491    243.000    241.511    11.4495    11.4470   3.967305   3.966674     1.2339     1.4050   -0.00007    0.00067    89.8760     0.0567     0.0349     92.276     89.989    35.0926    35.0887    26.7707    26.7682    1499.06    1499.04         18 0.0000e+00
      10359  69.384499    244.000    242.502    11.4288    11.4264   3.965154   3.964565     1.2355     1.4058   -0.00019    0.00146    89.8760     0.0496     0.0354     92.551     90.126    35.0905    35.0869    26.7730    26.7706    1499.00    1498.99         17 0.0000e+00
      10376  69.384506    245.000    243.501    11.4199    11.4182   3.964221   3.963768     1.2363     1.4072   -0.00006    0.00082    89.8760     0.0481     0.0353     92.683     90.295    35.0892    35.0864    26.7737    26.7718    1498.98    1498.97         16 0.0000e+00
      10392  69.384514    246.000    244.498    11.4146    11.4124   3.963653   3.963085     1.2375     1.4085    0.00058    0.00024    89.8760     0.0533     0.0350     92.850     90.451    35.0882    35.0847    26.7739    26.7716    1498.98    1498.97         17 0.0000e+00
      10410  69.384521    247.000    245.503    11.3988    11.3968   3.961951   3.961421     1.2392     1.4094    0.00103    0.00041    89.8760     0.0510     0.0360     93.107     90.586    35.0859    35.0826    26.7750    26.7728    1498.94    1498.93         20 0.0000e+00
      10448  69.384537    248.000    246.490    11.4092    11.4115   3.963131   3.963195     1.2400     1.4119    0.00150    0.00152    89.8760     0.0573     0.0362     93.198     90.829    35.0873    35.0857    26.7742    26.7726    1498.99    1499.00         54 0.0000e+00
      10504  69.384567    249.000    247.455    11.4100    11.3994   3.963179   3.961596     1.2395     1.4107    0.00066    0.00233    89.8751     0.0547     0.0347     93.154     90.747    35.0865    35.0810    26.7735    26.7711    1499.01    1498.97         28 0.0000e+00
      10523  69.384575    250.000    248.456    11.3775    11.3761   3.959779   3.959355     1.2400     1.4111   -0.00019   -0.00001    89.8747     0.0531     0.0338     93.297     90.840    35.0833    35.0804    26.7771    26.7750    1498.91    1498.90         18 0.0000e+00
      10539  69.384583    251.000    249.469    11.3761    11.3746   3.959645   3.959231     1.2403     1.4121   -0.00057   -0.00114    89.8760     0.0644     0.0342     93.349     90.958    35.0829    35.0802    26.7770    26.7752    1498.92    1498.91         16 0.0000e+00
      10556  69.384590    252.000    250.462    11.3725    11.3708   3.959279   3.958819     1.2412     1.4120   -0.00019   -0.00089    89.8721     0.0563     0.0340     93.474     90.972    35.0822    35.0793    26.7772    26.7752    1498.93    1498.92         18 0.0000e+00
      10577  69.384605    253.000    251.450    11.3615    11.3592   3.958084   3.957536     1.2421     1.4131    0.00040    0.00009    89.8633     0.0530     0.0332     93.629     91.124    35.0804    35.0771    26.7778    26.7757    1498.90    1498.89         24 0.0000e+00
      10603  69.384613    254.000    252.432    11.3361    11.3335   3.955344   3.954718     1.2426     1.4136    0.00063    0.00079    89.8742     0.0559     0.0339     93.761     91.243    35.0769    35.0732    26.7798    26.7774    1498.83    1498.81         26 0.0000e+00
      10626  69.384628    255.000    253.435    11.3180    11.3163   3.953460   3.953002     1.2430     1.4143    0.00103    0.00067    89.8816     0.0514     0.0344     93.860     91.358    35.0750    35.0721    26.7817    26.7797    1498.78    1498.77         21 0.0000e+00
      10647  69.384636    256.000    254.422    11.2999    11.2963   3.951458   3.950603     1.2436     1.4147    0.00091    0.00089    89.8915     0.0588     0.0339     93.985     91.457    35.0719    35.0669    26.7826    26.7794    1498.73    1498.71         20 0.0000e+00
      10665  69.384644    257.000    255.412    11.2528    11.2500   3.946416   3.945643     1.2442     1.4152    0.00052    0.00049    89.8984     0.0639     0.0340     94.174     91.618    35.0663    35.0612    26.7869    26.7835    1498.57    1498.56         18 0.0000e+00
      10684  69.384651    258.000    256.424    11.2274    11.2252   3.943729   3.943127     1.2454     1.4166    0.00043    0.00065    89.8851     0.0587     0.0343     94.398     91.822    35.0633    35.0593    26.7893    26.7866    1498.50    1498.49         19 0.0000e+00
      10703  69.384666    259.000    257.407    11.2077    11.2061   3.941592   3.941087     1.2466     1.4178    0.00047    0.00056    89.8763     0.0514     0.0341     94.608     92.004    35.0603    35.0568    26.7906    26.7881    1498.44    1498.43         21 0.0000e+00
      10727  69.384674    260.000    258.405    11.1930    11.1903   3.940011   3.939360     1.2481     1.4187    0.00097    0.00083    89.8760     0.0526     0.0339     94.844     92.137    35.0582    35.0542    26.7916    26.7891    1498.40    1498.39         28 0.0000e+00
      10762  69.384689    261.000    259.389    11.1672    11.1640   3.937327   3.936657     1.2496     1.4211    0.00153    0.00145    89.8917     0.0578     0.0348     95.097     92.455    35.0556    35.0519    26.7943    26.7921    1498.33    1498.31         39 0.0000e+00
      10796  69.384705    262.000    260.384    11.1502    11.1481   3.935524   3.934956     1.2498     1.4225    0.00142    0.00107    89.8963     0.0562     0.0335     95.177     92.644    35.0534    35.0498    26.7957    26.7933    1498.28    1498.27         27 0.0000e+00
      10819  69.384720    263.000    261.374    11.1027    11.0984   3.930361   3.929262     1.2499     1.4227    0.00093    0.00183    89.8962     0.0540     0.0338     95.302     92.790    35.0468    35.0399    26.7993    26.7947    1498.13    1498.10         20 0.0000e+00
      10838  69.384727    264.000    262.370    11.0431    11.0409   3.924077   3.923389     1.2508     1.4230    0.00048    0.00140    89.8911     0.0508     0.0335     95.559     92.962    35.0405    35.0357    26.8052    26.8019    1497.93    1497.91         19 0.0000e+00
      10856  69.384735    265.000    263.362    11.0337    11.0322   3.923066   3.922594     1.2518     1.4249    0.00008    0.00080    89.8574     0.0502     0.0332     95.728     93.186    35.0389    35.0356    26.8057    26.8034    1497.91    1497.90         19 0.0000e+00
      10878  69.384750    266.000    264.365    11.0283    11.0269   3.922508   3.922071     1.2537     1.4276    0.00017    0.00040    89.8874     0.0565     0.0323     95.991     93.492    35.0380    35.0350    26.8060    26.8039    1497.90    1497.90         24 0.0000e+00
      10907  69.384758    267.000    265.355    11.0253    11.0236   3.922219   3.921735     1.2551     1.4299    0.00112    0.00117    89.8818     0.0580     0.0319     96.189     93.751    35.0375    35.0344    26.8062    26.8041    1497.91    1497.90         34 0.0000e+00
      10940  69.384781    268.000    266.333    11.0090    11.0068   3.920539   3.919977     1.2560     1.4318    0.00191    0.00290    89.8979     0.0559     0.0319     96.353     93.998    35.0358    35.0323    26.8079    26.8055    1497.87    1497.86         28 0.0000e+00
      10963  69.384789    269.000    267.332    11.0025    11.0009   3.919909   3.919457     1.2559     1.4316    0.00128    0.00197    89.9020     0.0501     0.0321     96.370     93.994    35.0353    35.0323    26.8087    26.8066    1497.86    1497.85         21 0.0000e+00
      10982  69.384796    270.000    268.329    11.0000    10.9985   3.919685   3.919249     1.2557     1.4306    0.00082    0.00170    89.8957     0.0579     0.0321     96.360     93.913    35.0350    35.0321    26.8089    26.8069    1497.87    1497.86         17 0.0000e+00
      10999  69.384804    271.000    269.323    10.9974    10.9958   3.919454   3.919021     1.2552     1.4295    0.00051    0.00124    89.8886     0.0540     0.0319     96.314     93.809    35.0348    35.0320    26.8092    26.8073    1497.88    1497.87         17 0.0000e+00
      11017  69.384811    272.000    270.332    10.9956    10.9941   3.919301   3.918888     1.2556     1.4291    0.00011    0.00020    89.8773     0.0509     0.0318     96.373     93.789    35.0345    35.0318    26.8093    26.8075    1497.89    1497.88         19 0.0000e+00
      11039  69.384827    273.000    271.307    10.9945    10.9932   3.919231   3.918849     1.2557     1.4301   -0.00029   -0.00101    89.8779     0.0661     0.0335     96.406     93.908    35.0344    35.0318    26.8095    26.8077    1497.90    1497.89         25 0.0000e+00
      11063  69.384834    274.000    272.305    10.9942    10.9926   3.919250   3.918838     1.2555     1.4308   -0.00027   -0.00124    89.8977     0.0503     0.0345     96.398     93.989    35.0344    35.0319    26.8096    26.8079    1497.91    1497.90         24 0.0000e+00
      11087  69.384850    275.000    273.291    10.9939    10.9923   3.919266   3.918854     1.2555     1.4308    0.00025    0.00009    89.8987     0.0643     0.0349     96.406     94.005    35.0344    35.0319    26.8097    26.8080    1497.93    1497.92         22 0.0000e+00
      11107  69.384857    276.000    274.296    10.9936    10.9923   3.919285   3.918911     1.2550     1.4312    0.00013    0.00090    89.8998     0.0544     0.0343     96.354     94.055    35.0345    35.0320    26.8098    26.8081    1497.94    1497.94         19 0.0000e+00
      11126  69.384865    277.000    275.276    10.9907    10.9897   3.919038   3.918661     1.2553     1.4309   -0.00019    0.00060    89.8998     0.0500     0.0342     96.408     94.042    35.0344    35.0315    26.8103    26.8082    1497.95    1497.94         18 0.0000e+00
      11145  69.384872    278.000    276.283    10.9876    10.9860   3.918731   3.918308     1.2557     1.4314   -0.00025    0.00015    89.8926     0.0489     0.0340     96.476     94.121    35.0338    35.0311    26.8104    26.8085    1497.96    1497.95         22 0.0000e+00
      11183  69.384895    279.000    277.273    10.9903    10.9876   3.919051   3.918520     1.2560     1.4315    0.00007    0.00027    89.8900     0.0535     0.0333     96.524     94.138    35.0340    35.0312    26.8100    26.8084    1497.98    1497.97         57 0.0000e+00
      11239  69.384918    280.000    278.252    10.9823    10.9789   3.918216   3.917521     1.2554     1.4296    0.00018    0.00040    89.9006     0.0506     0.0317     96.485     93.972    35.0328    35.0292    26.8106    26.8084    1497.97    1497.95         31 0.0000e+00
      11260  69.384933    281.000    279.248    10.9676    10.9659   3.916728   3.916255     1.2542     1.4287    0.00016   -0.00060    89.8998     0.0541     0.0322     96.370     93.917    35.0315    35.0284    26.8123    26.8102    1497.93    1497.92         18 0.0000e+00
      11276  69.384941    282.000    280.232    10.9600    10.9583   3.915960   3.915490     1.2536     1.4282    0.00006   -0.00132    89.8998     0.0586     0.0323     96.322     93.891    35.0306    35.0275    26.8130    26.8109    1497.92    1497.91         15 0.0000e+00
      11290  69.384949    283.000    281.239    10.9524    10.9507   3.915178   3.914715     1.2535     1.4279   -0.00043   -0.00112    89.8998     0.0523     0.0334     96.343     93.886    35.0297    35.0266    26.8136    26.8116    1497.91    1497.90         14 0.0000e+00
      11304  69.384956    284.000    282.240    10.9453    10.9439   3.914460   3.914056     1.2534     1.4271   -0.00103   -0.00084    89.8998     0.0513     0.0335     96.359     93.835    35.0288    35.0261    26.8143    26.8124    1497.90    1497.89         13 0.0000e+00
      11317  69.384956    285.000    283.238    10.9410    10.9394   3.914034   3.913603     1.2530     1.4271   -0.00122   -0.00102    89.8998     0.0624     0.0337     96.332     93.850    35.0282    35.0254    26.8146    26.8127    1497.90    1497.89         15 0.0000e+00
      11336  69.384972    286.000    284.233    10.9375    10.9361   3.913694   3.913285     1.2528     1.4270   -0.00084   -0.00089    89.8821     0.0592     0.0331     96.319     93.861    35.0277    35.0250    26.8148    26.8130    1497.90    1497.90         23 0.0000e+00
      11361  69.384979    287.000    285.211    10.9329    10.9310   3.913198   3.912700     1.2524     1.4263   -0.00033   -0.00077    89.8972     0.0488     0.0320     96.294     93.810    35.0267    35.0235    26.8149    26.8128    1497.90    1497.89         23 0.0000e+00
      11383  69.384995    288.000    286.194    10.9135    10.9115   3.911166   3.910636     1.2523     1.4260   -0.00042   -0.00033    89.8988     0.0504     0.0331     96.336     93.843    35.0244    35.0211    26.8166    26.8144    1497.85    1497.84         21 0.0000e+00
      11403  69.385002    289.000    287.207    10.9093    10.9078   3.910777   3.910362     1.2523     1.4267   -0.00032   -0.00024    89.8998     0.0500     0.0336     96.357     93.935    35.0241    35.0214    26.8172    26.8154    1497.85    1497.84         21 0.0000e+00
