data-processing/CTD/data/cnv/dres017.cnv
* Sea-Bird SBE 9 Data File:
* FileName = C:\SEASOFT\PIRATA-FR32\data\fr32017.hex
* Software Version Seasave V 7.26.7.107
* Temperature SN = 6083
* Conductivity SN = 4509
* Number of Bytes Per Scan = 42
* Number of Voltage Words = 3
* Number of Scans Averaged by the Deck Unit = 1
* NMEA Latitude = 04 29.91 S
* NMEA Longitude = 010 00.04 W
* NMEA UTC (Time) = Mar 10 2022 05:28:45
** Cruise: PIRATA-FR32
** Ship: THALASSA
** Station: 017
** Bottom Depth: 3684
** Barometric pressure : 1005.9
** Temp Air: 27.7
** Operator: AMGE
** Comments:
# nquan = 25
# nvalues = 501                         
# units = specified
# name 0 = scan: Scan Count
# name 1 = timeJ: Julian Days
# name 2 = prDM: Pressure, Digiquartz [db]
# name 3 = depSM: Depth [salt water, m]
# name 4 = t090C: Temperature [ITS-90, deg C]
# name 5 = t190C: Temperature, 2 [ITS-90, deg C]
# name 6 = c0S/m: Conductivity [S/m]
# name 7 = c1S/m: Conductivity, 2 [S/m]
# name 8 = sbeox0V: Oxygen raw, SBE 43 [V]
# name 9 = sbeox1V: Oxygen raw, SBE 43, 2 [V]
# name 10 = sbox0dV/dT: Oxygen, SBE 43 [dov/dt]
# name 11 = sbox1dV/dT: Oxygen, SBE 43, 2 [dov/dt]
# name 12 = CStarTr0: Beam Transmission, WET Labs C-Star [%]
# name 13 = flECO-AFL: Fluorescence, WET Labs ECO-AFL/FL [mg/m^3]
# name 14 = flC: Fluorescence, Chelsea Aqua 3 Chl Con [ug/l]
# name 15 = sbox0Mm/Kg: Oxygen, SBE 43 [umol/kg], WS = 2
# name 16 = sbox1Mm/Kg: Oxygen, SBE 43, 2 [umol/kg], WS = 2
# name 17 = sal00: Salinity, Practical [PSU]
# name 18 = sal11: Salinity, Practical, 2 [PSU]
# name 19 = sigma-é00: Density [sigma-theta, kg/m^3]
# name 20 = sigma-é11: Density, 2 [sigma-theta, kg/m^3]
# name 21 = svCM: Sound Velocity [Chen-Millero, m/s]
# name 22 = svCM1: Sound Velocity, 2 [Chen-Millero, m/s]
# name 23 = nbin: number of scans per bin
# name 24 = flag: flag
# span 0 =       -526,      19337       
# span 1 =  69.228055,  69.237635       
# span 2 =      2.000,    502.000       
# span 3 =      1.987,    498.638       
# span 4 =     7.8040,    28.6172       
# span 5 =     7.8015,    28.6167       
# span 6 =   3.597389,   5.801128       
# span 7 =   3.596845,   5.800458       
# span 8 =     1.0033,     2.7350       
# span 9 =     1.1293,     3.1686       
# span 10 =   -0.07351,    0.02845      
# span 11 =   -0.08398,    0.03153      
# span 12 =    87.6908,    89.9949      
# span 13 =     0.0487,     1.2402      
# span 14 =     0.0324,     0.3510      
# span 15 =     67.565,    205.829      
# span 16 =     65.983,    199.517      
# span 17 =    34.6974,    36.0923      
# span 18 =    34.6940,    36.0846      
# span 19 =    22.7789,    27.0728      
# span 20 =    22.7760,    27.0706      
# span 21 =    1489.62,    1543.74      
# span 22 =    1489.60,    1543.73      
# span 23 =         11,        112      
# span 24 = 0.0000e+00, 0.0000e+00      
# interval = decibars: 1                
# start_time = Mar 10 2022 05:28:46 [System UTC, first data scan.]
# bad_flag = -9.990e-29
*END*
[from data line 348]
      12253  69.234222    350.000    347.774    10.2937    10.2911   3.848653   3.847985     1.0716     1.2064    0.00584    0.00633    89.8760     0.0582     0.0386     74.840     72.508    34.9607    34.9564    26.8778    26.8749    1496.60    1496.59         24 0.0000e+00
      12276  69.234230    351.000    348.763    10.2731    10.2717   3.846500   3.845984     1.0750     1.2107    0.00566    0.00648    89.8760     0.0582     0.0380     75.322     73.020    34.9582    34.9543    26.8794    26.8767    1496.54    1496.53         23 0.0000e+00
      12298  69.234238    352.000    349.753    10.2539    10.2513   3.844433   3.843698     1.0767     1.2133    0.00529    0.00629    89.8760     0.0553     0.0369     75.587     73.339    34.9552    34.9503    26.8805    26.8771    1496.49    1496.47         22 0.0000e+00
      12319  69.234253    353.000    350.746    10.1999    10.1965   3.838761   3.837879     1.0774     1.2152    0.00451    0.00560    89.8760     0.0508     0.0378     75.795     73.654    34.9491    34.9435    26.8851    26.8812    1496.30    1496.28         20 0.0000e+00
      12339  69.234261    354.000    351.741    10.1812    10.1794   3.836827   3.836325     1.0767     1.2159    0.00316    0.00432    89.8760     0.0589     0.0377     75.744     73.765    34.9470    34.9436    26.8866    26.8843    1496.25    1496.24         20 0.0000e+00
      12359  69.234268    355.000    352.736    10.1758    10.1739   3.836242   3.835703     1.0757     1.2155    0.00192    0.00302    89.8760     0.0637     0.0372     75.629     73.743    34.9458    34.9422    26.8867    26.8842    1496.25    1496.23         21 0.0000e+00
      12379  69.234276    356.000    353.736    10.1521    10.1491   3.833690   3.832936     1.0739     1.2140    0.00076    0.00213    89.8760     0.0697     0.0384     75.453     73.635    34.9422    34.9374    26.8880    26.8847    1496.17    1496.16         20 0.0000e+00
      12402  69.234291    357.000    354.723    10.1235    10.1206   3.830659   3.829956     1.0724     1.2115   -0.00060    0.00068    89.8658     0.0731     0.0374     75.316     73.429    34.9384    34.9341    26.8899    26.8870    1496.08    1496.07         26 0.0000e+00
      12434  69.234306    358.000    355.717    10.0779    10.0678   3.825941   3.824493     1.0703     1.2096   -0.00160   -0.00128    89.8876     0.0674     0.0369     75.123     73.327    34.9338    34.9288    26.8942    26.8920    1495.93    1495.89         43 0.0000e+00
      12479  69.234329    359.000    356.703    10.0276    10.0241   3.820845   3.820072     1.0667     1.2062   -0.00162   -0.00186    89.8869     0.0572     0.0375     74.742     73.046    34.9300    34.9254    26.8998    26.8968    1495.76    1495.74         39 0.0000e+00
      12510  69.234344    360.000    357.695    10.0106    10.0093   3.819116   3.818653     1.0620     1.2017   -0.00163   -0.00156    89.8937     0.0642     0.0387     74.165     72.595    34.9282    34.9248    26.9013    26.8989    1495.71    1495.71         23 0.0000e+00
      12530  69.234352    361.000    358.681    10.0001     9.9984   3.818077   3.817562     1.0582     1.1975   -0.00184   -0.00173    89.8782     0.0655     0.0387     73.690     72.165    34.9273    34.9236    26.9024    26.8998    1495.69    1495.68         18 0.0000e+00
      12547  69.234360    362.000    359.673     9.9934     9.9921   3.817454   3.817002     1.0548     1.1932   -0.00270   -0.00241    89.8475     0.0665     0.0393     73.263     71.728    34.9270    34.9235    26.9033    26.9009    1495.68    1495.68         17 0.0000e+00
      12563  69.234367    363.000    360.681     9.9887     9.9875   3.817016   3.816594     1.0517     1.1893   -0.00358   -0.00340    89.8695     0.0594     0.0390     72.870     71.324    34.9266    34.9234    26.9038    26.9016    1495.68    1495.67         15 0.0000e+00
      12578  69.234375    364.000    361.669     9.9870     9.9858   3.816895   3.816496     1.0493     1.1861   -0.00411   -0.00437    89.8761     0.0572     0.0383     72.573     70.993    34.9264    34.9236    26.9040    26.9020    1495.69    1495.69         15 0.0000e+00
      12593  69.234383    365.000    362.672     9.9854     9.9843   3.816760   3.816356     1.0475     1.1837   -0.00445   -0.00510    89.8818     0.0698     0.0381     72.342     70.743    34.9262    34.9231    26.9042    26.9019    1495.70    1495.70         16 0.0000e+00
      12609  69.234390    366.000    363.661     9.9822     9.9808   3.816463   3.816041     1.0456     1.1814   -0.00465   -0.00567    89.8993     0.0711     0.0382     72.103     70.512    34.9258    34.9229    26.9044    26.9023    1495.71    1495.70         15 0.0000e+00
      12625  69.234398    367.000    364.649     9.9793     9.9773   3.816207   3.815715     1.0440     1.1791   -0.00465   -0.00583    89.8785     0.0661     0.0384     71.911     70.274    34.9255    34.9225    26.9047    26.9027    1495.71    1495.70         17 0.0000e+00
      12646  69.234406    368.000    365.649     9.9723     9.9708   3.815488   3.815039     1.0424     1.1773   -0.00362   -0.00469    89.8904     0.0661     0.0380     71.714     70.098    34.9245    34.9214    26.9051    26.9029    1495.70    1495.69         27 0.0000e+00
      12689  69.234428    369.000    366.636     9.9855     9.9828   3.816895   3.816387     1.0413     1.1752   -0.00236   -0.00305    89.8855     0.0661     0.0382     71.557     69.868    34.9257    34.9231    26.9038    26.9023    1495.77    1495.76         55 0.0000e+00
      12734  69.234451    370.000    367.622     9.9444     9.9454   3.812641   3.812243     1.0399     1.1735   -0.00086   -0.00148    89.8757     0.0663     0.0394     71.447     69.757    34.9214    34.9163    26.9075    26.9033    1495.63    1495.63         35 0.0000e+00
      12763  69.234467    371.000    368.617     9.9161     9.9154   3.809735   3.809332     1.0369     1.1709   -0.00012   -0.00027    89.8760     0.0712     0.0402     71.113     69.529    34.9186    34.9152    26.9101    26.9075    1495.54    1495.54         27 0.0000e+00
      12789  69.234474    372.000    369.603     9.9010     9.8996   3.808183   3.807697     1.0343     1.1673   -0.00098   -0.00111    89.8760     0.0658     0.0389     70.796     69.176    34.9168    34.9132    26.9113    26.9087    1495.50    1495.49         22 0.0000e+00
      12809  69.234489    373.000    370.601     9.8845     9.8822   3.806502   3.805894     1.0321     1.1640   -0.00208   -0.00204    89.8760     0.0585     0.0385     70.543     68.860    34.9151    34.9111    26.9128    26.9100    1495.46    1495.45         19 0.0000e+00
      12827  69.234497    374.000    371.592     9.8661     9.8617   3.804587   3.803715     1.0307     1.1621   -0.00238   -0.00230    89.8968     0.0541     0.0394     70.403     68.694    34.9128    34.9081    26.9141    26.9111    1495.41    1495.38         16 0.0000e+00
      12843  69.234505    375.000    372.589     9.8351     9.8311   3.801431   3.800578     1.0299     1.1608   -0.00248   -0.00300    89.8938     0.0512     0.0412     70.360     68.610    34.9100    34.9051    26.9171    26.9140    1495.31    1495.29         16 0.0000e+00
      12859  69.234512    376.000    373.579     9.8044     9.7999   3.798208   3.797259     1.0299     1.1601   -0.00263   -0.00375    89.8984     0.0593     0.0405     70.413     68.601    34.9062    34.9008    26.9193    26.9159    1495.21    1495.19         17 0.0000e+00
      12876  69.234520    377.000    374.588     9.7829     9.7813   3.795995   3.795490     1.0298     1.1598   -0.00235   -0.00353    89.8961     0.0582     0.0402     70.442     68.603    34.9038    34.9001    26.9211    26.9185    1495.14    1495.13         19 0.0000e+00
      12896  69.234528    378.000    375.568     9.7726     9.7708   3.794908   3.794402     1.0300     1.1598   -0.00157   -0.00238    89.8964     0.0604     0.0404     70.500     68.635    34.9022    34.8986    26.9216    26.9191    1495.12    1495.11         21 0.0000e+00
      12919  69.234543    379.000    376.568     9.7559     9.7538   3.793153   3.792560     1.0318     1.1616   -0.00049   -0.00121    89.8998     0.0662     0.0396     70.780     68.863    34.8998    34.8958    26.9225    26.9198    1495.08    1495.06         24 0.0000e+00
      12946  69.234550    380.000    377.550     9.7338     9.7321   3.790916   3.790411     1.0353     1.1650    0.00007   -0.00032    89.8852     0.0632     0.0395     71.297     69.279    34.8978    34.8943    26.9247    26.9223    1495.01    1495.00         28 0.0000e+00
      12977  69.234566    381.000    378.551     9.7240     9.7223   3.789940   3.789438     1.0385     1.1685    0.00161    0.00153    89.8958     0.0549     0.0380     71.745     69.681    34.8968    34.8933    26.9256    26.9231    1494.99    1494.98         36 0.0000e+00
      13011  69.234581    382.000    379.531     9.7093     9.7077   3.788425   3.787946     1.0401     1.1713    0.00313    0.00310    89.8999     0.0588     0.0392     71.987     70.024    34.8950    34.8916    26.9266    26.9242    1494.95    1494.94         29 0.0000e+00
      13036  69.234596    383.000    380.523     9.6965     9.6946   3.787135   3.786595     1.0398     1.1716    0.00239    0.00261    89.8998     0.0592     0.0388     71.982     70.089    34.8936    34.8900    26.9277    26.9252    1494.92    1494.91         22 0.0000e+00
      13056  69.234604    384.000    381.530     9.6791     9.6767   3.785378   3.784779     1.0393     1.1714    0.00158    0.00234    89.8998     0.0584     0.0384     71.953     70.110    34.8920    34.8881    26.9294    26.9267    1494.87    1494.86         18 0.0000e+00
      13073  69.234612    385.000    382.513     9.6654     9.6633   3.784025   3.783532     1.0374     1.1704    0.00070    0.00173    89.8998     0.0574     0.0370     71.738     70.030    34.8909    34.8878    26.9309    26.9288    1494.84    1494.82         17 0.0000e+00
      13092  69.234627    386.000    383.514     9.6607     9.6591   3.783571   3.783116     1.0352     1.1686   -0.00005    0.00048    89.8998     0.0580     0.0366     71.462     69.849    34.8903    34.8871    26.9312    26.9290    1494.83    1494.82         21 0.0000e+00
      13116  69.234634    387.000    384.509     9.6523     9.6504   3.782752   3.782269     1.0312     1.1652   -0.00098   -0.00035    89.8998     0.0638     0.0375     70.943     69.500    34.8895    34.8864    26.9320    26.9299    1494.82    1494.81         30 0.0000e+00
      13150  69.234650    388.000    385.489     9.6430     9.6411   3.781833   3.781348     1.0240     1.1573   -0.00272   -0.00199    89.8998     0.0578     0.0381     70.013     68.668    34.8886    34.8855    26.9329    26.9307    1494.80    1494.79         33 0.0000e+00
      13179  69.234665    389.000    386.490     9.6298     9.6281   3.780520   3.780027     1.0168     1.1491   -0.00403   -0.00363    89.8998     0.0492     0.0380     69.071     67.803    34.8875    34.8840    26.9342    26.9317    1494.77    1494.76         25 0.0000e+00
      13201  69.234673    390.000    387.468     9.6172     9.6153   3.779262   3.778737     1.0117     1.1427   -0.00508   -0.00542    89.8985     0.0580     0.0388     68.427     67.134    34.8863    34.8827    26.9354    26.9329    1494.74    1494.73         19 0.0000e+00
      13219  69.234688    391.000    388.461     9.5992     9.5968   3.777427   3.776775     1.0084     1.1376   -0.00567   -0.00625    89.8985     0.0586     0.0395     68.018     66.612    34.8843    34.8800    26.9368    26.9338    1494.69    1494.67         18 0.0000e+00
      13236  69.234695    392.000    389.473     9.5645     9.5600   3.773812   3.772797     1.0057     1.1339   -0.00596   -0.00679    89.8958     0.0604     0.0389     67.724     66.282    34.8802    34.8742    26.9394    26.9354    1494.57    1494.55         18 0.0000e+00
      13256  69.234703    393.000    390.466     9.5014     9.4980   3.767295   3.766397     1.0037     1.1311   -0.00558   -0.00702    89.8998     0.0721     0.0384     67.565     66.081    34.8737    34.8678    26.9448    26.9407    1494.35    1494.33         22 0.0000e+00
      13282  69.234718    394.000    391.450     9.4426     9.4396   3.761184   3.760418     1.0033     1.1293   -0.00450   -0.00645    89.8943     0.0577     0.0381     67.620     65.983    34.8672    34.8622    26.9494    26.9459    1494.15    1494.13         27 0.0000e+00
      13307  69.234726    395.000    392.433     9.3933     9.3897   3.756073   3.755155     1.0050     1.1301   -0.00314   -0.00436    89.8893     0.0575     0.0395     67.941     66.167    34.8617    34.8557    26.9532    26.9491    1493.98    1493.95         25 0.0000e+00
      13330  69.234741    396.000    393.438     9.3486     9.3464   3.751509   3.750866     1.0075     1.1324   -0.00148   -0.00271    89.9007     0.0573     0.0399     68.352     66.490    34.8574    34.8529    26.9572    26.9540    1493.82    1493.81         21 0.0000e+00
      13351  69.234749    397.000    394.431     9.3356     9.3344   3.750213   3.749784     1.0100     1.1354    0.00055   -0.00064    89.9041     0.0640     0.0393     68.726     66.849    34.8562    34.8529    26.9584    26.9560    1493.79    1493.78         22 0.0000e+00
      13375  69.234756    398.000    395.425     9.3350     9.3337   3.750174   3.749767     1.0121     1.1383    0.00201    0.00141    89.9080     0.0661     0.0381     69.010     67.181    34.8559    34.8529    26.9582    26.9561    1493.80    1493.80         26 0.0000e+00
      13403  69.234772    399.000    396.410     9.3351     9.3338   3.750234   3.749837     1.0132     1.1403    0.00274    0.00288    89.9238     0.0663     0.0414     69.176     67.411    34.8560    34.8531    26.9583    26.9562    1493.82    1493.81         28 0.0000e+00
      13430  69.234787    400.000    397.402     9.3327     9.3311   3.750038   3.749571     1.0143     1.1410    0.00221    0.00314    89.9245     0.0661     0.0410     69.331     67.500    34.8558    34.8525    26.9585    26.9562    1493.83    1493.82         27 0.0000e+00
      13456  69.234802    401.000    398.397     9.3251     9.3232   3.749256   3.748767     1.0149     1.1417    0.00125    0.00192    89.9190     0.0676     0.0400     69.442     67.594    34.8546    34.8514    26.9589    26.9567    1493.82    1493.81         26 0.0000e+00
      13482  69.234810    402.000    399.397     9.3107     9.3084   3.747751   3.747192     1.0160     1.1426    0.00085    0.00090    89.9054     0.0659     0.0390     69.621     67.731    34.8526    34.8490    26.9597    26.9572    1493.78    1493.77         26 0.0000e+00
      13507  69.234825    403.000    400.371     9.2924     9.2906   3.745940   3.745414     1.0174     1.1445    0.00076    0.00046    89.9095     0.0613     0.0384     69.848     67.978    34.8511    34.8475    26.9616    26.9590    1493.73    1493.71         22 0.0000e+00
      13527  69.234833    404.000    401.369     9.2815     9.2801   3.744850   3.744401     1.0182     1.1456    0.00080    0.00059    89.8995     0.0652     0.0387     69.979     68.125    34.8499    34.8467    26.9624    26.9601    1493.70    1493.69         18 0.0000e+00
      13545  69.234840    405.000    402.371     9.2737     9.2720   3.744037   3.743564     1.0192     1.1469    0.00099    0.00112    89.9078     0.0737     0.0392     70.139     68.297    34.8487    34.8454    26.9627    26.9604    1493.69    1493.68         18 0.0000e+00
      13564  69.234848    406.000    403.368     9.2653     9.2636   3.743192   3.742712     1.0205     1.1488    0.00124    0.00176    89.9233     0.0542     0.0388     70.342     68.521    34.8476    34.8442    26.9632    26.9609    1493.67    1493.66         21 0.0000e+00
