data-processing/CTD/data/cnv/dres016.cnv
* Sea-Bird SBE 9 Data File:
* FileName = C:\SEASOFT\PIRATA-FR32\data\fr32016.hex
* Software Version Seasave V 7.26.7.107
* Temperature SN = 6083
* Conductivity SN = 4509
* Number of Bytes Per Scan = 42
* Number of Voltage Words = 3
* Number of Scans Averaged by the Deck Unit = 1
* NMEA Latitude = 03 59.85 S
* NMEA Longitude = 010 00.12 W
* NMEA UTC (Time) = Mar 10 2022 01:27:56
** Cruise: PIRATA-FR32
** Ship: THALASSA
** Station: 016
** Bottom Depth: 3584
** Barometric pressure : 1006.4
** Temp Air: 28.1
** Operator: SCP
** Comments:
# nquan = 25
# nvalues = 536                         
# units = specified
# name 0 = scan: Scan Count
# name 1 = timeJ: Julian Days
# name 2 = prDM: Pressure, Digiquartz [db]
# name 3 = depSM: Depth [salt water, m]
# name 4 = t090C: Temperature [ITS-90, deg C]
# name 5 = t190C: Temperature, 2 [ITS-90, deg C]
# name 6 = c0S/m: Conductivity [S/m]
# name 7 = c1S/m: Conductivity, 2 [S/m]
# name 8 = sbeox0V: Oxygen raw, SBE 43 [V]
# name 9 = sbeox1V: Oxygen raw, SBE 43, 2 [V]
# name 10 = sbox0dV/dT: Oxygen, SBE 43 [dov/dt]
# name 11 = sbox1dV/dT: Oxygen, SBE 43, 2 [dov/dt]
# name 12 = CStarTr0: Beam Transmission, WET Labs C-Star [%]
# name 13 = flECO-AFL: Fluorescence, WET Labs ECO-AFL/FL [mg/m^3]
# name 14 = flC: Fluorescence, Chelsea Aqua 3 Chl Con [ug/l]
# name 15 = sbox0Mm/Kg: Oxygen, SBE 43 [umol/kg], WS = 2
# name 16 = sbox1Mm/Kg: Oxygen, SBE 43, 2 [umol/kg], WS = 2
# name 17 = sal00: Salinity, Practical [PSU]
# name 18 = sal11: Salinity, Practical, 2 [PSU]
# name 19 = sigma-é00: Density [sigma-theta, kg/m^3]
# name 20 = sigma-é11: Density, 2 [sigma-theta, kg/m^3]
# name 21 = svCM: Sound Velocity [Chen-Millero, m/s]
# name 22 = svCM1: Sound Velocity, 2 [Chen-Millero, m/s]
# name 23 = nbin: number of scans per bin
# name 24 = flag: flag
# span 0 =       -390,      34032       
# span 1 =  69.060888,  69.077489       
# span 2 =      3.000,    538.000       
# span 3 =      2.981,    534.338       
# span 4 =     7.2940,    28.7814       
# span 5 =     7.2959,    28.7809       
# span 6 =   3.547533,   5.780464       
# span 7 =   3.547459,   5.779828       
# span 8 =     1.0387,     2.7533       
# span 9 =     1.1682,     3.1823       
# span 10 =   -0.06102,    0.02374      
# span 11 =   -0.07241,    0.03000      
# span 12 =    87.5448,    90.0195      
# span 13 =     0.0480,     1.7555      
# span 14 =     0.0289,     0.3726      
# span 15 =     73.632,    207.100      
# span 16 =     71.519,    199.996      
# span 17 =    34.6481,    36.1194      
# span 18 =    34.6454,    36.1131      
# span 19 =    22.5220,    27.1078      
# span 20 =    22.5190,    27.1054      
# span 21 =    1488.20,    1543.86      
# span 22 =    1488.20,    1543.85      
# span 23 =         12,        113      
# span 24 = 0.0000e+00, 0.0000e+00      
# interval = decibars: 1                
# start_time = Mar 10 2022 01:27:57 [System UTC, first data scan.]
# bad_flag = -9.990e-29
*END*
       -390  69.060890      3.000      2.981    28.7754    28.7752   5.778903   5.778244     2.6477     3.0650    0.00184    0.00416    89.0031     0.1248     0.0418    190.958    185.219    35.5100    35.5055    22.5223    22.5190    1543.61    1543.60        100 0.0000e+00
       3493  69.062759      4.000      3.989    28.7716    28.7703   5.778652   5.777867     2.6581     3.0796   -0.00252    0.00089    89.1253     0.1289     0.0423    191.919    186.318    35.5108    35.5063    22.5243    22.5213    1543.62    1543.61         64 0.0000e+00
       4298  69.063148      5.000      4.972    28.7742    28.7729   5.778887   5.778161     2.6603     3.0790    0.00034   -0.00140    89.1090     0.1295     0.0482    192.130    186.291    35.5102    35.5061    22.5230    22.5204    1543.64    1543.63         88 0.0000e+00
       4409  69.063202      6.000      5.964    28.7763    28.7758   5.779155   5.778521     2.6595     3.0792    0.00061    0.00302    89.0987     0.1280     0.0483    192.073    186.322    35.5102    35.5061    22.5224    22.5195    1543.66    1543.65         28 0.0000e+00
       4443  69.063217      7.000      6.966    28.7776    28.7771   5.779339   5.778688     2.6627     3.0830   -0.00119    0.00001    89.0954     0.1185     0.0467    192.377    186.613    35.5101    35.5060    22.5220    22.5191    1543.68    1543.67         49 0.0000e+00
       4502  69.063248      8.000      7.948    28.7767    28.7763   5.779282   5.778631     2.6604     3.0792    0.00290    0.00235    89.0901     0.1168     0.0449    192.204    186.360    35.5101    35.5060    22.5224    22.5194    1543.69    1543.69         47 0.0000e+00
       4537  69.063263      9.000      8.956    28.7757    28.7755   5.779218   5.778612     2.6628     3.0788   -0.00110   -0.00202    89.1075     0.1192     0.0437    192.442    186.358    35.5102    35.5061    22.5228    22.5198    1543.71    1543.70         44 0.0000e+00
       4607  69.063301     10.000      9.938    28.7780    28.7776   5.779512   5.778880     2.6589     3.0692    0.00094   -0.00217    89.0979     0.1258     0.0449    192.110    185.674    35.5102    35.5061    22.5222    22.5192    1543.73    1543.72         66 0.0000e+00
       4642  69.063316     11.000     10.940    28.7790    28.7788   5.779735   5.779160     2.6623     3.0852   -0.00262   -0.00507    89.0863     0.1189     0.0426    192.433    186.858    35.5107    35.5068    22.5223    22.5194    1543.75    1543.74         28 0.0000e+00
       4685  69.063332     12.000     11.936    28.7803    28.7804   5.779940   5.779366     2.6626     3.0842    0.00067    0.00486    89.1095     0.1177     0.0436    192.477    186.802    35.5108    35.5068    22.5220    22.5190    1543.77    1543.77         68 0.0000e+00
       4748  69.063362     13.000     12.921    28.7811    28.7806   5.780207   5.779527     2.6643     3.0827    0.00015   -0.00170    89.1119     0.1150     0.0433    192.650    186.712    35.5118    35.5075    22.5226    22.5195    1543.79    1543.78         39 0.0000e+00
       4781  69.063385     14.000     13.928    28.7809    28.7804   5.780255   5.779663     2.6652     3.0812    0.00074    0.00013    89.0936     0.1167     0.0434    192.751    186.627    35.5120    35.5083    22.5229    22.5202    1543.81    1543.80         39 0.0000e+00
       4855  69.063416     15.000     14.914    28.7814    28.7809   5.780421   5.779790     2.6653     3.0801    0.00053    0.00010    89.0753     0.1228     0.0454    192.780    186.570    35.5125    35.5085    22.5231    22.5203    1543.82    1543.82         87 0.0000e+00
       4908  69.063446     16.000     15.911    28.7811    28.7806   5.780459   5.779769     2.6668     3.0805   -0.00058   -0.00456    89.1009     0.1176     0.0444    192.936    186.620    35.5127    35.5082    22.5235    22.5203    1543.84    1543.83         37 0.0000e+00
       4946  69.063461     17.000     16.904    28.7807    28.7799   5.780464   5.779828     2.6660     3.0764    0.00080    0.00168    89.1189     0.1262     0.0453    192.887    186.346    35.5127    35.5089    22.5237    22.5211    1543.86    1543.85         40 0.0000e+00
       4987  69.063484     18.000     17.903    28.7663    28.7638   5.780147   5.779424     2.6661     3.0734   -0.00019   -0.00065    89.0981     0.1217     0.0445    192.958    186.182    35.5210    35.5178    22.5348    22.5333    1543.85    1543.84         42 0.0000e+00
       5036  69.063507     19.000     18.895    28.7544    28.7527   5.779848   5.779119     2.6684     3.0728    0.00000   -0.00220    89.0812     0.1253     0.0443    193.210    186.184    35.5275    35.5237    22.5438    22.5415    1543.85    1543.84         57 0.0000e+00
       5091  69.063530     20.000     19.883    28.7351    28.7331   5.778954   5.778163     2.6692     3.0745    0.00156   -0.00061    89.1237     0.1217     0.0635    193.353    186.371    35.5354    35.5314    22.5562    22.5539    1543.83    1543.82         44 0.0000e+00
       5123  69.063545     21.000     20.880    28.6690    28.6675   5.775794   5.774936     2.6724     3.0825    0.00045    0.00024    89.1197     0.1221     0.0567    193.824    187.127    35.5626    35.5578    22.5987    22.5956    1543.74    1543.73         25 0.0000e+00
       5148  69.063560     22.000     21.885    28.5705    28.5565   5.770025   5.768247     2.6820     3.0852    0.00009    0.00199    89.1080     0.1283     0.0528    194.963    187.609    35.5960    35.5941    22.6566    22.6598    1543.57    1543.54         29 0.0000e+00
       5212  69.063591     23.000     22.872    28.4501    28.4322   5.762898   5.761077     2.6890     3.0983    0.00544    0.00557    89.0468     0.1486     0.0544    195.926    188.881    35.6365    35.6373    22.7270    22.7335    1543.37    1543.33         89 0.0000e+00
       5273  69.063622     24.000     23.865    28.2691    28.2661   5.752220   5.751190     2.7003     3.1065    0.00016    0.00177    89.0519     0.1373     0.0571    197.435    189.901    35.6981    35.6932    22.8332    22.8305    1543.06    1543.05         40 0.0000e+00
       5313  69.063637     25.000     24.861    28.1271    28.1246   5.744062   5.742804     2.7016     3.1131    0.00465    0.00418    88.9737     0.1525     0.0647    197.957    190.751    35.7481    35.7411    22.9175    22.9131    1542.82    1542.81         40 0.0000e+00
       5351  69.063660     26.000     25.855    27.5731    27.5609   5.705675   5.702765     2.7166     3.1290    0.00459    0.00412    88.9493     0.1664     0.0678    200.869    193.371    35.8995    35.8882    23.2124    23.2078    1541.77    1541.73         37 0.0000e+00
       5388  69.063675     27.000     26.850    27.2934    27.2887   5.689291   5.688036     2.7368     3.1544    0.00144    0.00361    88.7938     0.2140     0.0751    203.482    195.942    35.9978    35.9924    23.3772    23.3747    1541.27    1541.25         37 0.0000e+00
       5425  69.063690     28.000     27.844    27.1119    27.1019   5.679440   5.677408     2.7457     3.1678    0.01582    0.01822    88.8019     0.2344     0.0789    204.811    197.432    36.0675    36.0607    23.4882    23.4864    1540.95    1540.92         37 0.0000e+00
       5467  69.063713     29.000     28.841    26.8711    26.8690   5.657007   5.655684     2.7533     3.1823    0.00759    0.01081    88.7441     0.2372     0.0808    206.280    199.197    36.0934    36.0855    23.5849    23.5797    1540.45    1540.43         52 0.0000e+00
       5532  69.063744     30.000     29.829    26.6827    26.6737   5.638408   5.636535     2.7524     3.1822    0.00367    0.00689    88.7057     0.2476     0.0815    206.819    199.781    36.1060    36.0995    23.6546    23.6526    1540.05    1540.02         60 0.0000e+00
       5572  69.063766     31.000     30.824    26.4809    26.4797   5.616909   5.615778     2.7480     3.1723   -0.00062   -0.00219    88.7289     0.2495     0.0881    207.100    199.643    36.1080    36.1008    23.7203    23.7153    1539.60    1539.59         31 0.0000e+00
       5606  69.063782     32.000     31.822    26.4433    26.4387   5.614463   5.613081     2.7457     3.1752   -0.00395   -0.00387    88.6685     0.2709     0.0935    207.022    199.996    36.1194    36.1131    23.7409    23.7376    1539.55    1539.53         41 0.0000e+00
       5662  69.063805     33.000     32.810    26.2494    26.2424   5.593167   5.591208     2.7340     3.1643   -0.00086    0.00006    88.6771     0.2655     0.0988    206.607    199.794    36.1166    36.1078    23.8000    23.7956    1539.11    1539.09         56 0.0000e+00
       5696  69.063820     34.000     33.810    26.0130    26.0032   5.566552   5.563941     2.7148     3.1392   -0.00396   -0.00138    88.6190     0.2881     0.0997    205.636    198.651    36.1083    36.0968    23.8681    23.8625    1538.57    1538.53         24 0.0000e+00
       5719  69.063835     35.000     34.808    25.6453    25.6208   5.525649   5.520334     2.6969     3.1199   -0.00645   -0.01020    88.5488     0.2969     0.1035    205.221    198.381    36.0985    36.0787    23.9753    23.9680    1537.71    1537.63         25 0.0000e+00
       5757  69.063850     36.000     35.800    25.1548    25.0648   5.471875   5.459278     2.6854     3.1055   -0.01412   -0.01693    88.5516     0.3275     0.1103    205.802    199.017    36.0903    36.0684    24.1204    24.1314    1536.56    1536.32         57 0.0000e+00
       5822  69.063881     37.000     36.792    24.5140    24.4867   5.397781   5.392604     2.6421     3.0593   -0.00705   -0.00809    88.5824     0.3943     0.1254    203.918    197.287    36.0491    36.0320    24.2840    24.2792    1534.98    1534.90         55 0.0000e+00
       5867  69.063904     38.000     37.785    23.4763    23.4226   5.280540   5.271935     2.6079     3.0145   -0.01945   -0.02081    88.4829     0.5221     0.1580    204.226    197.200    35.9978    35.9756    24.5538    24.5527    1532.38    1532.22         46 0.0000e+00
       5912  69.063927     39.000     38.780    22.8195    22.7915   5.205806   5.199617     2.5545     2.9602   -0.01845   -0.02383    88.3001     0.7022     0.1997    201.321    194.946    35.9578    35.9326    24.7145    24.7034    1530.69    1530.59         40 0.0000e+00
       5947  69.063942     40.000     39.778    21.9948    21.9559   5.112713   5.104604     2.4927     2.8866   -0.01936   -0.02279    88.0190     0.8960     0.2458    198.108    191.757    35.9089    35.8771    24.9121    24.8987    1528.52    1528.38         34 0.0000e+00
       5992  69.063965     41.000     40.770    21.4627    21.4749   5.053143   5.053172     2.4535     2.8316   -0.04042   -0.04495    87.8479     1.1056     0.2965    196.067    188.828    35.8790    35.8690    25.0381    25.0272    1527.10    1527.12         56 0.0000e+00
       6041  69.063988     42.000     41.762    21.2547    21.2467   5.030029   5.027152     2.4121     2.7885   -0.02061   -0.03032    87.7443     1.2477     0.3249    192.640    186.054    35.8678    35.8513    25.0871    25.0767    1526.55    1526.51         38 0.0000e+00
       6074  69.064003     43.000     42.756    20.7874    20.7733   4.978821   4.974520     2.3421     2.7245   -0.01623   -0.01825    87.6233     1.2765     0.3371    187.155    182.301    35.8478    35.8248    25.1995    25.1858    1525.29    1525.23         33 0.0000e+00
       6109  69.064026     44.000     43.755    20.2319    20.2143   4.918492   4.914207     2.2538     2.6254   -0.03200   -0.02964    87.5448     1.3626     0.3556    179.984    175.800    35.8267    35.8065    25.3330    25.3223    1523.77    1523.70         37 0.0000e+00
       6148  69.064041     45.000     44.746    19.7811    19.7636   4.869480   4.865379     2.1583     2.5097   -0.05989   -0.06063    87.5471     1.4373     0.3701    171.599    167.453    35.8075    35.7886    25.4377    25.4279    1522.52    1522.45         40 0.0000e+00
       6195  69.064064     46.000     45.742    19.0476    18.9939   4.790136   4.782178     2.0275     2.3595   -0.06017   -0.07063    87.5582     1.4311     0.3726    160.196    156.918    35.7765    35.7562    25.6043    25.6024    1520.44    1520.27         64 0.0000e+00
       6271  69.064102     47.000     46.733    18.5155    18.4866   4.733346   4.729403     1.9020     2.2008   -0.06102   -0.07241    87.6763     1.7555     0.3546    148.540    144.701    35.7588    35.7505    25.7267    25.7276    1518.93    1518.83         64 0.0000e+00
       6311  69.064117     48.000     47.723    18.1915    18.1416   4.698181   4.689902     1.8418     2.1367   -0.03020   -0.04004    87.7342     1.3789     0.3592    143.041    140.070    35.7414    35.7142    25.7943    25.7859    1517.98    1517.81         27 0.0000e+00
       6334  69.064133     49.000     48.723    17.7181    17.7153   4.648546   4.646509     1.7923     2.0781   -0.02438   -0.03241    87.7795     1.3440     0.3592    139.023    136.055    35.7302    35.7151    25.9030    25.8922    1516.61    1516.58         20 0.0000e+00
       6353  69.064140     50.000     49.717    17.6077    17.6013   4.636726   4.634419     1.7503     2.0247   -0.03129   -0.03555    87.8859     1.2610     0.3591    134.793    131.661    35.7248    35.7105    25.9260    25.9166    1516.29    1516.26         19 0.0000e+00
       6373  69.064148     51.000     50.717    17.1699    17.1298   4.588062   4.579892     1.6932     1.9630   -0.04646   -0.04839    87.9941     1.2090     0.3601    129.757    127.414    35.6883    35.6525    26.0037    25.9859    1514.97    1514.81         22 0.0000e+00
       6409  69.064163     52.000     51.712    16.9765    16.6628   4.568470   4.532846     1.6268     1.8982   -0.05572   -0.06418    88.1164     1.1778     0.3654    123.021    122.753    35.6877    35.6540    26.0492    26.0981    1514.40    1513.43         63 0.0000e+00
       6491  69.064209     53.000     52.695    16.3589    16.2752   4.499993   4.491397     1.5463     1.8103   -0.03370   -0.02331    88.0913     1.2240     0.3000    115.638    115.781    35.6349    35.6334    26.1551    26.1735    1512.50    1512.25         59 0.0000e+00
       6519  69.064217     54.000     53.694    16.2970    16.2949   4.494905   4.493930     1.5413     1.7738   -0.02237   -0.02448    88.4220     1.0758     0.2865    115.230    112.449    35.6446    35.6378    26.1769    26.1722    1512.34    1512.33         26 0.0000e+00
       6547  69.064232     55.000     54.694    16.2810    16.2785   4.493200   4.492223     1.5360     1.7615   -0.01483   -0.03888    88.4978     0.9858     0.2802    114.696    111.392    35.6433    35.6369    26.1797    26.1754    1512.31    1512.29         30 0.0000e+00
       6581  69.064247     56.000     55.685    16.2464    16.2438   4.489505   4.488580     1.5284     1.7512   -0.00727   -0.02099    88.5884     0.9573     0.2730    113.947    110.554    35.6410    35.6352    26.1860    26.1822    1512.22    1512.20         39 0.0000e+00
       6621  69.064270     57.000     56.677    16.2114    16.2106   4.485802   4.485184     1.5165     1.7398   -0.00473   -0.00848    88.6352     0.9705     0.2645    112.721    109.602    35.6391    35.6343    26.1927    26.1892    1512.12    1512.12         39 0.0000e+00
       6658  69.064285     58.000     57.669    16.1902    16.1883   4.483697   4.482966     1.5073     1.7266   -0.00654   -0.00635    88.6587     0.9849     0.2591    111.760    108.469    35.6390    35.6342    26.1975    26.1943    1512.08    1512.06         33 0.0000e+00
       6687  69.064301     59.000     58.664    16.1665    16.1639   4.481338   4.480518     1.5020     1.7157   -0.00738   -0.00756    88.7232     0.9172     0.2570    111.233    107.545    35.6388    35.6339    26.2029    26.1998    1512.02    1512.01         26 0.0000e+00
