data-processing/CTD/data/cnv/dres018.cnv
* Sea-Bird SBE 9 Data File:
* FileName = C:\SEASOFT\PIRATA-FR32\data\fr32018.hex
* Software Version Seasave V 7.26.7.107
* Temperature SN = 6083
* Conductivity SN = 4509
* Number of Bytes Per Scan = 42
* Number of Voltage Words = 3
* Number of Scans Averaged by the Deck Unit = 1
* NMEA Latitude = 05 00.02 S
* NMEA Longitude = 010 00.06 W
* NMEA UTC (Time) = Mar 10 2022 09:06:28
** Cruise: PIRATA-FR32
** Ship: THALASSA
** Station: 018
** Bottom Depth: 3283
** Barometric pressure : 1008.9
** Temp Air: 23.7
** Operator: LWMH
** Comments:
# nquan = 25
# nvalues = 506                         
# units = specified
# name 0 = scan: Scan Count
# name 1 = timeJ: Julian Days
# name 2 = prDM: Pressure, Digiquartz [db]
# name 3 = depSM: Depth [salt water, m]
# name 4 = t090C: Temperature [ITS-90, deg C]
# name 5 = t190C: Temperature, 2 [ITS-90, deg C]
# name 6 = c0S/m: Conductivity [S/m]
# name 7 = c1S/m: Conductivity, 2 [S/m]
# name 8 = sbeox0V: Oxygen raw, SBE 43 [V]
# name 9 = sbeox1V: Oxygen raw, SBE 43, 2 [V]
# name 10 = sbox0dV/dT: Oxygen, SBE 43 [dov/dt]
# name 11 = sbox1dV/dT: Oxygen, SBE 43, 2 [dov/dt]
# name 12 = CStarTr0: Beam Transmission, WET Labs C-Star [%]
# name 13 = flECO-AFL: Fluorescence, WET Labs ECO-AFL/FL [mg/m^3]
# name 14 = flC: Fluorescence, Chelsea Aqua 3 Chl Con [ug/l]
# name 15 = sbox0Mm/Kg: Oxygen, SBE 43 [umol/kg], WS = 2
# name 16 = sbox1Mm/Kg: Oxygen, SBE 43, 2 [umol/kg], WS = 2
# name 17 = sal00: Salinity, Practical [PSU]
# name 18 = sal11: Salinity, Practical, 2 [PSU]
# name 19 = sigma-é00: Density [sigma-theta, kg/m^3]
# name 20 = sigma-é11: Density, 2 [sigma-theta, kg/m^3]
# name 21 = svCM: Sound Velocity [Chen-Millero, m/s]
# name 22 = svCM1: Sound Velocity, 2 [Chen-Millero, m/s]
# name 23 = nbin: number of scans per bin
# name 24 = flag: flag
# span 0 =        -29,      17054       
# span 1 =  69.379486,  69.387726       
# span 2 =      1.000,    506.000       
# span 3 =      1.078,    502.605       
# span 4 =     7.9385,    28.3175       
# span 5 =     7.9368,    28.3169       
# span 6 =   3.611155,   5.803302       
# span 7 =   3.610748,   5.802637       
# span 8 =     1.0456,     2.6994       
# span 9 =     1.1788,     3.1354       
# span 10 =   -0.13336,    0.01664      
# span 11 =   -0.15051,    0.01896      
# span 12 =    87.6079,    89.9725      
# span 13 =     0.0469,     1.0096      
# span 14 =     0.0304,     0.2707      
# span 15 =     73.473,    203.954      
# span 16 =     71.561,    198.441      
# span 17 =    34.7101,    36.1126      
# span 18 =    34.7074,    36.0999      
# span 19 =    23.0575,    27.0631      
# span 20 =    23.0543,    27.0612      
# span 21 =    1490.21,    1543.58      
# span 22 =    1490.20,    1543.58      
# span 23 =          1,        106      
# span 24 = 0.0000e+00, 0.0000e+00      
# interval = decibars: 1                
# start_time = Mar 10 2022 09:06:29 [System UTC, first data scan.]
# bad_flag = -9.990e-29
*END*
[from data line 174]
       8768  69.383728    175.000    173.960    12.1144    12.1118   4.037153   4.036539     1.2251     1.3926   -0.00297   -0.00545    89.8339     0.0534     0.0362     89.037     86.618    35.1791    35.1757    26.7107    26.7085    1500.32    1500.31         35 0.0000e+00
       8800  69.383743    176.000    174.946    12.1059    12.1044   4.036296   4.035821     1.2244     1.3916   -0.00110   -0.00215    89.8406     0.0568     0.0352     88.985     86.545    35.1784    35.1751    26.7118    26.7096    1500.31    1500.30         26 0.0000e+00
       8823  69.383759    177.000    175.942    12.0999    12.0981   4.035717   4.035233     1.2234     1.3901   -0.00085   -0.00101    89.8227     0.0531     0.0358     88.882     86.421    35.1779    35.1749    26.7126    26.7106    1500.30    1500.29         22 0.0000e+00
       8844  69.383766    178.000    176.940    12.0982    12.0967   4.035602   4.035153     1.2227     1.3894   -0.00055   -0.00056    89.8391     0.0585     0.0351     88.804     86.360    35.1780    35.1750    26.7130    26.7110    1500.31    1500.30         22 0.0000e+00
       8868  69.383781    179.000    177.937    12.0969    12.0953   4.035494   4.035052     1.2219     1.3896   -0.00064   -0.00118    89.8417     0.0580     0.0340     88.725     86.400    35.1777    35.1750    26.7131    26.7113    1500.32    1500.31         25 0.0000e+00
       8894  69.383789    180.000    178.923    12.0951    12.0934   4.035349   4.034900     1.2214     1.3893   -0.00109   -0.00122    89.8466     0.0514     0.0364     88.679     86.381    35.1776    35.1748    26.7134    26.7115    1500.33    1500.32         27 0.0000e+00
       8919  69.383804    181.000    179.911    12.0925    12.0907   4.035136   4.034666     1.2206     1.3888   -0.00070   -0.00003    89.8523     0.0496     0.0364     88.601     86.347    35.1776    35.1746    26.7139    26.7119    1500.34    1500.33         22 0.0000e+00
       8939  69.383812    182.000    180.912    12.0919    12.0896   4.035143   4.034606     1.2200     1.3874   -0.00068   -0.00028    89.8522     0.0584     0.0349     88.538     86.224    35.1777    35.1747    26.7141    26.7122    1500.36    1500.34         18 0.0000e+00
       8956  69.383820    183.000    181.905    12.0895    12.0878   4.034922   4.034495     1.2193     1.3878   -0.00043   -0.00013    89.8522     0.0575     0.0356     88.465     86.278    35.1774    35.1748    26.7144    26.7127    1500.36    1500.36         16 0.0000e+00
       8971  69.383827    184.000    182.909    12.0862    12.0850   4.034608   4.034191     1.2186     1.3881   -0.00058   -0.00006    89.8522     0.0585     0.0360     88.401     86.317    35.1770    35.1741    26.7147    26.7127    1500.37    1500.36         16 0.0000e+00
       8989  69.383835    185.000    183.903    12.0742    12.0722   4.033284   4.032719     1.2181     1.3880   -0.00084   -0.00122    89.8522     0.0583     0.0361     88.366     86.342    35.1749    35.1714    26.7154    26.7131    1500.34    1500.33         21 0.0000e+00
       9018  69.383850    186.000    184.890    12.0569    12.0525   4.031469   4.030676     1.2179     1.3865   -0.00090   -0.00016    89.8522     0.0526     0.0367     88.395     86.244    35.1731    35.1696    26.7174    26.7155    1500.30    1500.28         35 0.0000e+00
       9053  69.383865    187.000    185.880    12.0232    12.0199   4.027754   4.027021     1.2180     1.3856   -0.00073   -0.00018    89.8522     0.0516     0.0351     88.484     86.231    35.1682    35.1642    26.7201    26.7176    1500.19    1500.18         32 0.0000e+00
       9080  69.383881    188.000    186.865    12.0055    12.0040   4.025871   4.025414     1.2186     1.3859   -0.00008   -0.00129    89.8522     0.0578     0.0371     88.603     86.299    35.1661    35.1631    26.7218    26.7198    1500.15    1500.14         24 0.0000e+00
       9102  69.383888    189.000    187.871    11.9867    11.9830   4.023767   4.022942     1.2193     1.3858    0.00005   -0.00075    89.8499     0.0587     0.0373     88.734     86.343    35.1629    35.1583    26.7230    26.7201    1500.10    1500.08         22 0.0000e+00
       9124  69.383904    190.000    188.862    11.9504    11.9480   4.019886   4.019261     1.2201     1.3861    0.00021   -0.00013    89.8511     0.0521     0.0374     88.920     86.455    35.1587    35.1549    26.7266    26.7242    1499.98    1499.97         21 0.0000e+00
       9145  69.383911    191.000    189.856    11.9288    11.9245   4.017506   4.016558     1.2204     1.3867    0.00063    0.00023    89.8556     0.0500     0.0363     89.012     86.577    35.1554    35.1501    26.7282    26.7250    1499.92    1499.90         21 0.0000e+00
       9165  69.383919    192.000    190.841    11.8847    11.8824   4.012818   4.012182     1.2205     1.3873    0.00074   -0.00009    89.8609     0.0500     0.0359     89.128     86.728    35.1507    35.1467    26.7330    26.7303    1499.78    1499.77         19 0.0000e+00
       9183  69.383934    193.000    191.845    11.8623    11.8596   4.010386   4.009697     1.2214     1.3876    0.00080    0.00037    89.8677     0.0509     0.0360     89.295     86.811    35.1477    35.1435    26.7349    26.7322    1499.72    1499.70         17 0.0000e+00
       9201  69.383942    194.000    192.837    11.8538    11.8521   4.009498   4.009024     1.2217     1.3880    0.00056    0.00074    89.8553     0.0705     0.0349     89.358     86.884    35.1465    35.1435    26.7356    26.7336    1499.70    1499.69         18 0.0000e+00
       9219  69.383949    195.000    193.838    11.8509    11.8493   4.009187   4.008733     1.2220     1.3887    0.00025    0.00062    89.8523     0.0639     0.0360     89.419     86.968    35.1458    35.1428    26.7357    26.7337    1499.71    1499.70         20 0.0000e+00
       9244  69.383957    196.000    194.826    11.8476    11.8458   4.008848   4.008375     1.2225     1.3900    0.00070    0.00046    89.8522     0.0515     0.0361     89.494     87.114    35.1451    35.1422    26.7358    26.7339    1499.71    1499.70         30 0.0000e+00
       9277  69.383972    197.000    195.815    11.8395    11.8379   4.008007   4.007537     1.2229     1.3920    0.00050    0.00082    89.8522     0.0555     0.0354     89.569     87.349    35.1441    35.1410    26.7365    26.7345    1499.70    1499.69         34 0.0000e+00
       9308  69.383987    198.000    196.807    11.8336    11.8319   4.007416   4.006960     1.2231     1.3916    0.00041    0.00137    89.8522     0.0582     0.0350     89.626     87.327    35.1434    35.1406    26.7372    26.7353    1499.70    1499.69         28 0.0000e+00
       9336  69.384003    199.000    197.807    11.8314    11.8298   4.007231   4.006798     1.2233     1.3912    0.00024    0.00140    89.8522     0.0580     0.0342     89.658     87.306    35.1433    35.1405    26.7375    26.7357    1499.71    1499.70         28 0.0000e+00
       9362  69.384018    200.000    198.793    11.8226    11.8205   4.006262   4.005730     1.2236     1.3914    0.00025   -0.00024    89.8522     0.0522     0.0338     89.731     87.352    35.1416    35.1384    26.7379    26.7358    1499.69    1499.68         25 0.0000e+00
       9385  69.384026    201.000    199.777    11.7951    11.7916   4.003240   4.002427     1.2239     1.3922    0.00008   -0.00063    89.8522     0.0709     0.0360     89.831     87.507    35.1376    35.1329    26.7400    26.7370    1499.61    1499.59         20 0.0000e+00
       9403  69.384033    202.000    200.779    11.7692    11.7664   4.000517   3.999835     1.2245     1.3931    0.00015   -0.00004    89.8673     0.0664     0.0357     89.971     87.658    35.1349    35.1308    26.7429    26.7402    1499.53    1499.52         17 0.0000e+00
       9419  69.384041    203.000    201.783    11.7481    11.7457   3.998281   3.997660     1.2251     1.3935    0.00033    0.00014    89.8728     0.0582     0.0354     90.104     87.753    35.1325    35.1287    26.7450    26.7424    1499.47    1499.46         15 0.0000e+00
       9435  69.384048    204.000    202.777    11.7314    11.7287   3.996501   3.995836     1.2254     1.3946    0.00035    0.00054    89.8567     0.0591     0.0360     90.180     87.908    35.1303    35.1263    26.7465    26.7439    1499.43    1499.42         16 0.0000e+00
       9451  69.384056    205.000    203.773    11.7187    11.7172   3.995200   3.994748     1.2263     1.3950    0.00045    0.00096    89.8523     0.0565     0.0366     90.330     87.979    35.1291    35.1261    26.7479    26.7459    1499.40    1499.39         17 0.0000e+00
       9470  69.384071    206.000    204.759    11.7148    11.7131   3.994790   3.994323     1.2267     1.3936    0.00075    0.00098    89.8590     0.0513     0.0372     90.401     87.857    35.1284    35.1254    26.7481    26.7461    1499.40    1499.39         21 0.0000e+00
       9493  69.384079    207.000    205.752    11.7110    11.7088   3.994387   3.993872     1.2269     1.3919    0.00076    0.00115    89.8541     0.0593     0.0362     90.446     87.707    35.1276    35.1245    26.7482    26.7463    1499.41    1499.40         26 0.0000e+00
       9519  69.384094    208.000    206.748    11.6992    11.6971   3.993124   3.992604     1.2271     1.3918    0.00087   -0.00020    89.8560     0.0513     0.0350     90.503     87.735    35.1259    35.1228    26.7492    26.7471    1499.38    1499.37         25 0.0000e+00
       9545  69.384102    209.000    207.740    11.6914    11.6895   3.992334   3.991851     1.2272     1.3931    0.00038   -0.00159    89.8706     0.0567     0.0357     90.544     87.890    35.1250    35.1221    26.7499    26.7480    1499.37    1499.36         28 0.0000e+00
       9577  69.384117    210.000    208.733    11.6808    11.6793   3.991218   3.990784     1.2271     1.3941    0.00012   -0.00029    89.8592     0.0534     0.0373     90.571     88.019    35.1236    35.1208    26.7509    26.7490    1499.35    1499.34         35 0.0000e+00
       9611  69.384140    211.000    209.720    11.6720    11.6692   3.990293   3.989660     1.2263     1.3934    0.00018    0.00120    89.8622     0.0577     0.0378     90.495     87.985    35.1224    35.1189    26.7516    26.7494    1499.33    1499.32         29 0.0000e+00
       9634  69.384148    212.000    210.708    11.6402    11.6369   3.986845   3.986079     1.2259     1.3926   -0.00008    0.00077    89.8678     0.0561     0.0377     90.527     87.984    35.1182    35.1137    26.7544    26.7515    1499.23    1499.22         20 0.0000e+00
       9653  69.384155    213.000    211.717    11.6249    11.6229   3.985263   3.984741     1.2259     1.3930   -0.00049   -0.00008    89.8748     0.0504     0.0376     90.571     88.062    35.1167    35.1134    26.7561    26.7539    1499.20    1499.19         18 0.0000e+00
       9670  69.384163    214.000    212.709    11.6154    11.6136   3.984253   3.983767     1.2265     1.3939   -0.00058   -0.00063    89.8760     0.0626     0.0374     90.680     88.177    35.1152    35.1122    26.7567    26.7547    1499.18    1499.17         17 0.0000e+00
       9689  69.384178    215.000    213.702    11.6106    11.6090   3.983759   3.983326     1.2276     1.3947   -0.00048   -0.00077    89.8760     0.0649     0.0367     90.833     88.283    35.1144    35.1117    26.7571    26.7553    1499.18    1499.17         21 0.0000e+00
       9714  69.384186    216.000    214.698    11.6068    11.6044   3.983380   3.982840     1.2277     1.3957    0.00010    0.00030    89.8760     0.0564     0.0360     90.873     88.403    35.1139    35.1109    26.7574    26.7555    1499.18    1499.17         29 0.0000e+00
       9745  69.384201    217.000    215.680    11.5923    11.5905   3.981841   3.981356     1.2288     1.3969    0.00100    0.00108    89.8760     0.0566     0.0343     91.043     88.567    35.1121    35.1089    26.7587    26.7566    1499.14    1499.13         30 0.0000e+00
       9769  69.384216    218.000    216.666    11.5888    11.5873   3.981510   3.981115     1.2286     1.3976    0.00050    0.00096    89.8760     0.0597     0.0330     91.040     88.661    35.1117    35.1092    26.7591    26.7574    1499.15    1499.14         20 0.0000e+00
       9787  69.384224    219.000    217.669    11.5861    11.5840   3.981263   3.980733     1.2278     1.3982    0.00053    0.00100    89.8760     0.0533     0.0330     90.959     88.738    35.1114    35.1081    26.7594    26.7572    1499.15    1499.14         16 0.0000e+00
       9802  69.384232    220.000    218.652    11.5678    11.5655   3.979321   3.978690     1.2279     1.3981    0.00067    0.00098    89.8760     0.0581     0.0326     91.021     88.776    35.1091    35.1051    26.7611    26.7583    1499.11    1499.09         15 0.0000e+00
       9816  69.384239    221.000    219.676    11.5436    11.5418   3.976727   3.976132     1.2293     1.3983    0.00029    0.00094    89.8760     0.0578     0.0331     91.253     88.858    35.1060    35.1018    26.7631    26.7603    1499.03    1499.02         14 0.0000e+00
       9834  69.384247    222.000    220.667    11.5294    11.5281   3.975191   3.974736     1.2306     1.3991   -0.00036    0.00067    89.8760     0.0583     0.0338     91.457     88.972    35.1038    35.1007    26.7642    26.7619    1499.00    1498.99         22 0.0000e+00
       9864  69.384262    223.000    221.646    11.5234    11.5217   3.974555   3.974117     1.2325     1.4015    0.00026    0.00033    89.8760     0.0625     0.0349     91.720     89.248    35.1029    35.1001    26.7645    26.7627    1498.99    1498.99         36 0.0000e+00
       9896  69.384277    224.000    222.638    11.5185    11.5168   3.974048   3.973611     1.2330     1.4025    0.00189    0.00108    89.8760     0.0538     0.0356     91.814     89.374    35.1021    35.0993    26.7649    26.7630    1498.99    1498.98         28 0.0000e+00
       9922  69.384285    225.000    223.637    11.5125    11.5111   3.973459   3.973041     1.2337     1.4034    0.00141    0.00175    89.8474     0.0594     0.0389     91.922     89.482    35.1015    35.0987    26.7656    26.7636    1498.99    1498.98         28 0.0000e+00
       9953  69.384300    226.000    224.626    11.5112    11.5098   3.973351   3.972960     1.2340     1.4043    0.00044    0.00077    89.8749     0.0583     0.0431     91.977     89.595    35.1012    35.0987    26.7656    26.7639    1499.00    1498.99         31 0.0000e+00
       9981  69.384315    227.000    225.608    11.5111    11.5096   3.973400   3.973008     1.2333     1.4037    0.00055    0.00080    89.8761     0.0553     0.0377     91.901     89.540    35.1013    35.0989    26.7657    26.7641    1499.02    1499.01         22 0.0000e+00
      10000  69.384323    228.000    226.605    11.5079    11.5065   3.973090   3.972682     1.2327     1.4033    0.00043    0.00055    89.8911     0.0500     0.0363     91.838     89.516    35.1009    35.0982    26.7660    26.7642    1499.02    1499.01         18 0.0000e+00
      10016  69.384331    229.000    227.614    11.5044    11.5029   3.972752   3.972353     1.2329     1.4025    0.00013    0.00073    89.8879     0.0582     0.0350     91.881     89.456    35.1005    35.0979    26.7664    26.7646    1499.02    1499.02         16 0.0000e+00
      10032  69.384338    230.000    228.606    11.5025    11.5007   3.972584   3.972143     1.2329     1.4030   -0.00038   -0.00009    89.8762     0.0583     0.0359     91.897     89.517    35.1001    35.0975    26.7665    26.7648    1499.03    1499.02         16 0.0000e+00
      10051  69.384346    231.000    229.605    11.4970    11.4953   3.972026   3.971585     1.2338     1.4038   -0.00080   -0.00078    89.8780     0.0568     0.0361     92.032     89.624    35.0994    35.0966    26.7670    26.7651    1499.03    1499.02         23 0.0000e+00
