data-processing/CTD/data/cnv/dres003.cnv
* Sea-Bird SBE 9 Data File:
* FileName = C:\SEASOFT\PIRATA-FR32\data\fr32003.hex
* Software Version Seasave V 7.26.7.107
* Temperature SN = 6083
* Conductivity SN = 4509
* Number of Bytes Per Scan = 42
* Number of Voltage Words = 3
* Number of Scans Averaged by the Deck Unit = 1
* NMEA Latitude = 08 29.97 N
* NMEA Longitude = 019 27.09 W
* NMEA UTC (Time) = Mar 04 2022 23:37:48
** Cruise: PIRATA-FR32
** Ship: THALASSA
** Station: 003
** Bottom Depth: 4492
** Barometric pressure : 1009
** Temp Air: 25.8
** Operator: LWMH
** Comments:
# nquan = 25
# nvalues = 500                         
# units = specified
# name 0 = scan: Scan Count
# name 1 = timeJ: Julian Days
# name 2 = prDM: Pressure, Digiquartz [db]
# name 3 = depSM: Depth [salt water, m]
# name 4 = t090C: Temperature [ITS-90, deg C]
# name 5 = t190C: Temperature, 2 [ITS-90, deg C]
# name 6 = c0S/m: Conductivity [S/m]
# name 7 = c1S/m: Conductivity, 2 [S/m]
# name 8 = sbeox0V: Oxygen raw, SBE 43 [V]
# name 9 = sbeox1V: Oxygen raw, SBE 43, 2 [V]
# name 10 = sbox0dV/dT: Oxygen, SBE 43 [dov/dt]
# name 11 = sbox1dV/dT: Oxygen, SBE 43, 2 [dov/dt]
# name 12 = CStarTr0: Beam Transmission, WET Labs C-Star [%]
# name 13 = flECO-AFL: Fluorescence, WET Labs ECO-AFL/FL [mg/m^3]
# name 14 = flC: Fluorescence, Chelsea Aqua 3 Chl Con [ug/l]
# name 15 = sbox0Mm/Kg: Oxygen, SBE 43 [umol/kg], WS = 2
# name 16 = sbox1Mm/Kg: Oxygen, SBE 43, 2 [umol/kg], WS = 2
# name 17 = sal00: Salinity, Practical [PSU]
# name 18 = sal11: Salinity, Practical, 2 [PSU]
# name 19 = sigma-é00: Density [sigma-theta, kg/m^3]
# name 20 = sigma-é11: Density, 2 [sigma-theta, kg/m^3]
# name 21 = svCM: Sound Velocity [Chen-Millero, m/s]
# name 22 = svCM1: Sound Velocity, 2 [Chen-Millero, m/s]
# name 23 = nbin: number of scans per bin
# name 24 = flag: flag
# span 0 =       1422,      20715       
# span 1 =  63.985280,  63.994584       
# span 2 =      3.000,    502.000       
# span 3 =      2.983,    498.601       
# span 4 =     9.3602,    25.7406       
# span 5 =     9.3607,    25.7400       
# span 6 =   3.771967,   5.509449       
# span 7 =   3.771737,   5.508723       
# span 8 =     0.7730,     2.6249       
# span 9 =     0.8520,     3.0502       
# span 10 =   -0.07661,    0.05039      
# span 11 =   -0.08796,    0.05552      
# span 12 =    83.0358,    89.9035      
# span 13 =     0.0483,     2.6502      
# span 14 =     0.0272,     0.7939      
# span 15 =     36.249,    197.909      
# span 16 =     35.192,    192.473      
# span 17 =    35.0096,    35.9493      
# span 18 =    35.0067,    35.9472      
# span 19 =    23.8017,    27.0764      
# span 20 =    23.7981,    27.0741      
# span 21 =    1495.78,    1537.53      
# span 22 =    1495.76,    1537.52      
# span 23 =         12,         89      
# span 24 = 0.0000e+00, 0.0000e+00      
# interval = decibars: 1                
# start_time = Mar 04 2022 23:37:49 [System UTC, first data scan.]
# bad_flag = -9.990e-29
*END*
[from data line 406]
      14615  63.991642    409.000    406.307    10.4978    10.4965   3.883034   3.882559     0.8122     0.8975   -0.00063   -0.00087    89.8089     0.0528     0.0410     40.923     39.581    35.0859    35.0824    26.9411    26.9387    1498.45    1498.45         33 0.0000e+00
      14650  63.991661    410.000    407.295    10.4801    10.4791   3.881161   3.880677     0.8122     0.8975   -0.00006   -0.00038    89.8187     0.0670     0.0414     40.940     39.604    35.0835    35.0796    26.9425    26.9395    1498.41    1498.40         34 0.0000e+00
      14681  63.991673    411.000    408.287    10.4514    10.4483   3.878066   3.877397     0.8120     0.8975   -0.00000    0.00030    89.8151     0.0657     0.0433     40.942     39.638    35.0794    35.0756    26.9443    26.9419    1498.31    1498.30         27 0.0000e+00
      14706  63.991688    412.000    409.276    10.4228    10.4203   3.875067   3.874460     0.8116     0.8975   -0.00006    0.00021    89.8109     0.0656     0.0429     40.921     39.670    35.0761    35.0725    26.9467    26.9443    1498.23    1498.21         22 0.0000e+00
      14726  63.991695    413.000    410.268    10.4066    10.4047   3.873464   3.872927     0.8117     0.8975   -0.00007   -0.00013    89.8205     0.0657     0.0424     40.956     39.690    35.0751    35.0715    26.9488    26.9463    1498.18    1498.17         21 0.0000e+00
      14746  63.991707    414.000    411.273    10.3970    10.3955   3.872498   3.872036     0.8115     0.8975   -0.00028   -0.00016    89.8260     0.0730     0.0424     40.954     39.702    35.0741    35.0709    26.9497    26.9474    1498.16    1498.16         20 0.0000e+00
      14769  63.991718    415.000    412.259    10.3879    10.3866   3.871595   3.871153     0.8110     0.8975   -0.00036    0.00008    89.8255     0.0663     0.0428     40.899     39.717    35.0733    35.0701    26.9507    26.9484    1498.15    1498.14         24 0.0000e+00
      14793  63.991730    416.000    413.252    10.3814    10.3800   3.870938   3.870514     0.8110     0.8975    0.00011   -0.00021    89.8184     0.0666     0.0421     40.911     39.728    35.0725    35.0695    26.9512    26.9491    1498.14    1498.13         24 0.0000e+00
      14816  63.991741    417.000    414.241    10.3739    10.3724   3.870164   3.869697     0.8110     0.8975   -0.00020   -0.00022    89.8045     0.0666     0.0429     40.924     39.740    35.0714    35.0681    26.9517    26.9494    1498.13    1498.12         22 0.0000e+00
      14836  63.991749    418.000    415.228    10.3614    10.3592   3.868905   3.868351     0.8110     0.8975   -0.00019    0.00013    89.8141     0.0641     0.0424     40.942     39.759    35.0702    35.0667    26.9530    26.9506    1498.10    1498.09         18 0.0000e+00
      14854  63.991756    419.000    416.233    10.3263    10.3217   3.864935   3.863912     0.8110     0.8975   -0.00002    0.00010    89.8058     0.0655     0.0434     40.982     39.800    35.0633    35.0574    26.9537    26.9499    1497.98    1497.96         19 0.0000e+00
      14874  63.991768    420.000    417.227    10.2598    10.2572   3.858063   3.857326     0.8113     0.8975   -0.00011   -0.00014    89.8226     0.0795     0.0429     41.087     39.867    35.0573    35.0523    26.9606    26.9572    1497.75    1497.74         22 0.0000e+00
      14899  63.991779    421.000    418.220    10.2076    10.2056   3.852545   3.851937     0.8120     0.8977   -0.00013   -0.00022    89.8258     0.0808     0.0414     41.237     39.939    35.0511    35.0469    26.9648    26.9619    1497.58    1497.56         29 0.0000e+00
      14933  63.991795    422.000    419.204    10.1716    10.1714   3.848877   3.848412     0.8129     0.8986    0.00027    0.00029    89.8211     0.0675     0.0424     41.389     40.071    35.0481    35.0436    26.9687    26.9651    1497.46    1497.45         36 0.0000e+00
      14964  63.991810    423.000    420.186    10.1296    10.1285   3.844442   3.843963     0.8134     0.8992    0.00068    0.00029    89.8316     0.0744     0.0417     41.509     40.188    35.0430    35.0393    26.9719    26.9692    1497.32    1497.31         25 0.0000e+00
      14985  63.991821    424.000    421.190    10.1051    10.1041   3.842026   3.841598     0.8134     0.8995    0.00053    0.00063    89.8385     0.0821     0.0411     41.532     40.244    35.0417    35.0383    26.9751    26.9726    1497.25    1497.24         19 0.0000e+00
      15003  63.991829    425.000    422.171    10.0947    10.0935   3.840973   3.840511     0.8132     0.8994    0.00069    0.00049    89.8313     0.0753     0.0421     41.527     40.253    35.0406    35.0370    26.9760    26.9735    1497.23    1497.22         17 0.0000e+00
      15019  63.991837    426.000    423.184    10.0873    10.0864   3.840246   3.839863     0.8130     0.8996    0.00037    0.00043    89.8387     0.0725     0.0416     41.517     40.285    35.0399    35.0368    26.9768    26.9746    1497.21    1497.21         16 0.0000e+00
      15037  63.991844    427.000    424.168    10.0838    10.0825   3.839934   3.839526     0.8131     0.8993    0.00006    0.00041    89.8397     0.0734     0.0424     41.535     40.259    35.0396    35.0367    26.9772    26.9751    1497.22    1497.21         19 0.0000e+00
      15058  63.991856    428.000    425.166    10.0840    10.0825   3.840003   3.839582     0.8131     0.8992   -0.00006    0.00019    89.8413     0.0805     0.0419     41.538     40.258    35.0397    35.0368    26.9773    26.9753    1497.24    1497.23         24 0.0000e+00
      15083  63.991867    429.000    426.152    10.0846    10.0834   3.840142   3.839746     0.8130     0.8991   -0.00022   -0.00008    89.8323     0.0692     0.0431     41.525     40.244    35.0401    35.0371    26.9775    26.9754    1497.26    1497.25         25 0.0000e+00
      15108  63.991882    430.000    427.144    10.0895    10.0887   3.840904   3.840620     0.8123     0.8992    0.00009   -0.00006    89.8294     0.0785     0.0419     41.432     40.260    35.0426    35.0404    26.9786    26.9771    1497.29    1497.29         25 0.0000e+00
      15133  63.991894    431.000    428.141    10.1189    10.1175   3.844809   3.844480     0.8100     0.8973   -0.00018   -0.00019    89.8284     0.0874     0.0418     41.110     40.030    35.0536    35.0515    26.9822    26.9808    1497.43    1497.42         25 0.0000e+00
      15160  63.991905    432.000    429.124    10.1294    10.1301   3.846270   3.846206     0.8065     0.8941   -0.00047   -0.00002    89.8284     0.0782     0.0418     40.633     39.676    35.0578    35.0565    26.9837    26.9825    1497.49    1497.49         30 0.0000e+00
      15190  63.991920    433.000    430.127    10.1685    10.1684   3.851658   3.851557     0.8019     0.8895   -0.00185   -0.00140    89.8336     0.0678     0.0409     39.991     39.142    35.0744    35.0735    26.9900    26.9893    1497.66    1497.66         29 0.0000e+00
      15217  63.991932    434.000    431.110    10.1986    10.1979   3.855991   3.855777     0.7964     0.8834   -0.00314   -0.00289    89.8503     0.0494     0.0406     39.238     38.448    35.0890    35.0875    26.9962    26.9951    1497.81    1497.80         25 0.0000e+00
      15240  63.991943    435.000    432.102    10.2020    10.2007   3.856519   3.856159     0.7924     0.8778   -0.00344   -0.00341    89.8511     0.0775     0.0427     38.700     37.845    35.0906    35.0882    26.9969    26.9952    1497.84    1497.83         21 0.0000e+00
      15260  63.991955    436.000    433.089    10.2020    10.2008   3.856608   3.856256     0.7898     0.8740   -0.00442   -0.00455    89.8499     0.0710     0.0431     38.365     37.444    35.0910    35.0886    26.9972    26.9956    1497.85    1497.85         20 0.0000e+00
      15279  63.991962    437.000    434.093    10.2057    10.2051   3.857307   3.857108     0.7879     0.8714   -0.00480   -0.00552    89.8287     0.0720     0.0424     38.118     37.163    35.0941    35.0927    26.9990    26.9980    1497.89    1497.88         18 0.0000e+00
      15298  63.991970    438.000    435.071    10.2144    10.2132   3.858654   3.858319     0.7859     0.8689   -0.00416   -0.00567    89.8284     0.0891     0.0428     37.838     36.889    35.0989    35.0967    27.0013    26.9998    1497.94    1497.93         19 0.0000e+00
      15316  63.991982    439.000    436.094    10.2146    10.2134   3.858729   3.858377     0.7841     0.8665   -0.00342   -0.00494    89.8284     0.0620     0.0429     37.608     36.632    35.0991    35.0966    27.0014    26.9997    1497.96    1497.95         18 0.0000e+00
      15335  63.991989    440.000    437.060    10.2144    10.2129   3.858758   3.858346     0.7827     0.8646   -0.00264   -0.00377    89.8284     0.0598     0.0417     37.430     36.432    35.0991    35.0964    27.0015    26.9996    1497.97    1497.96         18 0.0000e+00
      15355  63.992001    441.000    438.070    10.2127    10.2111   3.858592   3.858164     0.7818     0.8629   -0.00258   -0.00325    89.8284     0.0683     0.0409     37.319     36.255    35.0987    35.0958    27.0015    26.9995    1497.98    1497.97         24 0.0000e+00
      15381  63.992012    442.000    439.050    10.2038    10.2026   3.857611   3.857246     0.7813     0.8621   -0.00220   -0.00298    89.8284     0.0780     0.0422     37.257     36.181    35.0969    35.0942    27.0016    26.9998    1497.97    1497.96         29 0.0000e+00
      15410  63.992027    443.000    440.041    10.2007    10.1995   3.857353   3.856982     0.7808     0.8616   -0.00135   -0.00211    89.8284     0.0725     0.0430     37.197     36.137    35.0967    35.0941    27.0021    27.0002    1497.97    1497.96         26 0.0000e+00
      15436  63.992039    444.000    441.032    10.2012    10.2001   3.857572   3.857262     0.7804     0.8608   -0.00053   -0.00108    89.8284     0.0711     0.0432     37.157     36.052    35.0980    35.0960    27.0030    27.0016    1497.99    1497.98         25 0.0000e+00
      15457  63.992050    445.000    442.032    10.2085    10.2073   3.858598   3.858243     0.7789     0.8594   -0.00050   -0.00031    89.8284     0.0659     0.0423     36.952     35.899    35.1009    35.0985    27.0040    27.0023    1498.04    1498.03         21 0.0000e+00
      15479  63.992058    446.000    443.030    10.2073    10.2061   3.858547   3.858183     0.7774     0.8582   -0.00044   -0.00053    89.8284     0.0810     0.0422     36.762     35.770    35.1012    35.0986    27.0044    27.0026    1498.05    1498.04         21 0.0000e+00
      15505  63.992073    447.000    444.009    10.2008    10.1992   3.857920   3.857495     0.7759     0.8563   -0.00076   -0.00106    89.8323     0.0744     0.0434     36.569     35.577    35.1006    35.0978    27.0052    27.0033    1498.04    1498.03         32 0.0000e+00
      15537  63.992088    448.000    445.009    10.1812    10.1798   3.855953   3.855531     0.7751     0.8545   -0.00178   -0.00155    89.8432     0.0678     0.0423     36.478     35.404    35.0991    35.0962    27.0073    27.0053    1497.99    1497.98         32 0.0000e+00
      15566  63.992100    449.000    445.990    10.1702    10.1688   3.854886   3.854484     0.7741     0.8537   -0.00128   -0.00165    89.8362     0.0697     0.0432     36.365     35.335    35.0984    35.0957    27.0088    27.0068    1497.96    1497.95         24 0.0000e+00
      15589  63.992111    450.000    446.987    10.1667    10.1652   3.854561   3.854140     0.7734     0.8534   -0.00061   -0.00141    89.8352     0.0592     0.0439     36.277     35.309    35.0981    35.0952    27.0091    27.0072    1497.97    1497.96         21 0.0000e+00
      15606  63.992119    451.000    447.972    10.1603    10.1589   3.853945   3.853524     0.7732     0.8531   -0.00078   -0.00109    89.8402     0.0800     0.0440     36.261     35.285    35.0975    35.0946    27.0098    27.0077    1497.96    1497.95         16 0.0000e+00
      15621  63.992126    452.000    448.969    10.1536    10.1520   3.853281   3.852813     0.7730     0.8524   -0.00086   -0.00081    89.8369     0.0780     0.0428     36.249     35.214    35.0967    35.0936    27.0104    27.0082    1497.95    1497.94         14 0.0000e+00
      15635  63.992134    453.000    449.976    10.1377    10.1357   3.851643   3.851089     0.7732     0.8520   -0.00067   -0.00040    89.8394     0.0724     0.0411     36.292     35.192    35.0950    35.0913    27.0118    27.0092    1497.91    1497.90         13 0.0000e+00
      15649  63.992142    454.000    450.960    10.1237    10.1221   3.850240   3.849746     0.7732     0.8524   -0.00072   -0.00029    89.8364     0.0759     0.0402     36.308     35.255    35.0939    35.0904    27.0133    27.0109    1497.87    1497.86         15 0.0000e+00
      15667  63.992149    455.000    451.967    10.1162    10.1150   3.849493   3.849100     0.7742     0.8530   -0.00043   -0.00053    89.8310     0.0814     0.0410     36.458     35.326    35.0930    35.0902    27.0140    27.0120    1497.86    1497.85         24 0.0000e+00
      15717  63.992172    456.000    452.946    10.1259    10.1320   3.850527   3.850956     0.7743     0.8535    0.00036    0.00018    89.8229     0.0812     0.0436     36.467     35.370    35.0938    35.0922    27.0129    27.0106    1497.91    1497.93         59 0.0000e+00
      15762  63.992195    457.000    453.917    10.1136    10.1148   3.849247   3.848971     0.7737     0.8526    0.00021    0.00041    89.8321     0.0832     0.0443     36.404     35.294    35.0921    35.0881    27.0137    27.0104    1497.88    1497.88         23 0.0000e+00
      15780  63.992203    458.000    454.928    10.1010    10.0992   3.847975   3.847476     0.7737     0.8528   -0.00001   -0.00005    89.8512     0.0826     0.0437     36.408     35.336    35.0909    35.0875    27.0150    27.0126    1497.85    1497.84         18 0.0000e+00
      15796  63.992210    459.000    455.900    10.0800    10.0775   3.845747   3.845090     0.7742     0.8523    0.00005   -0.00040    89.8522     0.0731     0.0440     36.500     35.299    35.0881    35.0838    27.0164    27.0134    1497.79    1497.78         14 0.0000e+00
      15809  63.992218    460.000    456.918    10.0556    10.0535   3.843295   3.842728     0.7742     0.8523   -0.00026   -0.00067    89.8505     0.0649     0.0436     36.524     35.325    35.0862    35.0825    27.0191    27.0166    1497.72    1497.71         14 0.0000e+00
      15823  63.992226    461.000    457.900    10.0362    10.0333   3.841309   3.840640     0.7744     0.8522   -0.00037   -0.00049    89.8504     0.0569     0.0421     36.581     35.337    35.0842    35.0803    27.0209    27.0183    1497.66    1497.65         13 0.0000e+00
      15836  63.992233    462.000    458.895    10.0158    10.0138   3.839343   3.838799     0.7747     0.8530   -0.00033   -0.00002    89.8423     0.0630     0.0419     36.637     35.450    35.0835    35.0799    27.0238    27.0213    1497.61    1497.59         14 0.0000e+00
      15850  63.992237    463.000    459.904     9.9996     9.9976   3.837706   3.837144     0.7753     0.8535    0.00017   -0.00011    89.8303     0.0650     0.0423     36.731     35.519    35.0820    35.0783    27.0254    27.0229    1497.56    1497.55         14 0.0000e+00
      15870  63.992249    464.000    460.894     9.9778     9.9745   3.835440   3.834758     0.7756     0.8537    0.00039   -0.00032    89.8496     0.0651     0.0410     36.797     35.569    35.0795    35.0757    27.0272    27.0249    1497.50    1497.48         26 0.0000e+00
      15923  63.992271    465.000    461.875     9.9940     9.9897   3.837255   3.836584     0.7754     0.8547    0.00036    0.00062    89.8451     0.0634     0.0417     36.766     35.666    35.0819    35.0792    27.0264    27.0250    1497.58    1497.56         55 0.0000e+00
