data-processing/CTD/data/cnv/dres019.cnv
* Sea-Bird SBE 9 Data File:
* FileName = C:\SEASOFT\PIRATA-FR32\data\fr32019.hex
* Software Version Seasave V 7.26.7.107
* Temperature SN = 6083
* Conductivity SN = 4509
* Number of Bytes Per Scan = 42
* Number of Voltage Words = 3
* Number of Scans Averaged by the Deck Unit = 1
* NMEA Latitude = 05 29.90 S
* NMEA Longitude = 010 00.01 W
* NMEA UTC (Time) = Mar 10 2022 12:46:45
** Cruise: PIRATA-FR32
** Ship: THALASSA
** Station: 019
** Bottom Depth: 3384
** Barometric pressure : 1007.6
** Temp Air: 28.4
** Operator: SCP
** Comments:
# nquan = 25
# nvalues = 499                         
# units = specified
# name 0 = scan: Scan Count
# name 1 = timeJ: Julian Days
# name 2 = prDM: Pressure, Digiquartz [db]
# name 3 = depSM: Depth [salt water, m]
# name 4 = t090C: Temperature [ITS-90, deg C]
# name 5 = t190C: Temperature, 2 [ITS-90, deg C]
# name 6 = c0S/m: Conductivity [S/m]
# name 7 = c1S/m: Conductivity, 2 [S/m]
# name 8 = sbeox0V: Oxygen raw, SBE 43 [V]
# name 9 = sbeox1V: Oxygen raw, SBE 43, 2 [V]
# name 10 = sbox0dV/dT: Oxygen, SBE 43 [dov/dt]
# name 11 = sbox1dV/dT: Oxygen, SBE 43, 2 [dov/dt]
# name 12 = CStarTr0: Beam Transmission, WET Labs C-Star [%]
# name 13 = flECO-AFL: Fluorescence, WET Labs ECO-AFL/FL [mg/m^3]
# name 14 = flC: Fluorescence, Chelsea Aqua 3 Chl Con [ug/l]
# name 15 = sbox0Mm/Kg: Oxygen, SBE 43 [umol/kg], WS = 2
# name 16 = sbox1Mm/Kg: Oxygen, SBE 43, 2 [umol/kg], WS = 2
# name 17 = sal00: Salinity, Practical [PSU]
# name 18 = sal11: Salinity, Practical, 2 [PSU]
# name 19 = sigma-é00: Density [sigma-theta, kg/m^3]
# name 20 = sigma-é11: Density, 2 [sigma-theta, kg/m^3]
# name 21 = svCM: Sound Velocity [Chen-Millero, m/s]
# name 22 = svCM1: Sound Velocity, 2 [Chen-Millero, m/s]
# name 23 = nbin: number of scans per bin
# name 24 = flag: flag
# span 0 =      -1073,      21520       
# span 1 =  69.531959,  69.542854       
# span 2 =      3.000,    501.000       
# span 3 =      2.981,    497.618       
# span 4 =     7.6125,    28.4813       
# span 5 =     7.6113,    28.4707       
# span 6 =   3.577702,   5.829354       
# span 7 =   3.577317,   5.827801       
# span 8 =     1.0857,     2.7124       
# span 9 =     1.2262,     3.1498       
# span 10 =   -0.08362,    0.03782      
# span 11 =   -0.07674,    0.04357      
# span 12 =    87.8171,    90.0502      
# span 13 =     0.0470,     1.5293      
# span 14 =     0.0239,     0.4352      
# span 15 =     80.717,    205.920      
# span 16 =     78.629,    199.606      
# span 17 =    34.6758,    36.1052      
# span 18 =    34.6728,    36.0968      
# span 19 =    23.0506,    27.0836      
# span 20 =    23.0518,    27.0815      
# span 21 =    1488.85,    1544.00      
# span 22 =    1488.84,    1544.00      
# span 23 =         13,        111      
# span 24 = 0.0000e+00, 0.0000e+00      
# interval = decibars: 1                
# start_time = Mar 10 2022 12:46:46 [System UTC, first data scan.]
# bad_flag = -9.990e-29
*END*
[from data line 348]
      14639  69.539536    351.000    348.753     9.5731     9.5676   3.772134   3.771232     1.1419     1.2953   -0.00111   -0.00169    89.9782     0.0604     0.0346     85.525     83.475    34.8733    34.8693    26.9318    26.9296    1493.92    1493.89         30 0.0000e+00
      14667  69.539551    352.000    349.751     9.5561     9.5548   3.770412   3.770047     1.1403     1.2940   -0.00082   -0.00119    89.9639     0.0554     0.0333     85.355     83.372    34.8716    34.8691    26.9332    26.9315    1493.87    1493.86         28 0.0000e+00
      14692  69.539558    353.000    350.740     9.5536     9.5521   3.770178   3.769787     1.1390     1.2930   -0.00050   -0.00056    89.9782     0.0570     0.0333     85.203     83.284    34.8711    34.8685    26.9333    26.9316    1493.88    1493.87         23 0.0000e+00
      14713  69.539574    354.000    351.731     9.5231     9.5195   3.766897   3.766020     1.1386     1.2923   -0.00110   -0.00100    89.9759     0.0533     0.0331     85.220     83.280    34.8664    34.8609    26.9347    26.9310    1493.78    1493.76         20 0.0000e+00
      14733  69.539581    355.000    352.730     9.4765     9.4726   3.762141   3.761333     1.1399     1.2927   -0.00133   -0.00091    89.9724     0.0510     0.0332     85.505     83.434    34.8621    34.8575    26.9390    26.9361    1493.62    1493.60         19 0.0000e+00
      14751  69.539589    356.000    353.726     9.4590     9.4572   3.760360   3.759888     1.1419     1.2942   -0.00121   -0.00108    89.9725     0.0577     0.0337     85.809     83.634    34.8602    34.8570    26.9405    26.9383    1493.57    1493.56         18 0.0000e+00
      14770  69.539597    357.000    354.712     9.4410     9.4402   3.758457   3.758044     1.1436     1.2968   -0.00062   -0.00085    89.9887     0.0624     0.0340     86.090     83.963    34.8575    34.8540    26.9413    26.9388    1493.52    1493.51         20 0.0000e+00
      14790  69.539612    358.000    355.715     9.4241     9.4210   3.756739   3.756092     1.1461     1.2998    0.00102    0.00022    89.9936     0.0611     0.0337     86.474     84.343    34.8556    34.8520    26.9427    26.9403    1493.47    1493.45         20 0.0000e+00
      14814  69.539619    359.000    356.707     9.4168     9.4144   3.756019   3.755525     1.1483     1.3020    0.00224    0.00194    89.9914     0.0592     0.0335     86.788     84.615    34.8549    34.8521    26.9433    26.9415    1493.46    1493.45         27 0.0000e+00
      14845  69.539635    360.000    357.690     9.4017     9.4011   3.754466   3.754065     1.1502     1.3043    0.00270    0.00339    89.9786     0.0611     0.0327     87.086     84.905    34.8530    34.8494    26.9443    26.9416    1493.42    1493.41         34 0.0000e+00
      14875  69.539650    361.000    358.683     9.3700     9.3691   3.751157   3.750710     1.1520     1.3063    0.00224    0.00234    89.9729     0.0570     0.0329     87.412     85.199    34.8491    34.8453    26.9465    26.9437    1493.31    1493.31         26 0.0000e+00
      14898  69.539658    362.000    359.673     9.3377     9.3335   3.747837   3.746977     1.1531     1.3079    0.00144    0.00180    89.9938     0.0610     0.0330     87.635     85.455    34.8456    34.8408    26.9490    26.9460    1493.21    1493.19         22 0.0000e+00
      14920  69.539673    363.000    360.675     9.2979     9.2943   3.743687   3.742863     1.1545     1.3087    0.00150    0.00159    89.9814     0.0606     0.0334     87.917     85.637    34.8407    34.8357    26.9518    26.9484    1493.07    1493.05         21 0.0000e+00
      14942  69.539680    364.000    361.672     9.2515     9.2473   3.738906   3.738025     1.1555     1.3096    0.00121    0.00161    89.9820     0.0515     0.0331     88.166     85.847    34.8358    34.8307    26.9555    26.9521    1492.91    1492.89         24 0.0000e+00
      14970  69.539696    365.000    362.652     9.2038     9.2007   3.733945   3.733201     1.1554     1.3099    0.00141    0.00130    89.9946     0.0569     0.0328     88.268     85.987    34.8303    34.8255    26.9589    26.9557    1492.75    1492.73         28 0.0000e+00
      14995  69.539711    366.000    363.646     9.1158     9.1118   3.724888   3.723877     1.1530     1.3084    0.00124    0.00088    89.9949     0.0586     0.0323     88.144     86.028    34.8212    34.8145    26.9660    26.9614    1492.43    1492.41         24 0.0000e+00
      15017  69.539719    367.000    364.636     9.0710     9.0690   3.720447   3.719854     1.1491     1.3046    0.00058    0.00065    89.9961     0.0657     0.0327     87.718     85.706    34.8181    34.8138    26.9708    26.9678    1492.28    1492.27         20 0.0000e+00
      15036  69.539726    368.000    365.640     9.0480     9.0461   3.718112   3.717529     1.1457     1.3003   -0.00076   -0.00018    89.9949     0.0501     0.0333     87.317     85.289    34.8157    34.8115    26.9726    26.9696    1492.21    1492.20         20 0.0000e+00
      15057  69.539734    369.000    366.631     9.0382     9.0367   3.717126   3.716676     1.1420     1.2964   -0.00258   -0.00179    89.9719     0.0552     0.0317     86.861     84.897    34.8145    34.8113    26.9733    26.9710    1492.19    1492.18         23 0.0000e+00
      15081  69.539749    370.000    367.627     9.0328     9.0312   3.716609   3.716153     1.1391     1.2933   -0.00413   -0.00431    89.9941     0.0567     0.0315     86.480     84.569    34.8139    34.8108    26.9737    26.9715    1492.18    1492.17         25 0.0000e+00
      15107  69.539764    371.000    368.611     9.0215     9.0191   3.715466   3.714881     1.1365     1.2902   -0.00422   -0.00491    89.9911     0.0571     0.0340     86.161     84.267    34.8125    34.8088    26.9744    26.9719    1492.16    1492.14         25 0.0000e+00
      15132  69.539772    372.000    369.601     9.0016     8.9993   3.713469   3.712908     1.1337     1.2869   -0.00351   -0.00365    89.9748     0.0557     0.0347     85.840     83.960    34.8106    34.8071    26.9762    26.9737    1492.10    1492.08         23 0.0000e+00
      15154  69.539787    373.000    370.599     8.9721     8.9692   3.710435   3.709733     1.1306     1.2826   -0.00256   -0.00302    89.9873     0.0525     0.0337     85.488     83.558    34.8073    34.8028    26.9783    26.9752    1492.00    1491.98         21 0.0000e+00
      15174  69.539795    374.000    371.591     8.9238     8.9186   3.705462   3.704322     1.1266     1.2783   -0.00249   -0.00279    89.9861     0.0652     0.0331     85.057     83.193    34.8019    34.7951    26.9818    26.9772    1491.83    1491.80         19 0.0000e+00
      15193  69.539803    375.000    372.588     8.8469     8.8422   3.697680   3.696628     1.1226     1.2735   -0.00276   -0.00337    89.9949     0.0587     0.0321     84.681     82.824    34.7951    34.7886    26.9886    26.9843    1491.56    1491.53         22 0.0000e+00
      15217  69.539818    376.000    373.580     8.7965     8.7942   3.692637   3.692023     1.1185     1.2676   -0.00368   -0.00469    89.9949     0.0626     0.0329     84.239     82.282    34.7910    34.7868    26.9934    26.9904    1491.38    1491.37         28 0.0000e+00
      15254  69.539833    377.000    374.570     8.7824     8.7801   3.691230   3.690685     1.1139     1.2618   -0.00468   -0.00572    89.9949     0.0563     0.0341     83.651     81.678    34.7896    34.7861    26.9945    26.9921    1491.34    1491.33         44 0.0000e+00
      15296  69.539856    378.000    375.554     8.7580     8.7558   3.688811   3.688210     1.1100     1.2562   -0.00347   -0.00452    89.9949     0.0665     0.0341     83.183     81.107    34.7876    34.7835    26.9968    26.9939    1491.27    1491.25         33 0.0000e+00
      15319  69.539864    379.000    376.555     8.7434     8.7421   3.687386   3.686968     1.1084     1.2547   -0.00274   -0.00368    89.9949     0.0648     0.0344     83.005     80.976    34.7865    34.7833    26.9982    26.9959    1491.23    1491.22         19 0.0000e+00
      15337  69.539871    380.000    377.535     8.7375     8.7359   3.686840   3.686415     1.1072     1.2527   -0.00232   -0.00361    89.9949     0.0640     0.0347     82.862     80.783    34.7860    34.7831    26.9988    26.9968    1491.22    1491.21         16 0.0000e+00
      15352  69.539879    381.000    378.527     8.7343     8.7327   3.686547   3.686131     1.1062     1.2517   -0.00206   -0.00302    89.9949     0.0564     0.0348     82.742     80.684    34.7857    34.7828    26.9991    26.9971    1491.23    1491.22         15 0.0000e+00
      15366  69.539886    382.000    379.550     8.7315     8.7298   3.686319   3.685892     1.1055     1.2510   -0.00193   -0.00218    89.9949     0.0552     0.0352     82.670     80.621    34.7855    34.7826    26.9994    26.9974    1491.23    1491.22         14 0.0000e+00
      15382  69.539894    383.000    380.527     8.7211     8.7219   3.685273   3.685029     1.1050     1.2506   -0.00172   -0.00180    89.9949     0.0502     0.0351     82.627     80.608    34.7842    34.7809    27.0000    26.9973    1491.21    1491.21         16 0.0000e+00
      15400  69.539902    384.000    381.522     8.7092     8.7097   3.684104   3.683850     1.1045     1.2503   -0.00155   -0.00213    89.9949     0.0556     0.0343     82.603     80.612    34.7831    34.7799    27.0010    26.9984    1491.18    1491.18         20 0.0000e+00
      15421  69.539909    385.000    382.513     8.6978     8.6958   3.682964   3.682456     1.1045     1.2498   -0.00139   -0.00168    89.9949     0.0563     0.0340     82.627     80.587    34.7818    34.7784    27.0018    26.9994    1491.15    1491.14         23 0.0000e+00
      15446  69.539925    386.000    383.504     8.6724     8.6704   3.680380   3.679837     1.1043     1.2496   -0.00091   -0.00069    90.0122     0.0611     0.0346     82.664     80.635    34.7790    34.7753    27.0036    27.0010    1491.07    1491.06         28 0.0000e+00
      15477  69.539940    387.000    384.499     8.6458     8.6444   3.677746   3.677309     1.1039     1.2487   -0.00022   -0.00047    90.0014     0.0550     0.0342     82.670     80.592    34.7769    34.7737    27.0062    27.0038    1490.98    1490.98         35 0.0000e+00
      15516  69.539955    388.000    385.486     8.6316     8.6287   3.676353   3.675727     1.1030     1.2484   -0.00026   -0.00047    89.9948     0.0591     0.0405     82.597     80.603    34.7757    34.7719    27.0074    27.0049    1490.95    1490.93         39 0.0000e+00
      15553  69.539978    389.000    386.478     8.6111     8.6088   3.674324   3.673813     1.1015     1.2474   -0.00045   -0.00033    89.9949     0.0695     0.0462     82.439     80.543    34.7739    34.7708    27.0092    27.0071    1490.89    1490.87         35 0.0000e+00
      15581  69.539993    390.000    387.464     8.6064     8.6048   3.673893   3.673490     1.0999     1.2455   -0.00051   -0.00019    89.9949     0.0624     0.0364     82.237     80.350    34.7735    34.7709    27.0097    27.0078    1490.88    1490.87         23 0.0000e+00
      15602  69.540001    391.000    388.462     8.6050     8.6042   3.673810   3.673483     1.0987     1.2439   -0.00094   -0.00063    90.0061     0.0575     0.0345     82.087     80.175    34.7736    34.7709    27.0099    27.0079    1490.90    1490.89         19 0.0000e+00
      15619  69.540009    392.000    389.454     8.6007     8.6003   3.673412   3.673152     1.0979     1.2430   -0.00131   -0.00091    89.9981     0.0572     0.0346     81.990     80.088    34.7731    34.7707    27.0103    27.0084    1490.89    1490.89         15 0.0000e+00
      15633  69.540016    393.000    390.442     8.5961     8.5952   3.673014   3.672672     1.0965     1.2421   -0.00138   -0.00140    90.0051     0.0636     0.0351     81.826     80.017    34.7729    34.7702    27.0108    27.0088    1490.89    1490.89         14 0.0000e+00
      15647  69.540024    394.000    391.455     8.5936     8.5929   3.672806   3.672515     1.0958     1.2407   -0.00129   -0.00181    90.0188     0.0653     0.0347     81.744     79.871    34.7727    34.7704    27.0111    27.0093    1490.90    1490.90         13 0.0000e+00
      15661  69.540031    395.000    392.429     8.5926     8.5914   3.672749   3.672390     1.0948     1.2401   -0.00130   -0.00195    89.9996     0.0587     0.0342     81.622     79.818    34.7727    34.7701    27.0112    27.0094    1490.91    1490.91         14 0.0000e+00
      15676  69.540039    396.000    393.439     8.5916     8.5902   3.672688   3.672324     1.0939     1.2384   -0.00139   -0.00150    90.0005     0.0590     0.0343     81.504     79.634    34.7725    34.7701    27.0112    27.0096    1490.93    1490.92         17 0.0000e+00
      15694  69.540047    397.000    394.432     8.5903     8.5888   3.672594   3.672207     1.0934     1.2376   -0.00168   -0.00160    90.0006     0.0728     0.0343     81.448     79.560    34.7723    34.7697    27.0113    27.0095    1490.94    1490.93         21 0.0000e+00
      15725  69.540062    398.000    395.419     8.5905     8.5906   3.672643   3.672449     1.0928     1.2364   -0.00150   -0.00185    89.9954     0.0545     0.0340     81.375     79.440    34.7722    34.7701    27.0112    27.0096    1490.95    1490.95         45 0.0000e+00
      15778  69.540085    399.000    396.403     8.5898     8.5915   3.672559   3.672487     1.0919     1.2353   -0.00053   -0.00096    89.9949     0.0614     0.0341     81.272     79.322    34.7715    34.7691    27.0108    27.0086    1490.97    1490.97         50 0.0000e+00
      15815  69.540100    400.000    397.401     8.5308     8.5293   3.666660   3.666028     1.0901     1.2335   -0.00028   -0.00049    89.9983     0.0612     0.0350     81.152     79.255    34.7667    34.7614    27.0162    27.0123    1490.76    1490.75         28 0.0000e+00
      15840  69.540115    401.000    398.383     8.5065     8.5046   3.664195   3.663694     1.0884     1.2315   -0.00042   -0.00049    89.9804     0.0608     0.0348     80.977     79.085    34.7640    34.7606    27.0179    27.0154    1490.68    1490.67         23 0.0000e+00
      15862  69.540123    402.000    399.379     8.4897     8.4881   3.662529   3.662094     1.0873     1.2301   -0.00122   -0.00090    90.0066     0.0570     0.0353     80.871     78.968    34.7625    34.7594    27.0193    27.0171    1490.63    1490.62         20 0.0000e+00
      15881  69.540138    403.000    400.372     8.4827     8.4813   3.661859   3.661444     1.0863     1.2294   -0.00146   -0.00171    90.0138     0.0592     0.0344     80.748     78.917    34.7618    34.7588    27.0198    27.0176    1490.62    1490.61         19 0.0000e+00
      15899  69.540146    404.000    401.373     8.4748     8.4735   3.661106   3.660680     1.0860     1.2286   -0.00154   -0.00196    90.0067     0.0721     0.0337     80.741     78.853    34.7611    34.7579    27.0205    27.0181    1490.61    1490.60         16 0.0000e+00
      15915  69.540154    405.000    402.347     8.4703     8.4688   3.660679   3.660274     1.0857     1.2273   -0.00129   -0.00170    90.0068     0.0670     0.0346     80.716     78.729    34.7605    34.7577    27.0208    27.0188    1490.61    1490.60         16 0.0000e+00
      15931  69.540161    406.000    403.367     8.4648     8.4631   3.660158   3.659691     1.0857     1.2262   -0.00127   -0.00118    90.0053     0.0577     0.0342     80.740     78.629    34.7600    34.7567    27.0212    27.0189    1490.60    1490.59         16 0.0000e+00
      15947  69.540169    407.000    404.346     8.4552     8.4535   3.659202   3.658773     1.0860     1.2262   -0.00099   -0.00091    90.0188     0.0588     0.0334     80.802     78.649    34.7588    34.7559    27.0218    27.0198    1490.58    1490.57         16 0.0000e+00
