data-processing/CTD/data/cnv/ures020.cnv
* Sea-Bird SBE 9 Data File:
* FileName = C:\SEASOFT\PIRATA-FR32\data\fr32020.hex
* Software Version Seasave V 7.26.7.107
* Temperature SN = 6083
* Conductivity SN = 4509
* Number of Bytes Per Scan = 42
* Number of Voltage Words = 3
* Number of Scans Averaged by the Deck Unit = 1
* NMEA Latitude = 06 01.56 S
* NMEA Longitude = 010 00.61 W
* NMEA UTC (Time) = Mar 11 2022 01:24:21
** Cruise: PIRATA-FR32
** Ship: THALASSA
** Station: 020
** Bottom Depth: 3554
** Barometric pressure : 1008.1
** Temp Air: 28.3
** Operator: SCP
** Comments:
# nquan = 25
# nvalues = 1999                        
# units = specified
# name 0 = scan: Scan Count
# name 1 = timeJ: Julian Days
# name 2 = prDM: Pressure, Digiquartz [db]
# name 3 = depSM: Depth [salt water, m]
# name 4 = t090C: Temperature [ITS-90, deg C]
# name 5 = t190C: Temperature, 2 [ITS-90, deg C]
# name 6 = c0S/m: Conductivity [S/m]
# name 7 = c1S/m: Conductivity, 2 [S/m]
# name 8 = sbeox0V: Oxygen raw, SBE 43 [V]
# name 9 = sbeox1V: Oxygen raw, SBE 43, 2 [V]
# name 10 = sbox0dV/dT: Oxygen, SBE 43 [dov/dt]
# name 11 = sbox1dV/dT: Oxygen, SBE 43, 2 [dov/dt]
# name 12 = CStarTr0: Beam Transmission, WET Labs C-Star [%]
# name 13 = flECO-AFL: Fluorescence, WET Labs ECO-AFL/FL [mg/m^3]
# name 14 = flC: Fluorescence, Chelsea Aqua 3 Chl Con [ug/l]
# name 15 = sbox0Mm/Kg: Oxygen, SBE 43 [umol/kg], WS = 2
# name 16 = sbox1Mm/Kg: Oxygen, SBE 43, 2 [umol/kg], WS = 2
# name 17 = sal00: Salinity, Practical [PSU]
# name 18 = sal11: Salinity, Practical, 2 [PSU]
# name 19 = sigma-é00: Density [sigma-theta, kg/m^3]
# name 20 = sigma-é11: Density, 2 [sigma-theta, kg/m^3]
# name 21 = svCM: Sound Velocity [Chen-Millero, m/s]
# name 22 = svCM1: Sound Velocity, 2 [Chen-Millero, m/s]
# name 23 = nbin: number of scans per bin
# name 24 = flag: flag
# span 0 =      67939,     160335       
# span 1 =  70.091351,  70.135910       
# span 2 =      3.000,   2001.000       
# span 3 =      2.978,   1980.416       
# span 4 =     3.5604,    28.3666       
# span 5 =     3.5587,    28.3673       
# span 6 =   3.290658,   5.826707       
# span 7 =   3.290295,   5.826162       
# span 8 =     0.9954,     2.7143       
# span 9 =     1.1208,     3.1503       
# span 10 =   -0.00976,    0.04153      
# span 11 =   -0.00994,    0.05520      
# span 12 =    84.4087,    90.2803      
# span 13 =     0.0302,     1.8408      
# span 14 =     0.0097,     0.5161      
# span 15 =     66.792,    234.409      
# span 16 =     65.183,    229.389      
# span 17 =    34.5096,    36.2063      
# span 18 =    34.5057,    36.2055      
# span 19 =    23.1386,    27.8132      
# span 20 =    23.1349,    27.8107      
# span 21 =    1482.89,    1543.77      
# span 22 =    1482.89,    1543.78      
# span 23 =         15,        149      
# span 24 = 0.0000e+00, 0.0000e+00      
# interval = decibars: 1                
# start_time = Mar 11 2022 01:24:22 [System UTC, first data scan.]
# bad_flag = -9.990e-29
*END*
[from data line 986]
     103504  70.108505   1015.000   1006.900     4.2736     4.2732   3.292558   3.292175     1.4379     1.6497    0.00006   -0.00050    90.2327     0.0385     0.0216    155.944    152.668    34.6163    34.6123    27.4606    27.4574    1483.97    1483.96         27 0.0000e+00
     103532  70.108513   1014.000   1005.914     4.2741     4.2741   3.292526   3.292137     1.4380     1.6497    0.00004   -0.00046    90.2327     0.0524     0.0224    155.937    152.646    34.6160    34.6114    27.4602    27.4566    1483.95    1483.95         30 0.0000e+00
     103564  70.108528   1013.000   1004.924     4.2747     4.2746   3.292473   3.292082     1.4382     1.6496   -0.00006    0.00004    90.2327     0.0479     0.0226    155.956    152.620    34.6153    34.6108    27.4596    27.4560    1483.94    1483.93         34 0.0000e+00
     103618  70.108559   1012.000   1003.937     4.2751     4.2746   3.292429   3.292033     1.4382     1.6493    0.00011   -0.00002    90.2277     0.0487     0.0225    155.930    152.556    34.6148    34.6107    27.4592    27.4559    1483.92    1483.92         79 0.0000e+00
     103681  70.108589   1011.000   1002.953     4.2768     4.2759   3.292327   3.291892     1.4381     1.6497   -0.00017   -0.00011    90.2244     0.0487     0.0199    155.897    152.583    34.6124    34.6082    27.4570    27.4538    1483.91    1483.90         29 0.0000e+00
     103703  70.108597   1010.000   1001.959     4.2768     4.2760   3.292248   3.291764     1.4377     1.6496   -0.00013   -0.00033    90.2280     0.0526     0.0202    155.795    152.560    34.6119    34.6071    27.4567    27.4529    1483.89    1483.88         20 0.0000e+00
     103724  70.108612   1009.000   1000.963     4.2768     4.2762   3.292089   3.291464     1.4373     1.6496    0.00001    0.00028    90.2208     0.0515     0.0217    155.720    152.543    34.6106    34.6039    27.4556    27.4503    1483.87    1483.86         22 0.0000e+00
     103747  70.108620   1008.000    999.967     4.2770     4.2764   3.291762   3.291214     1.4366     1.6495   -0.00011    0.00033    90.2253     0.0455     0.0213    155.581    152.506    34.6071    34.6012    27.4527    27.4482    1483.85    1483.84         26 0.0000e+00
     103826  70.108658   1007.000    998.985     4.2769     4.2763   3.291766   3.291275     1.4348     1.6468   -0.00043   -0.00051    90.2244     0.0457     0.0202    155.263    152.117    34.6077    34.6026    27.4532    27.4493    1483.84    1483.83         74 0.0000e+00
     103906  70.108696   1006.000    997.997     4.2776     4.2772   3.291423   3.290854     1.4336     1.6438   -0.00030   -0.00068    90.2211     0.0533     0.0195    155.044    151.690    34.6034    34.5972    27.4498    27.4449    1483.82    1483.81         41 0.0000e+00
     103966  70.108727   1005.000    997.008     4.2777     4.2775   3.291342   3.290751     1.4319     1.6423   -0.00052   -0.00101    90.2194     0.0482     0.0201    154.745    151.468    34.6029    34.5962    27.4493    27.4440    1483.80    1483.79         87 0.0000e+00
     104039  70.108757   1004.000    996.019     4.2782     4.2774   3.291011   3.290603     1.4310     1.6415   -0.00043   -0.00016    90.2242     0.0462     0.0193    154.581    151.338    34.5990    34.5951    27.4462    27.4431    1483.78    1483.77         64 0.0000e+00
     104170  70.108826   1003.000    995.033     4.2783     4.2774   3.290909   3.290509     1.4302     1.6385   -0.00015   -0.00071    90.2181     0.0538     0.0219    154.425    150.916    34.5982    34.5945    27.4455    27.4426    1483.77    1483.76         36 0.0000e+00
     104209  70.108841   1002.000    994.036     4.2787     4.2784   3.290880   3.290515     1.4298     1.6385   -0.00005   -0.00021    90.2230     0.0476     0.0222    154.332    150.895    34.5979    34.5940    27.4453    27.4421    1483.75    1483.74         59 0.0000e+00
     104348  70.108910   1001.000    993.050     4.2816     4.2810   3.290940   3.290569     1.4284     1.6377   -0.00010   -0.00011    90.2238     0.0477     0.0214    154.071    150.763    34.5962    34.5924    27.4436    27.4406    1483.74    1483.74         96 0.0000e+00
     104826  70.109138   1000.000    992.058     4.2839     4.2831   3.290923   3.290542     1.4266     1.6353   -0.00016   -0.00022    90.2253     0.0505     0.0213    153.742    150.407    34.5941    34.5904    27.4416    27.4388    1483.73    1483.73         91 0.0000e+00
     106364  70.109879    999.000    991.073     4.2873     4.2862   3.291014   3.290617     1.4262     1.6333    0.00005   -0.00032    90.2203     0.0552     0.0215    153.656    150.097    34.5921    34.5886    27.4397    27.4370    1483.73    1483.72         84 0.0000e+00
     106194  70.109802    998.000    990.076     4.2880     4.2871   3.290930   3.290541     1.4254     1.6334   -0.00008   -0.00003    90.2259     0.0450     0.0196    153.494    150.090    34.5909    34.5872    27.4387    27.4358    1483.71    1483.71         63 0.0000e+00
     106357  70.109879    997.000    989.089     4.2885     4.2877   3.290882   3.290495     1.4242     1.6334   -0.00022   -0.00006    90.2328     0.0471     0.0201    153.278    150.072    34.5903    34.5866    27.4381    27.4353    1483.70    1483.69         57 0.0000e+00
     106426  70.109909    996.000    988.101     4.2890     4.2881   3.290836   3.290448     1.4241     1.6335   -0.00007    0.00010    90.2250     0.0493     0.0197    153.236    150.063    34.5898    34.5862    27.4376    27.4349    1483.68    1483.67         83 0.0000e+00
     106508  70.109955    995.000    987.113     4.2894     4.2885   3.290791   3.290404     1.4242     1.6327    0.00002   -0.00024    90.2234     0.0506     0.0203    153.226    149.932    34.5893    34.5857    27.4372    27.4344    1483.67    1483.66         77 0.0000e+00
     106592  70.109993    994.000    986.123     4.2901     4.2892   3.290780   3.290396     1.4238     1.6328    0.00000   -0.00008    90.2285     0.0540     0.0198    153.147    149.935    34.5890    34.5854    27.4368    27.4341    1483.65    1483.64         86 0.0000e+00
     106665  70.110031    993.000    985.143     4.2908     4.2900   3.290770   3.290396     1.4238     1.6329    0.00010   -0.00003    90.2329     0.0441     0.0195    153.128    149.918    34.5886    34.5850    27.4365    27.4337    1483.64    1483.63         26 0.0000e+00
     106686  70.110039    992.000    984.142     4.2909     4.2904   3.290704   3.290330     1.4236     1.6320   -0.00009 -1.240e-07    90.2327     0.0450     0.0196    153.061    149.781    34.5882    34.5844    27.4362    27.4331    1483.62    1483.62         21 0.0000e+00
     106711  70.110046    991.000    983.144     4.2919     4.2912   3.290692   3.290313     1.4232     1.6323   -0.00008   -0.00006    90.2281     0.0492     0.0201    152.986    149.801    34.5876    34.5838    27.4355    27.4326    1483.61    1483.60         36 0.0000e+00
     106807  70.110092    990.000    982.167     4.2926     4.2926   3.290658   3.290298     1.4226     1.6321   -0.00023   -0.00031    90.2294     0.0497     0.0204    152.851    149.743    34.5869    34.5827    27.4349    27.4316    1483.59    1483.59         32 0.0000e+00
     106839  70.110107    989.000    981.174     4.2957     4.2953   3.290704   3.290295     1.4225     1.6322   -0.00013   -0.00029    90.2327     0.0447     0.0209    152.818    149.730    34.5847    34.5804    27.4328    27.4294    1483.59    1483.58         26 0.0000e+00
     106866  70.110123    988.000    980.177     4.3008     4.3018   3.290964   3.290697     1.4219     1.6314    0.00003    0.00028    90.2327     0.0435     0.0219    152.670    149.578    34.5830    34.5788    27.4309    27.4275    1483.59    1483.59         29 0.0000e+00
     106905  70.110146    987.000    979.190     4.3052     4.3062   3.291196   3.290941     1.4195     1.6291   -0.00027   -0.00013    90.2291     0.0485     0.0217    152.243    149.231    34.5817    34.5776    27.4294    27.4261    1483.59    1483.59         51 0.0000e+00
     106962  70.110168    986.000    978.206     4.3116     4.3118   3.291621   3.291346     1.4158     1.6248   -0.00145   -0.00154    90.2297     0.0492     0.0231    151.584    148.608    34.5804    34.5770    27.4277    27.4249    1483.60    1483.60         54 0.0000e+00
     107006  70.110191    985.000    977.218     4.3165     4.3167   3.291948   3.291658     1.4128     1.6213   -0.00157   -0.00176    90.2177     0.0502     0.0230    151.046    148.092    34.5796    34.5760    27.4265    27.4237    1483.60    1483.60         37 0.0000e+00
     107040  70.110207    984.000    976.220     4.3207     4.3213   3.292159   3.291859     1.4105     1.6192   -0.00158   -0.00200    90.2283     0.0510     0.0234    150.637    147.776    34.5783    34.5742    27.4250    27.4217    1483.60    1483.60         33 0.0000e+00
     107075  70.110222    983.000    975.234     4.3199     4.3189   3.291828   3.291405     1.4090     1.6161   -0.00170   -0.00169    90.2219     0.0448     0.0234    150.367    147.347    34.5758    34.5718    27.4231    27.4201    1483.58    1483.57         39 0.0000e+00
     107120  70.110245    982.000    974.244     4.3202     4.3203   3.291739   3.291473     1.4076     1.6139   -0.00124   -0.00192    90.2242     0.0541     0.0230    150.109    147.020    34.5749    34.5717    27.4224    27.4198    1483.56    1483.56         50 0.0000e+00
     107170  70.110268    981.000    973.256     4.3309     4.3314   3.292745   3.292553     1.4055     1.6112   -0.00073   -0.00126    90.2271     0.0480     0.0218    149.703    146.589    34.5760    34.5733    27.4221    27.4199    1483.59    1483.59         46 0.0000e+00
     107208  70.110291    980.000    972.266     4.3438     4.3453   3.293977   3.293888     1.4021     1.6078   -0.00072   -0.00101    90.2297     0.0498     0.0213    149.060    146.047    34.5775    34.5749    27.4219    27.4197    1483.63    1483.63         31 0.0000e+00
     107237  70.110306    979.000    971.273     4.3480     4.3502   3.294360   3.294266     1.3984     1.6030   -0.00158   -0.00154    90.2236     0.0527     0.0216    148.420    145.362    34.5781    34.5747    27.4219    27.4190    1483.63    1483.64         31 0.0000e+00
     107293  70.110329    978.000    970.285     4.3514     4.3520   3.294578   3.294306     1.3931     1.5967   -0.00258   -0.00307    90.2255     0.0467     0.0214    147.517    144.482    34.5776    34.5739    27.4212    27.4181    1483.63    1483.63         84 0.0000e+00
     107362  70.110359    977.000    969.301     4.3536     4.3528   3.294683   3.294300     1.3894     1.5917   -0.00202   -0.00228    90.2267     0.0500     0.0228    146.868    143.789    34.5770    34.5734    27.4205    27.4177    1483.62    1483.61         35 0.0000e+00
     107391  70.110374    976.000    968.304     4.3539     4.3532   3.294633   3.294253     1.3885     1.5910   -0.00118   -0.00194    90.2283     0.0490     0.0229    146.707    143.671    34.5767    34.5730    27.4202    27.4173    1483.60    1483.60         32 0.0000e+00
     107428  70.110397    975.000    967.314     4.3545     4.3538   3.294626   3.294238     1.3879     1.5899   -0.00092   -0.00091    90.2270     0.0519     0.0223    146.579    143.505    34.5765    34.5727    27.4199    27.4170    1483.59    1483.58         41 0.0000e+00
     107468  70.110413    974.000    966.325     4.3549     4.3540   3.294598   3.294213     1.3874     1.5899   -0.00047   -0.00079    90.2227     0.0499     0.0220    146.476    143.483    34.5763    34.5727    27.4197    27.4169    1483.57    1483.57         40 0.0000e+00
     107515  70.110435    973.000    965.336     4.3553     4.3556   3.294585   3.294281     1.3868     1.5892   -0.00033   -0.00013    90.2284     0.0500     0.0225    146.353    143.362    34.5762    34.5723    27.4196    27.4165    1483.56    1483.56         54 0.0000e+00
     107570  70.110466    972.000    964.345     4.3608     4.3605   3.294919   3.294577     1.3858     1.5874   -0.00028   -0.00034    90.2327     0.0500     0.0226    146.150    143.085    34.5749    34.5712    27.4179    27.4150    1483.56    1483.56         58 0.0000e+00
     107624  70.110489    971.000    963.362     4.3634     4.3625   3.295034   3.294641     1.3844     1.5846   -0.00052   -0.00091    90.2285     0.0443     0.0224    145.890    142.682    34.5740    34.5703    27.4170    27.4141    1483.56    1483.55         41 0.0000e+00
     107655  70.110504    970.000    962.368     4.3635     4.3629   3.294987   3.294611     1.3842     1.5842   -0.00076   -0.00114    90.2266     0.0497     0.0241    145.837    142.609    34.5738    34.5701    27.4168    27.4139    1483.54    1483.53         27 0.0000e+00
     107681  70.110519    969.000    961.376     4.3635     4.3628   3.294895   3.294509     1.3836     1.5836   -0.00053   -0.00137    90.2197     0.0542     0.0228    145.723    142.507    34.5733    34.5695    27.4164    27.4134    1483.52    1483.52         27 0.0000e+00
     107728  70.110542    968.000    960.386     4.3621     4.3599   3.294635   3.294025     1.3842     1.5842   -0.00021   -0.00044    90.2233     0.0497     0.0233    145.814    142.583    34.5722    34.5673    27.4156    27.4120    1483.50    1483.48         67 0.0000e+00
     107830  70.110588    967.000    959.407     4.3555     4.3540   3.293573   3.293121     1.3876     1.5855    0.00074    0.00054    90.2181     0.0452     0.0229    146.380    142.776    34.5672    34.5634    27.4123    27.4095    1483.45    1483.44         37 0.0000e+00
     107853  70.110603    966.000    958.410     4.3571     4.3558   3.293675   3.293185     1.3888     1.5878    0.00058    0.00006    90.2279     0.0453     0.0215    146.559    143.064    34.5672    34.5628    27.4122    27.4088    1483.44    1483.43         24 0.0000e+00
     107877  70.110611    965.000    957.414     4.3569     4.3559   3.293538   3.293104     1.3896     1.5891    0.00108    0.00015    90.2217     0.0525     0.0208    146.677    143.212    34.5662    34.5622    27.4114    27.4083    1483.42    1483.41         24 0.0000e+00
     107902  70.110626    964.000    956.424     4.3568     4.3558   3.293264   3.292821     1.3902     1.5907    0.00127    0.00163    90.2141     0.0468     0.0188    146.758    143.414    34.5637    34.5595    27.4094    27.4062    1483.40    1483.39         28 0.0000e+00
     107934  70.110641    963.000    955.433     4.3535     4.3524   3.292730   3.292283     1.3914     1.5924    0.00087    0.00152    90.2196     0.0554     0.0202    146.953    143.645    34.5614    34.5573    27.4079    27.4048    1483.37    1483.36         39 0.0000e+00
     108023  70.110680    962.000    954.453     4.3492     4.3480   3.292128   3.291688     1.3972     1.5984    0.00141    0.00169    90.2282     0.0546     0.0211    147.908    144.450    34.5593    34.5554    27.4067    27.4038    1483.33    1483.32         52 0.0000e+00
     108079  70.110710    961.000    953.460     4.3498     4.3480   3.292138   3.291623     1.4002     1.6013    0.00149    0.00164    90.2225     0.0536     0.0221    148.383    144.826    34.5594    34.5552    27.4067    27.4036    1483.32    1483.30         23 0.0000e+00
     108102  70.110718    960.000    952.467     4.3519     4.3513   3.292246   3.291884     1.4002     1.6023    0.00122    0.00126    90.2203     0.0519     0.0223    148.360    144.934    34.5589    34.5553    27.4061    27.4032    1483.31    1483.30         21 0.0000e+00
     108129  70.110733    959.000    951.470     4.3583     4.3583   3.292762   3.292454     1.3996     1.6025    0.00095    0.00095    90.2169     0.0473     0.0213    148.217    144.915    34.5588    34.5552    27.4053    27.4024    1483.32    1483.31         37 0.0000e+00
