data-processing/CTD/data/cnv/ures016.cnv
* Sea-Bird SBE 9 Data File:
* FileName = C:\SEASOFT\PIRATA-FR32\data\fr32016.hex
* Software Version Seasave V 7.26.7.107
* Temperature SN = 6083
* Conductivity SN = 4509
* Number of Bytes Per Scan = 42
* Number of Voltage Words = 3
* Number of Scans Averaged by the Deck Unit = 1
* NMEA Latitude = 03 59.85 S
* NMEA Longitude = 010 00.12 W
* NMEA UTC (Time) = Mar 10 2022 01:27:56
** Cruise: PIRATA-FR32
** Ship: THALASSA
** Station: 016
** Bottom Depth: 3584
** Barometric pressure : 1006.4
** Temp Air: 28.1
** Operator: SCP
** Comments:
# nquan = 25
# nvalues = 538                         
# units = specified
# name 0 = scan: Scan Count
# name 1 = timeJ: Julian Days
# name 2 = prDM: Pressure, Digiquartz [db]
# name 3 = depSM: Depth [salt water, m]
# name 4 = t090C: Temperature [ITS-90, deg C]
# name 5 = t190C: Temperature, 2 [ITS-90, deg C]
# name 6 = c0S/m: Conductivity [S/m]
# name 7 = c1S/m: Conductivity, 2 [S/m]
# name 8 = sbeox0V: Oxygen raw, SBE 43 [V]
# name 9 = sbeox1V: Oxygen raw, SBE 43, 2 [V]
# name 10 = sbox0dV/dT: Oxygen, SBE 43 [dov/dt]
# name 11 = sbox1dV/dT: Oxygen, SBE 43, 2 [dov/dt]
# name 12 = CStarTr0: Beam Transmission, WET Labs C-Star [%]
# name 13 = flECO-AFL: Fluorescence, WET Labs ECO-AFL/FL [mg/m^3]
# name 14 = flC: Fluorescence, Chelsea Aqua 3 Chl Con [ug/l]
# name 15 = sbox0Mm/Kg: Oxygen, SBE 43 [umol/kg], WS = 2
# name 16 = sbox1Mm/Kg: Oxygen, SBE 43, 2 [umol/kg], WS = 2
# name 17 = sal00: Salinity, Practical [PSU]
# name 18 = sal11: Salinity, Practical, 2 [PSU]
# name 19 = sigma-é00: Density [sigma-theta, kg/m^3]
# name 20 = sigma-é11: Density, 2 [sigma-theta, kg/m^3]
# name 21 = svCM: Sound Velocity [Chen-Millero, m/s]
# name 22 = svCM1: Sound Velocity, 2 [Chen-Millero, m/s]
# name 23 = nbin: number of scans per bin
# name 24 = flag: flag
# span 0 =      33623,      72890       
# span 1 =  69.077291,  69.096227       
# span 2 =      0.000,    537.000       
# span 3 =     -0.030,    533.344       
# span 4 =     7.3159,    28.7480       
# span 5 =     7.3089,    28.7483       
# span 6 =   3.549632,   5.775414       
# span 7 =   3.548680,   5.774946       
# span 8 =     1.0383,     2.7474       
# span 9 =     1.1731,     3.1855       
# span 10 =   -0.01507,    0.13191      
# span 11 =   -0.04197,    0.17420      
# span 12 =    68.4788,    90.0188      
# span 13 =     0.0419,     1.3433      
# span 14 =     0.0294,     0.3644      
# span 15 =     73.545,    207.006      
# span 16 =     71.535,    200.337      
# span 17 =    23.6562,    36.1182      
# span 18 =    22.9213,    36.1341      
# span 19 =    13.6822,    27.1059      
# span 20 =    13.1393,    27.1042      
# span 21 =    1488.27,    1543.66      
# span 22 =    1488.24,    1543.66      
# span 23 =         11,        126      
# span 24 = 0.0000e+00, 0.0000e+00      
# interval = decibars: 1                
# start_time = Mar 10 2022 01:27:57 [System UTC, first data scan.]
# bad_flag = -9.990e-29
*END*
[from data line 406]
      52131  69.086212    131.000    130.230    14.1433    14.1456   4.260719   4.260629     1.5389     1.7625   -0.00004   -0.00175    89.8227     0.0491     0.0313    121.353    117.587    35.4382    35.4352    26.4996    26.4968    1506.62    1506.63         24 0.0000e+00
      52161  69.086227    130.000    129.240    14.1443    14.1484   4.260767   4.260825     1.5404     1.7637    0.00039    0.00044    89.8379     0.0567     0.0294    121.516    117.682    35.4382    35.4350    26.4993    26.4959    1506.61    1506.62         39 0.0000e+00
      52202  69.086250    129.000    128.255    14.1440    14.1464   4.260735   4.260633     1.5415     1.7683    0.00169    0.00226    89.8380     0.0526     0.0294    121.627    118.110    35.4385    35.4354    26.4996    26.4967    1506.59    1506.59         32 0.0000e+00
      52224  69.086258    128.000    127.271    14.1514    14.1518   4.261469   4.261153     1.5428     1.7718    0.00119    0.00075    89.8368     0.0640     0.0312    121.738    118.410    35.4390    35.4357    26.4984    26.4958    1506.60    1506.60         17 0.0000e+00
      52240  69.086266    127.000    126.256    14.1518    14.1550   4.261500   4.261466     1.5440     1.7726    0.00062    0.00162    89.8389     0.0590     0.0321    121.865    118.471    35.4393    35.4361    26.4985    26.4953    1506.58    1506.59         16 0.0000e+00
      52256  69.086273    126.000    125.262    14.1549    14.1561   4.261796   4.261542     1.5453     1.7740    0.00056    0.00309    89.8478     0.0460     0.0325    121.993    118.583    35.4397    35.4362    26.4981    26.4952    1506.58    1506.58         17 0.0000e+00
      52275  69.086288    125.000    124.267    14.1564    14.1567   4.261927   4.261545     1.5462     1.7754    0.00112    0.00374    89.8489     0.0463     0.0352    122.084    118.704    35.4399    35.4361    26.4979    26.4950    1506.57    1506.56         22 0.0000e+00
      52304  69.086296    124.000    123.274    14.1545    14.1550   4.261661   4.261319     1.5468     1.7756    0.00169    0.00217    89.8405     0.0466     0.0337    122.136    118.706    35.4396    35.4360    26.4981    26.4951    1506.54    1506.54         36 0.0000e+00
      52336  69.086319    123.000    122.295    14.1546    14.1538   4.261638   4.261168     1.5474     1.7774    0.00135    0.00162    89.8379     0.0465     0.0328    122.190    118.871    35.4397    35.4361    26.4981    26.4954    1506.53    1506.52         25 0.0000e+00
      52357  69.086327    122.000    121.293    14.1597    14.1590   4.262177   4.261748     1.5483     1.7782    0.00058    0.00015    89.8410     0.0546     0.0309    122.267    118.920    35.4405    35.4371    26.4976    26.4951    1506.53    1506.52         19 0.0000e+00
      52376  69.086334    121.000    120.298    14.1634    14.1630   4.262554   4.262101     1.5495     1.7799    0.00020    0.00072    89.8385     0.0539     0.0318    122.392    119.054    35.4410    35.4372    26.4972    26.4943    1506.52    1506.52         19 0.0000e+00
      52397  69.086342    120.000    119.296    14.1640    14.1639   4.262566   4.262165     1.5500     1.7814    0.00055    0.00143    89.8479     0.0520     0.0330    122.425    119.174    35.4410    35.4374    26.4970    26.4942    1506.51    1506.50         24 0.0000e+00
      52426  69.086357    119.000    118.304    14.1628    14.1638   4.262397   4.262110     1.5503     1.7816    0.00120    0.00149    89.8191     0.0470     0.0311    122.456    119.180    35.4409    35.4373    26.4972    26.4942    1506.49    1506.49         36 0.0000e+00
      52465  69.086380    118.000    117.316    14.1613    14.1622   4.262179   4.261864     1.5505     1.7805    0.00071    0.00134    89.8274     0.0600     0.0305    122.464    119.064    35.4407    35.4369    26.4973    26.4942    1506.47    1506.47         38 0.0000e+00
      52500  69.086395    117.000    116.325    14.1640    14.1632   4.262447   4.261979     1.5516     1.7824   -0.00015   -0.00074    89.8416     0.0557     0.0304    122.573    119.230    35.4412    35.4375    26.4970    26.4944    1506.46    1506.45         31 0.0000e+00
      52527  69.086411    116.000    115.333    14.1678    14.1668   4.262839   4.262356     1.5523     1.7835    0.00034   -0.00038    89.8526     0.0535     0.0309    122.625    119.313    35.4417    35.4381    26.4966    26.4941    1506.46    1506.45         24 0.0000e+00
      52548  69.086418    115.000    114.344    14.1685    14.1679   4.262876   4.262423     1.5533     1.7839    0.00073    0.00126    89.8522     0.0465     0.0315    122.729    119.331    35.4418    35.4381    26.4965    26.4938    1506.44    1506.44         19 0.0000e+00
      52566  69.086426    114.000    113.338    14.1686    14.1682   4.262827   4.262397 -9.990e-29     1.7837    0.00079    0.00135    89.8522     0.0462     0.0318 -9.990e-29    119.292    35.4417    35.4381    26.4964    26.4936    1506.43    1506.42         17 0.0000e+00
      52583  69.086433    113.000    112.337    14.1687    14.1682   4.262794   4.262345 -9.990e-29     1.7824    0.00064    0.00098    89.8522     0.0482     0.0313 -9.990e-29    119.159    35.4418    35.4380    26.4964    26.4936    1506.41    1506.40         18 0.0000e+00
      52603  69.086441    112.000    111.346    14.1687    14.1680   4.262757   4.262286 -9.990e-29     1.7827    0.00091    0.00072    89.8489     0.0482     0.0308 -9.990e-29    119.171    35.4418    35.4380    26.4964    26.4936    1506.39    1506.39         21 0.0000e+00
      52630  69.086456    111.000    110.352    14.1682    14.1677   4.262665   4.262207 -9.990e-29     1.7842    0.00069   -0.00056    89.8466     0.0542     0.0312 -9.990e-29    119.301    35.4419    35.4380    26.4965    26.4936    1506.37    1506.37         37 0.0000e+00
      52670  69.086479    110.000    109.371    14.1680    14.1673   4.262605   4.262108     1.5547     1.7844    0.00019    0.00064    89.8410     0.0509     0.0324    122.816    119.305    35.4418    35.4379    26.4965    26.4936    1506.36    1506.35         35 0.0000e+00
      52697  69.086487    109.000    108.369    14.1684    14.1673   4.262601   4.262066     1.5558     1.7862    0.00005    0.00073    89.8502     0.0539     0.0326    122.919    119.458    35.4419    35.4379    26.4964    26.4936    1506.34    1506.33         22 0.0000e+00
      52722  69.086502    108.000    107.369    14.1684    14.1681   4.262567   4.262133     1.5566     1.7862    0.00023    0.00012    89.8521     0.0492     0.0326    122.998    119.445    35.4419    35.4382    26.4964    26.4936    1506.33    1506.32         32 0.0000e+00
      52780  69.086533    107.000    106.388    14.1678    14.1674   4.262467   4.262020     1.5561     1.7853    0.00086    0.00084    89.8522     0.0520     0.0306    122.930    119.345    35.4420    35.4382    26.4965    26.4937    1506.31    1506.30         59 0.0000e+00
      52809  69.086540    106.000    105.402    14.1687    14.1680   4.262510   4.262044     1.5560     1.7866   -0.00021   -0.00066    89.8337     0.0548     0.0315    122.896    119.453    35.4420    35.4383    26.4963    26.4936    1506.29    1506.29         19 0.0000e+00
      52825  69.086548    105.000    104.390    14.1695    14.1692   4.262547   4.262128     1.5562     1.7872   -0.00006   -0.00078    89.8521     0.0486     0.0309    122.900    119.495    35.4420    35.4384    26.4962    26.4934    1506.28    1506.27         15 0.0000e+00
      52841  69.086555    104.000    103.397    14.1698    14.1697   4.262551   4.262137     1.5567     1.7881   -0.00010    0.00058    89.8285     0.0487     0.0303    122.952    119.559    35.4422    35.4384    26.4962    26.4933    1506.26    1506.26         18 0.0000e+00
      52880  69.086578    103.000    102.403    14.1699    14.1698   4.262520   4.262106     1.5571     1.7869   -0.00003    0.00044    89.8376     0.0501     0.0302    122.980    119.435    35.4422    35.4385    26.4961    26.4933    1506.25    1506.24         49 0.0000e+00
      52943  69.086609    102.000    101.414    14.1697    14.1691   4.262455   4.261991     1.5579     1.7876    0.00019   -0.00031    89.8442     0.0636     0.0314    123.055    119.479    35.4422    35.4385    26.4961    26.4934    1506.23    1506.22         29 0.0000e+00
      52967  69.086617    101.000    100.414    14.1700    14.1718   4.262435   4.262311     1.5589     1.7909    0.00050   -0.00019    89.8305     0.0612     0.0321    123.161    119.779    35.4422    35.4394    26.4961    26.4935    1506.22    1506.22         24 0.0000e+00
      52997  69.086632    100.000     99.415    14.1737    14.1794   4.262825   4.263065     1.5600     1.7911    0.00032    0.00077    89.8377     0.0501     0.0338    123.258    119.759    35.4429    35.4399    26.4958    26.4922    1506.21    1506.23         39 0.0000e+00
      53246  69.086754     99.000     98.429    14.1937    14.1924   4.265049   4.264502     1.5607     1.7915    0.00066    0.00031    89.8193     0.0656     0.0350    123.239    119.747    35.4456    35.4416    26.4935    26.4908    1506.26    1506.25        114 0.0000e+00
      54571  69.087395     98.000     97.432    14.2261    14.2264   4.268701   4.268345     1.5609     1.7924   -0.00032    0.00049    89.8426     0.0677     0.0354    123.197    119.731    35.4501    35.4466    26.4901    26.4873    1506.36    1506.35         83 0.0000e+00
      54764  69.087486     97.000     96.444    14.2256    14.2263   4.268602   4.268270     1.5613     1.7925   -0.00022   -0.00052    89.8456     0.0783     0.0366    123.224    119.724    35.4501    35.4464    26.4902    26.4871    1506.34    1506.34         68 0.0000e+00
      54821  69.087517     96.000     95.454    14.2254    14.2245   4.268552   4.268075 -9.990e-29     1.7914    0.00040    0.00034    89.8566     0.0935     0.0381 -9.990e-29    119.616    35.4502    35.4466    26.4903    26.4877    1506.32    1506.31         39 0.0000e+00
      54849  69.087524     95.000     94.456    14.2328    14.2306   4.269326   4.268811     1.5608     1.7928   -0.00003   -0.00063    89.8399     0.0795     0.0404    123.121    119.714    35.4510    35.4482    26.4893    26.4876    1506.33    1506.32         25 0.0000e+00
      54874  69.087540     94.000     93.456    14.2481    14.2553   4.271118   4.271641     1.5594     1.7923   -0.00001   -0.00041    89.8377     0.0733     0.0406    122.902    119.584    35.4541    35.4523    26.4884    26.4855    1506.37    1506.39         26 0.0000e+00
      54921  69.087563     93.000     92.464    14.2546    14.2578   4.271804   4.271767     1.5568     1.7891   -0.00111   -0.00037    89.8378     0.0992     0.0427    122.563    119.259    35.4549    35.4515    26.4876    26.4843    1506.37    1506.38         76 0.0000e+00
      55009  69.087601     92.000     91.473    14.2501    14.2489   4.271204   4.270679     1.5577     1.7907    0.00010   -0.00003    89.8411     0.0989     0.0423    122.666    119.426    35.4539    35.4501    26.4877    26.4850    1506.34    1506.33         68 0.0000e+00
      55063  69.087631     91.000     90.479    14.2499    14.2546   4.271154   4.271356     1.5565     1.7900    0.00063    0.00069    89.8280     0.1290     0.0440    122.516    119.323    35.4540    35.4515    26.4878    26.4849    1506.32    1506.33         41 0.0000e+00
      55097  69.087646     90.000     89.486    14.2952    14.3039   4.276433   4.277472     1.5463     1.7812   -0.00027   -0.00058    89.8130     0.1426     0.0520    121.193    118.351    35.4618    35.4635    26.4842    26.4836    1506.46    1506.49         32 0.0000e+00
      55141  69.087669     89.000     88.487    14.3409    14.3849   4.281515   4.286316     1.5311     1.7618   -0.00523   -0.00485    89.7822     0.1725     0.0637    119.300    116.308    35.4674    35.4715    26.4786    26.4724    1506.60    1506.74         67 0.0000e+00
      55208  69.087700     88.000     87.499    14.3638    14.3672   4.284297   4.283899     1.5264     1.7540   -0.00722   -0.00949    89.8021     0.1837     0.0687    118.688    115.601    35.4725    35.4657    26.4777    26.4717    1506.66    1506.66         48 0.0000e+00
      55250  69.087723     87.000     86.504    14.4455    14.4202   4.293326   4.290387     1.5234     1.7458    0.00001   -0.00070    89.7712     0.1723     0.0697    118.116    114.677    35.4816    35.4777    26.4671    26.4695    1506.92    1506.83         42 0.0000e+00
      55287  69.087738     86.000     85.508    14.4881    14.4946   4.298190   4.299394     1.5029     1.7313   -0.00080   -0.00381    89.7186     0.1931     0.0742    115.632    113.121    35.4880    35.4931    26.4628    26.4654    1507.04    1507.07         33 0.0000e+00
      55325  69.087753     85.000     84.509    14.5408    14.5690   4.304087   4.306861     1.4677     1.6997   -0.00782   -0.00693    89.7001     0.2146     0.0825    111.425    109.970    35.4946    35.4944    26.4565    26.4502    1507.20    1507.29         50 0.0000e+00
      55454  69.087822     84.000     83.533    14.4986    14.5372   4.299518   4.303723     1.4618     1.7090    0.00127    0.01197    89.7523     0.2206     0.0760    110.839    110.897    35.4914    35.4949    26.4631    26.4575    1507.05    1507.17         27 0.0000e+00
      55474  69.087830     83.000     82.522    14.5963    14.5890   4.310446   4.309452     1.4514     1.6874    0.00377    0.01199    89.6893     0.2143     0.0828    109.390    108.741    35.5033    35.5008    26.4511    26.4508    1507.36    1507.33         23 0.0000e+00
      55502  69.087845     82.000     81.521    14.6784    14.6753   4.319733   4.318982     1.4307     1.6559    0.00075   -0.00074    89.6680     0.2403     0.0906    106.818    105.579    35.5141    35.5100    26.4416    26.4391    1507.61    1507.60         39 0.0000e+00
      56689  69.088417     81.000     80.533    14.9451    14.9546   4.349614   4.350161     1.3756     1.5717   -0.00252   -0.00457    89.5042     0.3376     0.1218     99.913     97.120    35.5451    35.5414    26.4071    26.4022    1508.48    1508.50         47 0.0000e+00
      58103  69.089096     80.000     79.541    15.0852    15.0890   4.364898   4.364979     1.3629     1.5544    0.00015   -0.00018    89.4173     0.4374     0.1403     98.177     95.229    35.5577    35.5550    26.3860    26.3830    1508.92    1508.93         76 0.0000e+00
      58435  69.089256     79.000     78.555    15.0899    15.0897   4.365383   4.364975     1.3644     1.5549   -0.00040   -0.00037    89.4170     0.3923     0.1430     98.309     95.267    35.5582    35.5547    26.3853    26.3826    1508.92    1508.91         31 0.0000e+00
      58450  69.089264     78.000     77.553    15.0920    15.0936   4.365572   4.365350     1.3675     1.5570    0.00023    0.00005    89.4028     0.3792     0.1431     98.647     95.437    35.5584    35.5550    26.3849    26.3819    1508.91    1508.91         27 0.0000e+00
      58482  69.089279     77.000     76.556    15.0947    15.0970   4.365805   4.365655     1.3712     1.5610    0.00107    0.00059    89.4016     0.3904     0.1439     99.054     95.788    35.5585    35.5551    26.3843    26.3812    1508.90    1508.90         38 0.0000e+00
      58522  69.089302     76.000     75.572    15.0963    15.0969   4.365931   4.365613     1.3737     1.5629    0.00289    0.00267    89.3984     0.4636     0.1428     99.324     95.960    35.5586    35.5552    26.3841    26.3813    1508.89    1508.89         39 0.0000e+00
      58558  69.089317     75.000     74.569    15.1018    15.0992   4.366483   4.365816     1.3755     1.5670    0.00224    0.00183    89.3809     0.4342     0.1439     99.505     96.320    35.5591    35.5553    26.3832    26.3808    1508.89    1508.88         36 0.0000e+00
