data-processing/CTD/data/cnv/ures017.cnv
* Sea-Bird SBE 9 Data File:
* FileName = C:\SEASOFT\PIRATA-FR32\data\fr32017.hex
* Software Version Seasave V 7.26.7.107
* Temperature SN = 6083
* Conductivity SN = 4509
* Number of Bytes Per Scan = 42
* Number of Voltage Words = 3
* Number of Scans Averaged by the Deck Unit = 1
* NMEA Latitude = 04 29.91 S
* NMEA Longitude = 010 00.04 W
* NMEA UTC (Time) = Mar 10 2022 05:28:45
** Cruise: PIRATA-FR32
** Ship: THALASSA
** Station: 017
** Bottom Depth: 3684
** Barometric pressure : 1005.9
** Temp Air: 27.7
** Operator: AMGE
** Comments:
# nquan = 25
# nvalues = 500                         
# units = specified
# name 0 = scan: Scan Count
# name 1 = timeJ: Julian Days
# name 2 = prDM: Pressure, Digiquartz [db]
# name 3 = depSM: Depth [salt water, m]
# name 4 = t090C: Temperature [ITS-90, deg C]
# name 5 = t190C: Temperature, 2 [ITS-90, deg C]
# name 6 = c0S/m: Conductivity [S/m]
# name 7 = c1S/m: Conductivity, 2 [S/m]
# name 8 = sbeox0V: Oxygen raw, SBE 43 [V]
# name 9 = sbeox1V: Oxygen raw, SBE 43, 2 [V]
# name 10 = sbox0dV/dT: Oxygen, SBE 43 [dov/dt]
# name 11 = sbox1dV/dT: Oxygen, SBE 43, 2 [dov/dt]
# name 12 = CStarTr0: Beam Transmission, WET Labs C-Star [%]
# name 13 = flECO-AFL: Fluorescence, WET Labs ECO-AFL/FL [mg/m^3]
# name 14 = flC: Fluorescence, Chelsea Aqua 3 Chl Con [ug/l]
# name 15 = sbox0Mm/Kg: Oxygen, SBE 43 [umol/kg], WS = 2
# name 16 = sbox1Mm/Kg: Oxygen, SBE 43, 2 [umol/kg], WS = 2
# name 17 = sal00: Salinity, Practical [PSU]
# name 18 = sal11: Salinity, Practical, 2 [PSU]
# name 19 = sigma-é00: Density [sigma-theta, kg/m^3]
# name 20 = sigma-é11: Density, 2 [sigma-theta, kg/m^3]
# name 21 = svCM: Sound Velocity [Chen-Millero, m/s]
# name 22 = svCM1: Sound Velocity, 2 [Chen-Millero, m/s]
# name 23 = nbin: number of scans per bin
# name 24 = flag: flag
# span 0 =      18646,      47369       
# span 1 =  69.237302,  69.251154       
# span 2 =      2.000,    501.000       
# span 3 =      1.985,    497.636       
# span 4 =     7.8146,    28.5973       
# span 5 =     7.8106,    28.5970       
# span 6 =   3.598376,   5.798379       
# span 7 =   3.597739,   5.797607       
# span 8 =     1.0011,     2.7271       
# span 9 =     1.1293,     3.1639       
# span 10 =   -0.01772,    0.06414      
# span 11 =   -0.01725,    0.06333      
# span 12 =    83.5286,    89.9949      
# span 13 =     0.0458,     1.1343      
# span 14 =     0.0316,     0.3321      
# span 15 =     67.036,    205.419      
# span 16 =     65.609,    199.656      
# span 17 =    34.6980,    36.0927      
# span 18 =    34.6951,    36.1268      
# span 19 =    22.7799,    27.0717      
# span 20 =    22.7766,    27.0700      
# span 21 =    1489.62,    1543.62      
# span 22 =    1489.62,    1543.61      
# span 23 =         15,        143      
# span 24 = 0.0000e+00, 0.0000e+00      
# interval = decibars: 1                
# start_time = Mar 10 2022 05:28:46 [System UTC, first data scan.]
# bad_flag = -9.990e-29
*END*
[from data line 174]
      25504  69.240608    327.000    324.927    10.5404    10.5517   3.874131   3.875018     1.0327     1.1689   -0.00090   -0.00130    89.8304     0.0630     0.0388     69.129     67.881    34.9918    34.9900    26.8585    26.8551    1497.14    1497.18         31 0.0000e+00
      25546  69.240631    326.000    323.944    10.5234    10.5237   3.872185   3.871819     1.0326     1.1670   -0.00133   -0.00152    89.8652     0.0598     0.0391     69.136     67.718    34.9890    34.9850    26.8593    26.8561    1497.06    1497.05         51 0.0000e+00
      25590  69.240654    325.000    322.953    10.5167    10.5165   3.871517   3.871097     1.0338     1.1678   -0.00036   -0.00148    89.8735     0.0570     0.0385     69.286     67.800    34.9892    34.9851    26.8606    26.8574    1497.02    1497.01         34 0.0000e+00
      25619  69.240662    324.000    321.962    10.5715    10.5817   3.877584   3.878675     1.0334     1.1683    0.00052   -0.00011    89.8657     0.0693     0.0386     69.146     67.738    34.9982    34.9994    26.8580    26.8571    1497.21    1497.24         26 0.0000e+00
      25644  69.240677    323.000    320.969    10.6538    10.6621   3.886083   3.887457     1.0317     1.1670    0.00070    0.00065    89.8667     0.0713     0.0395     68.780     67.466    35.0054    35.0113    26.8490    26.8521    1497.49    1497.53         23 0.0000e+00
      25665  69.240685    322.000    319.973    10.6964    10.7737   3.890661   3.899131     1.0298     1.1653    0.00039    0.00067    89.8569     0.0681     0.0403     68.459     67.103    35.0111    35.0222    26.8459    26.8407    1497.63    1497.92         20 0.0000e+00
      25684  69.240692    321.000    318.979    10.7579    10.8061   3.897325   3.902122     1.0289     1.1640   -0.00085    0.00001    89.8522     0.0616     0.0399     68.228     66.901    35.0197    35.0217    26.8416    26.8345    1497.84    1498.01         18 0.0000e+00
      25702  69.240707    320.000    317.982    10.8018    10.8264   3.901935   3.904450     1.0282     1.1626   -0.00157   -0.00106    89.8522     0.0541     0.0386     68.063     66.718    35.0244    35.0261    26.8373    26.8344    1497.98    1498.07         19 0.0000e+00
      25721  69.240715    319.000    316.989    10.8262    10.8503   3.904403   3.906867     1.0281     1.1618   -0.00198   -0.00184    89.8511     0.0605     0.0380     68.000     66.583    35.0262    35.0279    26.8344    26.8314    1498.06    1498.14         20 0.0000e+00
      25744  69.240723    318.000    315.997    10.8412    10.8661   3.905974   3.908417     1.0274     1.1608   -0.00145   -0.00182    89.8468     0.0592     0.0380     67.885     66.449    35.0282    35.0288    26.8332    26.8293    1498.09    1498.18         26 0.0000e+00
      25776  69.240738    317.000    315.005    10.8381    10.8372   3.905667   3.904921     1.0272     1.1600   -0.00055   -0.00131    89.8400     0.0660     0.0396     67.852     66.407    35.0285    35.0219    26.8340    26.8290    1498.07    1498.06         37 0.0000e+00
      25813  69.240761    316.000    314.014    10.8336    10.8054   3.905170   3.901775     1.0276     1.1600   -0.00045   -0.00093    89.8465     0.0750     0.0401     67.902     66.446    35.0282    35.0211    26.8346    26.8341    1498.04    1497.93         37 0.0000e+00
      25851  69.240776    315.000    313.019    10.8655    10.8620   3.908478   3.907939     1.0281     1.1607    0.00009   -0.00024    89.8425     0.0597     0.0401     67.905     66.420    35.0313    35.0293    26.8313    26.8303    1498.13    1498.12         41 0.0000e+00
      25890  69.240799    314.000    312.036    10.8818    10.8206   3.910043   3.903271     1.0288     1.1625    0.00044    0.00038    89.8449     0.0563     0.0397     67.965     66.669    35.0319    35.0225    26.8288    26.8324    1498.18    1497.95         32 0.0000e+00
      25915  69.240807    313.000    311.036    10.9382    10.9265   3.916297   3.914972     1.0308     1.1647    0.00013    0.00049    89.8447     0.0557     0.0396     68.113     66.720    35.0410    35.0389    26.8257    26.8262    1498.37    1498.32         22 0.0000e+00
      25937  69.240814    312.000    310.039    10.9676    10.9691   3.919252   3.919590     1.0339     1.1670    0.00032    0.00092    89.8421     0.0558     0.0390     68.468     66.885    35.0430    35.0449    26.8219    26.8231    1498.46    1498.46         21 0.0000e+00
      25959  69.240829    311.000    309.048    10.9761    11.0050   3.920144   3.922875     1.0383     1.1704    0.00103    0.00171    89.8297     0.0615     0.0387     69.010     67.173    35.0442    35.0439    26.8213    26.8159    1498.47    1498.57         23 0.0000e+00
      25986  69.240845    310.000    308.050    11.0007    11.0348   3.922740   3.926145     1.0441     1.1733    0.00264    0.00226    89.8343     0.0632     0.0386     69.695     67.427    35.0471    35.0485    26.8191    26.8141    1498.55    1498.67         32 0.0000e+00
      26020  69.240860    309.000    307.068    11.0095    11.0352   3.923592   3.926222     1.0490     1.1778    0.00472    0.00335    89.8197     0.0565     0.0393     70.302     67.880    35.0476    35.0494    26.8179    26.8146    1498.56    1498.65         32 0.0000e+00
      26049  69.240875    308.000    306.068    11.0571    11.0399   3.928703   3.926271     1.0513     1.1837    0.00492    0.00259    89.8028     0.0598     0.0374     70.513     68.485    35.0537    35.0458    26.8140    26.8110    1498.72    1498.65         29 0.0000e+00
      26084  69.240891    307.000    305.076    11.0672    11.0542   3.929511   3.927962     1.0538     1.1903    0.00295    0.00375    89.8254     0.0680     0.0381     70.812     69.145    35.0526    35.0495    26.8113    26.8112    1498.73    1498.69         50 0.0000e+00
      26164  69.240929    306.000    304.085    10.9709    10.9830   3.919335   3.920031     1.0508     1.1872    0.00107    0.00285    89.8284     0.0534     0.0380     70.573     68.930    35.0433    35.0387    26.8214    26.8156    1498.37    1498.41         77 0.0000e+00
      26212  69.240952    305.000    303.089    11.0381    11.0506   3.926367   3.927507     1.0526     1.1879   -0.00271   -0.00274    89.8295     0.0593     0.0381     70.684     68.883    35.0498    35.0494    26.8144    26.8117    1498.60    1498.64         47 0.0000e+00
      26265  69.240974    304.000    302.105    11.0554    11.0694   3.928169   3.929063     1.0584     1.1936    0.00187    0.00123    89.8056     0.0616     0.0374     71.391     69.442    35.0518    35.0474    26.8127    26.8068    1498.64    1498.69         45 0.0000e+00
      26294  69.240990    303.000    301.117    11.0998    11.1324   3.932984   3.936450     1.0630     1.1987    0.00340    0.00210    89.7965     0.0554     0.0371     71.899     69.850    35.0579    35.0614    26.8094    26.8062    1498.79    1498.91         21 0.0000e+00
      26311  69.240997    302.000    300.109    11.1291    11.1516   3.936093   3.938324     1.0667     1.2028    0.00249    0.00305    89.8341     0.0573     0.0384     72.316     70.238    35.0614    35.0622    26.8067    26.8032    1498.88    1498.96         16 0.0000e+00
      26329  69.241005    301.000    299.112    11.1629    11.1810   3.939532   3.941281     1.0693     1.2064    0.00232    0.00310    89.8285     0.0696     0.0387     72.579     70.561    35.0639    35.0641    26.8025    26.7994    1498.98    1499.05         19 0.0000e+00
      26354  69.241020    300.000    298.111    11.1697    11.1896   3.940223   3.941941     1.0708     1.2087    0.00409    0.00439    89.8265     0.0710     0.0384     72.752     70.779    35.0648    35.0628    26.8019    26.7968    1498.99    1499.06         35 0.0000e+00
      27808  69.241722    299.000    297.132    11.2196    11.2269   3.945708   3.946204     1.0670     1.2086   -0.00031    0.00037    89.8380     0.0532     0.0380     72.163     70.697    35.0722    35.0702    26.7985    26.7957    1499.16    1499.18         37 0.0000e+00
      27771  69.241699    298.000    296.139    11.2377    11.2483   3.947592   3.948499     1.0621     1.2047   -0.00079   -0.00102    89.8299     0.0637     0.0382     71.499     70.250    35.0742    35.0731    26.7968    26.7940    1499.21    1499.24         36 0.0000e+00
      27810  69.241722    297.000    295.149    11.2456    11.2593   3.948581   3.949744     1.0569     1.2001   -0.00279   -0.00186    89.8291     0.0600     0.0386     70.825     69.740    35.0769    35.0754    26.7974    26.7938    1499.22    1499.27         37 0.0000e+00
      27840  69.241737    296.000    294.164    11.2649    11.2996   3.950568   3.954328     1.0527     1.1958   -0.00354   -0.00304    89.8284     0.0524     0.0391     70.251     69.219    35.0787    35.0830    26.7953    26.7922    1499.27    1499.40         25 0.0000e+00
      27862  69.241745    295.000    293.155    11.2996    11.3681   3.954567   3.962159     1.0496     1.1932   -0.00317   -0.00280    89.8284     0.0556     0.0394     69.783     68.825    35.0859    35.0959    26.7944    26.7896    1499.39    1499.64         22 0.0000e+00
      27886  69.241760    294.000    292.160    11.3978    11.4392   3.965156   3.969521     1.0479     1.1898   -0.00315   -0.00324    89.8284     0.0560     0.0393     69.402     68.360    35.0978    35.1017    26.7856    26.7810    1499.73    1499.87         27 0.0000e+00
      27923  69.241776    293.000    291.174    11.4307    11.4727   3.968418   3.972456     1.0475     1.1859   -0.00303   -0.00310    89.8284     0.0577     0.0379     69.290     67.894    35.0993    35.0994    26.7807    26.7729    1499.83    1499.97         45 0.0000e+00
      27962  69.241791    292.000    290.188    11.3842    11.4357   3.963404   3.969203     1.0472     1.1845   -0.00086   -0.00329    89.8284     0.0716     0.0371     69.320     67.802    35.0943    35.1028    26.7854    26.7824    1499.64    1499.83         30 0.0000e+00
      27990  69.241806    291.000    289.186    11.4716    11.4677   3.973001   3.972109     1.0480     1.1848   -0.00011   -0.00188    89.8284     0.0669     0.0380     69.275     67.771    35.1067    35.1016    26.7788    26.7755    1499.94    1499.92         29 0.0000e+00
      28019  69.241821    290.000    288.192    11.5105    11.5478   3.977093   3.980756     1.0504     1.1858   -0.00012   -0.00054    89.8183     0.0605     0.0382     69.510     67.740    35.1107    35.1114    26.7746    26.7682    1500.07    1500.20         30 0.0000e+00
      28049  69.241837    289.000    287.207    11.5394    11.5564   3.980084   3.981457     1.0533     1.1876    0.00073    0.00023    89.8121     0.0585     0.0371     69.820     67.900    35.1133    35.1107    26.7712    26.7661    1500.15    1500.21         28 0.0000e+00
      28075  69.241852    288.000    286.208    11.5363    11.5605   3.979575   3.981908     1.0570     1.1905    0.00194    0.00072    89.8123     0.0557     0.0373     70.280     68.188    35.1116    35.1117    26.7705    26.7660    1500.12    1500.21         25 0.0000e+00
      28101  69.241859    287.000    285.216    11.5576    11.5688   3.981869   3.982630     1.0631     1.1935    0.00234    0.00130    89.8160     0.0562     0.0378     71.011     68.470    35.1144    35.1113    26.7687    26.7642    1500.18    1500.22         25 0.0000e+00
      28125  69.241875    286.000    284.223    11.5642    11.5713   3.982393   3.982842     1.0699     1.1987    0.00277    0.00225    89.8287     0.0638     0.0391     71.841     68.994    35.1138    35.1115    26.7669    26.7638    1500.19    1500.21         24 0.0000e+00
      28149  69.241882    285.000    283.226    11.5706    11.5765   3.983033   3.983240     1.0780     1.2059    0.00490    0.00282    89.8284     0.0680     0.0395     72.852     69.716    35.1144    35.1109    26.7662    26.7624    1500.20    1500.21         25 0.0000e+00
      28175  69.241898    284.000    282.237    11.5717    11.5777   3.983068   3.983285     1.0861     1.2144    0.00635    0.00417    89.8284     0.0551     0.0379     73.861     70.584    35.1142    35.1107    26.7658    26.7620    1500.18    1500.20         27 0.0000e+00
      28203  69.241913    283.000    281.241    11.5752    11.5817   3.983365   3.983619     1.0942     1.2231    0.00755    0.00653    89.8247     0.0470     0.0370     74.866     71.468    35.1143    35.1106    26.7652    26.7611    1500.18    1500.20         29 0.0000e+00
      28235  69.241928    282.000    280.248    11.5785    11.5826   3.983635   3.983636     1.1006     1.2321    0.00761    0.00776    89.8362     0.0584     0.0376     75.654     72.381    35.1143    35.1104    26.7645    26.7608    1500.17    1500.18         38 0.0000e+00
      28279  69.241951    281.000    279.258    11.5785    11.5791   3.983563   3.983188     1.1035     1.2410    0.00573    0.00706    89.8076     0.0604     0.0351     76.013     73.287    35.1140    35.1097    26.7643    26.7609    1500.16    1500.15         46 0.0000e+00
      28317  69.241966    280.000    278.271    11.5782    11.5836   3.983507   3.983634     1.1064     1.2446    0.00262    0.00564    89.8376     0.0553     0.0364     76.376     73.646    35.1141    35.1103    26.7645    26.7605    1500.14    1500.15         30 0.0000e+00
      28343  69.241982    279.000    277.272    11.5851    11.5883   3.984090   3.984167     1.1139     1.2510    0.00045    0.00387    89.8285     0.0632     0.0361     77.291     74.282    35.1138    35.1115    26.7629    26.7605    1500.15    1500.15         23 0.0000e+00
      28365  69.241989    278.000    276.277    11.5982    11.6247   3.985301   3.987978     1.1285     1.2615    0.00121    0.00230    89.8499     0.0576     0.0353     79.105     75.292    35.1138    35.1150    26.7604    26.7564    1500.17    1500.27         21 0.0000e+00
      28387  69.241997    277.000    275.287    11.6269    11.6454   3.988358   3.990055     1.1440     1.2770    0.00424    0.00317    89.8435     0.0517     0.0341     80.986     76.831    35.1171    35.1163    26.7576    26.7535    1500.26    1500.32         22 0.0000e+00
      28408  69.242012    276.000    274.291    11.6440    11.6711   3.990049   3.992724     1.1561     1.2941    0.00933    0.00753    89.8087     0.0530     0.0336     82.478     78.526    35.1180    35.1187    26.7551    26.7505    1500.30    1500.40         21 0.0000e+00
      28430  69.242020    275.000    273.294    11.6529    11.6856   3.991087   3.994257     1.1630     1.3062    0.01594    0.01253    89.8356     0.0592     0.0343     83.316     79.738    35.1203    35.1205    26.7552    26.7492    1500.32    1500.43         23 0.0000e+00
      28456  69.242035    274.000    272.301    11.6766    11.7011   3.993578   3.995916     1.1672     1.3154    0.01546    0.01762    89.8409     0.0478     0.0353     83.791     80.636    35.1228    35.1226    26.7526    26.7478    1500.39    1500.47         32 0.0000e+00
      28496  69.242050    273.000    271.313    11.6567    11.6687   3.991375   3.992198     1.1681     1.3218    0.00727    0.01286    89.8058     0.0529     0.0356     83.928     81.348    35.1203    35.1171    26.7544    26.7496    1500.30    1500.34         43 0.0000e+00
      28532  69.242073    272.000    270.325    11.6801    11.6925   3.994024   3.994879     1.1694     1.3249    0.00216    0.00594    89.8247     0.0552     0.0358     84.037     81.602    35.1247    35.1214    26.7534    26.7485    1500.37    1500.41         29 0.0000e+00
      28558  69.242081    271.000    269.323    11.7307    11.7201   3.999300   3.998273     1.1745     1.3306   -0.00033    0.00279    89.8417     0.0473     0.0342     84.561     82.122    35.1291    35.1290    26.7473    26.7492    1500.53    1500.50         25 0.0000e+00
