data-processing/CTD/data/cnv/ures017.cnv
* Sea-Bird SBE 9 Data File:
* FileName = C:\SEASOFT\PIRATA-FR32\data\fr32017.hex
* Software Version Seasave V 7.26.7.107
* Temperature SN = 6083
* Conductivity SN = 4509
* Number of Bytes Per Scan = 42
* Number of Voltage Words = 3
* Number of Scans Averaged by the Deck Unit = 1
* NMEA Latitude = 04 29.91 S
* NMEA Longitude = 010 00.04 W
* NMEA UTC (Time) = Mar 10 2022 05:28:45
** Cruise: PIRATA-FR32
** Ship: THALASSA
** Station: 017
** Bottom Depth: 3684
** Barometric pressure : 1005.9
** Temp Air: 27.7
** Operator: AMGE
** Comments:
# nquan = 25
# nvalues = 500                         
# units = specified
# name 0 = scan: Scan Count
# name 1 = timeJ: Julian Days
# name 2 = prDM: Pressure, Digiquartz [db]
# name 3 = depSM: Depth [salt water, m]
# name 4 = t090C: Temperature [ITS-90, deg C]
# name 5 = t190C: Temperature, 2 [ITS-90, deg C]
# name 6 = c0S/m: Conductivity [S/m]
# name 7 = c1S/m: Conductivity, 2 [S/m]
# name 8 = sbeox0V: Oxygen raw, SBE 43 [V]
# name 9 = sbeox1V: Oxygen raw, SBE 43, 2 [V]
# name 10 = sbox0dV/dT: Oxygen, SBE 43 [dov/dt]
# name 11 = sbox1dV/dT: Oxygen, SBE 43, 2 [dov/dt]
# name 12 = CStarTr0: Beam Transmission, WET Labs C-Star [%]
# name 13 = flECO-AFL: Fluorescence, WET Labs ECO-AFL/FL [mg/m^3]
# name 14 = flC: Fluorescence, Chelsea Aqua 3 Chl Con [ug/l]
# name 15 = sbox0Mm/Kg: Oxygen, SBE 43 [umol/kg], WS = 2
# name 16 = sbox1Mm/Kg: Oxygen, SBE 43, 2 [umol/kg], WS = 2
# name 17 = sal00: Salinity, Practical [PSU]
# name 18 = sal11: Salinity, Practical, 2 [PSU]
# name 19 = sigma-é00: Density [sigma-theta, kg/m^3]
# name 20 = sigma-é11: Density, 2 [sigma-theta, kg/m^3]
# name 21 = svCM: Sound Velocity [Chen-Millero, m/s]
# name 22 = svCM1: Sound Velocity, 2 [Chen-Millero, m/s]
# name 23 = nbin: number of scans per bin
# name 24 = flag: flag
# span 0 =      18646,      47369       
# span 1 =  69.237302,  69.251154       
# span 2 =      2.000,    501.000       
# span 3 =      1.985,    497.636       
# span 4 =     7.8146,    28.5973       
# span 5 =     7.8106,    28.5970       
# span 6 =   3.598376,   5.798379       
# span 7 =   3.597739,   5.797607       
# span 8 =     1.0011,     2.7271       
# span 9 =     1.1293,     3.1639       
# span 10 =   -0.01772,    0.06414      
# span 11 =   -0.01725,    0.06333      
# span 12 =    83.5286,    89.9949      
# span 13 =     0.0458,     1.1343      
# span 14 =     0.0316,     0.3321      
# span 15 =     67.036,    205.419      
# span 16 =     65.609,    199.656      
# span 17 =    34.6980,    36.0927      
# span 18 =    34.6951,    36.1268      
# span 19 =    22.7799,    27.0717      
# span 20 =    22.7766,    27.0700      
# span 21 =    1489.62,    1543.62      
# span 22 =    1489.62,    1543.61      
# span 23 =         15,        143      
# span 24 = 0.0000e+00, 0.0000e+00      
# interval = decibars: 1                
# start_time = Mar 10 2022 05:28:46 [System UTC, first data scan.]
# bad_flag = -9.990e-29
*END*
[from data line 232]
      28615  69.242111    269.000    267.337    11.7900    11.8380   4.005704   4.010654     1.1897     1.3456    0.00429    0.00489    89.8263     0.0511     0.0323     86.328     83.412    35.1368    35.1400    26.7421    26.7355    1500.71    1500.88         31 0.0000e+00
      28645  69.242126    268.000    266.349    11.8446    11.8813   4.011586   4.015437     1.1949     1.3525    0.00684    0.00668    89.8328     0.0595     0.0319     86.870     84.027    35.1433    35.1463    26.7367    26.7321    1500.89    1501.02         28 0.0000e+00
      28672  69.242134    267.000    265.354    11.8727    11.8928   4.014698   4.016785     1.1984     1.3585    0.00597    0.00602    89.8477     0.0605     0.0316     87.241     84.603    35.1477    35.1492    26.7348    26.7322    1500.98    1501.05         26 0.0000e+00
      28697  69.242149    266.000    264.358    11.8984    11.9551   4.017445   4.023504     1.2011     1.3629    0.00434    0.00557    89.8371     0.0562     0.0324     87.515     84.917    35.1508    35.1565    26.7323    26.7259    1501.05    1501.25         25 0.0000e+00
      28723  69.242165    265.000    263.365    11.9552    11.9857   4.023552   4.026588     1.2028     1.3668    0.00349    0.00532    89.8285     0.0527     0.0334     87.606     85.238    35.1573    35.1582    26.7265    26.7214    1501.24    1501.34         28 0.0000e+00
      28756  69.242180    264.000    262.372    11.9591    11.9901   4.023900   4.026960     1.2041     1.3696    0.00252    0.00435    89.8284     0.0475     0.0343     87.745     85.513    35.1574    35.1582    26.7259    26.7205    1501.23    1501.34         37 0.0000e+00
      28791  69.242195    263.000    261.382    11.9644    12.0058   4.024623   4.028897     1.2045     1.3724    0.00128    0.00296    89.8284     0.0558     0.0334     87.766     85.750    35.1599    35.1627    26.7268    26.7210    1501.24    1501.38         33 0.0000e+00
      28821  69.242210    262.000    260.391    11.9876    11.9988   4.026937   4.027756     1.2055     1.3737    0.00088    0.00210    89.8284     0.0565     0.0340     87.842     85.887    35.1611    35.1586    26.7233    26.7191    1501.30    1501.34         26 0.0000e+00
      28845  69.242218    261.000    259.394    12.0187    12.0557   4.030405   4.034392     1.2057     1.3741    0.00020    0.00195    89.8284     0.0545     0.0351     87.786     85.798    35.1661    35.1702    26.7211    26.7172    1501.40    1501.53         23 0.0000e+00
      28868  69.242233    260.000    258.400    12.0494    12.0857   4.033619   4.037423     1.2061     1.3748    0.00047    0.00125    89.8284     0.0487     0.0359     87.768     85.806    35.1689    35.1718    26.7175    26.7127    1501.49    1501.62         23 0.0000e+00
      28892  69.242241    259.000    257.407    12.0739    12.1075   4.036268   4.039752     1.2062     1.3742    0.00065    0.00068    89.8284     0.0559     0.0356     87.727     85.693    35.1722    35.1744    26.7152    26.7105    1501.56    1501.68         25 0.0000e+00
      28916  69.242256    258.000    256.418    12.0900    12.1160   4.038064   4.040498     1.2064     1.3744    0.00024    0.00042    89.8274     0.0474     0.0348     87.697     85.688    35.1749    35.1741    26.7142    26.7087    1501.60    1501.69         23 0.0000e+00
      28940  69.242264    257.000    255.416    12.1125    12.1300   4.040404   4.042102     1.2067     1.3751    0.00034    0.00024    89.8181     0.0585     0.0358     87.683     85.721    35.1769    35.1771    26.7115    26.7082    1501.66    1501.72         25 0.0000e+00
      28967  69.242279    256.000    254.423    12.1230    12.1388   4.041635   4.043054 -9.990e-29     1.3751    0.00013   -0.00015    89.8174     0.0526     0.0352 -9.990e-29     85.686    35.1794    35.1784    26.7114    26.7075    1501.69    1501.74         30 0.0000e+00
      29006  69.242294    255.000    253.434    12.1073    12.1233   4.039816   4.040963 -9.990e-29     1.3739    0.00015    0.00033    89.8214     0.0521     0.0340 -9.990e-29     85.584    35.1770    35.1731    26.7124    26.7064    1501.61    1501.66         48 0.0000e+00
      29052  69.242317    254.000    252.444    12.1100    12.1081   4.040131   4.039649     1.2074     1.3721    0.00005   -0.00042    89.8196     0.0488     0.0352     87.724     85.421    35.1780    35.1750    26.7127    26.7108    1501.61    1501.60         38 0.0000e+00
      29085  69.242340    253.000    251.451    12.1504    12.1497   4.044501   4.044134     1.2076     1.3734    0.00020   -0.00138    89.8248     0.0551     0.0363     87.672     85.463    35.1829    35.1800    26.7087    26.7066    1501.73    1501.73         31 0.0000e+00
      29113  69.242348    252.000    250.456    12.1699    12.1919   4.046576   4.048822     1.2067     1.3743    0.00031   -0.00044    89.8007     0.0614     0.0345     87.514     85.458    35.1852    35.1863    26.7067    26.7033    1501.79    1501.86         26 0.0000e+00
      29137  69.242363    251.000    249.467    12.1821    12.2204   4.047773   4.051640     1.2051     1.3742    0.00021    0.00069    89.8025     0.0669     0.0353     87.283     85.382    35.1857    35.1873    26.7048    26.6986    1501.81    1501.94         22 0.0000e+00
      29158  69.242371    250.000    248.469    12.2114    12.2390   4.051066   4.053817     1.2037     1.3726   -0.00017    0.00115    89.7963     0.0473     0.0359     87.034     85.173    35.1906    35.1914    26.7029    26.6982    1501.90    1502.00         20 0.0000e+00
      29178  69.242378    249.000    247.472    12.2381    12.2549   4.053837   4.055370     1.2032     1.3714   -0.00108    0.00050    89.7775     0.0546     0.0337     86.912     85.018    35.1928    35.1920    26.6994    26.6955    1501.98    1502.03         21 0.0000e+00
      29200  69.242393    248.000    246.480    12.2485    12.2656   4.054937   4.056530     1.2032     1.3712   -0.00159   -0.00043    89.7932     0.0575     0.0334     86.880     84.968    35.1942    35.1936    26.6984    26.6947    1502.00    1502.06         23 0.0000e+00
      29224  69.242401    247.000    245.487    12.2598    12.2792   4.056118   4.057882     1.2034     1.3710   -0.00137   -0.00153    89.8127     0.0519     0.0338     86.873     84.908    35.1955    35.1944    26.6973    26.6926    1502.02    1502.09         24 0.0000e+00
      29249  69.242416    246.000    244.490    12.2721    12.2951   4.057396   4.059652     1.2043     1.3716   -0.00032   -0.00091    89.8048     0.0472     0.0329     86.956     84.921    35.1968    35.1970    26.6958    26.6916    1502.05    1502.13         29 0.0000e+00
      29285  69.242432    245.000    243.500    12.2702    12.2878   4.057180   4.058439     1.2045     1.3705    0.00038   -0.00000    89.8068     0.0482     0.0324     86.963     84.822    35.1969    35.1926    26.6963    26.6895    1502.03    1502.08         43 0.0000e+00
      29326  69.242455    244.000    242.512    12.2681    12.2866   4.057072   4.058806     1.2053     1.3705    0.00037   -0.00009    89.8046     0.0591     0.0342     87.055     84.811    35.1982    35.1977    26.6977    26.6936    1502.00    1502.07         35 0.0000e+00
      29356  69.242470    243.000    241.517    12.3128    12.3204   4.061799   4.062306     1.2072     1.3733    0.00008   -0.00089    89.8047     0.0592     0.0358     87.198     85.014    35.2025    35.2003    26.6923    26.6891    1502.14    1502.17         27 0.0000e+00
      29383  69.242477    242.000    240.519    12.3502    12.3773   4.065901   4.068769     1.2099     1.3760    0.00066    0.00037    89.8047     0.0561     0.0347     87.447     85.169    35.2076    35.2099    26.6890    26.6855    1502.26    1502.35         28 0.0000e+00
      29411  69.242493    241.000    239.530    12.3927    12.4182   4.070562   4.073098     1.2128     1.3789    0.00148    0.00212    89.8047     0.0550     0.0348     87.713     85.369    35.2133    35.2139    26.6851    26.6805    1502.39    1502.48         28 0.0000e+00
      29442  69.242508    240.000    238.532    12.4032    12.4253   4.071647   4.073746     1.2149     1.3808    0.00235    0.00242    89.8047     0.0491     0.0342     87.937     85.537    35.2143    35.2139    26.6838    26.6791    1502.41    1502.49         34 0.0000e+00
      29477  69.242523    239.000    237.544    12.4182    12.4398   4.073251   4.075372     1.2167     1.3830    0.00227    0.00219    89.8047     0.0467     0.0337     88.110     85.714    35.2162    35.2164    26.6823    26.6782    1502.45    1502.52         36 0.0000e+00
      29510  69.242538    238.000    236.555    12.4320    12.4499   4.074785   4.076496     1.2179     1.3842    0.00141    0.00134    89.8047     0.0540     0.0353     88.228     85.803    35.2185    35.2182    26.6814    26.6777    1502.48    1502.54         27 0.0000e+00
      29533  69.242554    237.000    235.559    12.4531    12.4753   4.077131   4.079641     1.2191     1.3856    0.00112    0.00148    89.8047     0.0596     0.0353     88.324     85.878    35.2219    35.2253    26.6798    26.6781    1502.54    1502.62         20 0.0000e+00
      29551  69.242561    236.000    234.568    12.4855    12.5155   4.080900   4.084032     1.2205     1.3877    0.00091    0.00125    89.8047     0.0483     0.0353     88.420     86.000    35.2283    35.2304    26.6785    26.6742    1502.64    1502.75         18 0.0000e+00
      29569  69.242569    235.000    233.562    12.5239    12.5541   4.084994   4.088203     1.2217     1.3889    0.00104    0.00084    89.8047     0.0553     0.0345     88.468     86.039    35.2322    35.2349    26.6739    26.6701    1502.76    1502.86         18 0.0000e+00
      29590  69.242577    234.000    232.568    12.5334    12.5858   4.085885   4.091474     1.2229     1.3901    0.00131    0.00136    89.8047     0.0528     0.0346     88.596     86.089    35.2324    35.2372    26.6722    26.6656    1502.77    1502.96         23 0.0000e+00
      29615  69.242592    233.000    231.582    12.5743    12.6047   4.090537   4.093410     1.2240     1.3921    0.00157    0.00229    89.8047     0.0563     0.0349     88.628     86.236    35.2394    35.2385    26.6695    26.6629    1502.90    1503.01         27 0.0000e+00
      29643  69.242607    232.000    230.584    12.5910    12.5924   4.092155   4.091865     1.2243     1.3940    0.00150    0.00147    89.8047     0.0675     0.0351     88.627     86.449    35.2397    35.2357    26.6665    26.6631    1502.94    1502.94         30 0.0000e+00
      29685  69.242622    231.000    229.593    12.5529    12.5609   4.087851   4.088007 -9.990e-29     1.3936    0.00067    0.00173    89.8010     0.0560     0.0349 -9.990e-29     86.461    35.2344    35.2284    26.6698    26.6636    1502.79    1502.81         58 0.0000e+00
      29739  69.242653    230.000    228.607    12.5135    12.5024   4.083538   4.082365     1.2240     1.3946   -0.00013   -0.00057    89.8002     0.0532     0.0358     88.613     86.652    35.2301    35.2292    26.6742    26.6757    1502.64    1502.60         38 0.0000e+00
      29769  69.242668    229.000    227.609    12.6176    12.6164   4.095018   4.094735     1.2247     1.3954   -0.00020    0.00035    89.8047     0.0467     0.0354     88.585     86.504    35.2437    35.2421    26.6643    26.6633    1502.99    1502.98         29 0.0000e+00
      29797  69.242676    228.000    226.617    12.6690    12.6738   4.100467   4.100889     1.2251     1.3964    0.00007    0.00068    89.8037     0.0556     0.0341     88.522     86.485    35.2484    35.2480    26.6577    26.6565    1503.15    1503.17         26 0.0000e+00
      29821  69.242691    227.000    225.625    12.6726    12.6930   4.100861   4.102862     1.2245     1.3960    0.00049    0.00058    89.8047     0.0610     0.0356     88.438     86.390    35.2493    35.2495    26.6577    26.6538    1503.15    1503.22         22 0.0000e+00
      29842  69.242699    226.000    224.631    12.6916    12.7143   4.102947   4.105171     1.2238     1.3958    0.00070    0.00119    89.8047     0.0544     0.0358     88.307     86.326    35.2521    35.2522    26.6561    26.6516    1503.20    1503.27         21 0.0000e+00
      29861  69.242714    225.000    223.637    12.7068    12.7209   4.104550   4.105760     1.2224     1.3958    0.00015    0.00037    89.8047     0.0481     0.0356     88.084     86.303    35.2537    35.2521    26.6543    26.6503    1503.23    1503.28         18 0.0000e+00
      29879  69.242722    224.000    222.646    12.7158    12.7262   4.105502   4.106307     1.2213     1.3961   -0.00048   -0.00042    89.8047     0.0524     0.0342     87.926     86.307    35.2548    35.2528    26.6533    26.6497    1503.25    1503.28         16 0.0000e+00
      29895  69.242729    223.000    221.641    12.7233    12.7331   4.106257   4.107057     1.2197     1.3947   -0.00082   -0.00037    89.8081     0.0558     0.0341     87.699     86.140    35.2555    35.2540    26.6523    26.6492    1503.26    1503.29         17 0.0000e+00
      29914  69.242737    222.000    220.646    12.7308    12.7382   4.107063   4.107543     1.2182     1.3925   -0.00120    0.00002    89.8058     0.0558     0.0355     87.495     85.909    35.2567    35.2544    26.6518    26.6485    1503.27    1503.29         22 0.0000e+00
      29954  69.242752    221.000    219.656    12.7193    12.7268   4.105709   4.106127     1.2176     1.3898   -0.00183   -0.00129    89.8096     0.0540     0.0354     87.432     85.652    35.2548    35.2518    26.6526    26.6487    1503.21    1503.23         69 0.0000e+00
      30019  69.242783    220.000    218.678    12.7033    12.7055   4.103896   4.103840     1.2203     1.3912    0.00010   -0.00170    89.8208     0.0522     0.0343     87.789     85.817    35.2528    35.2502    26.6541    26.6517    1503.14    1503.14         39 0.0000e+00
      30045  69.242798    219.000    217.678    12.7114    12.7321   4.104766   4.106956     1.2198     1.3925    0.00122    0.00061    89.8150     0.0483     0.0337     87.700     85.887    35.2540    35.2556    26.6535    26.6506    1503.15    1503.22         23 0.0000e+00
      30067  69.242813    218.000    216.682    12.7377    12.7923   4.107949   4.114061     1.2176     1.3923    0.00147    0.00159    89.8142     0.0609     0.0338     87.359     85.732    35.2604    35.2681    26.6532    26.6483    1503.23    1503.42         20 0.0000e+00
      30086  69.242821    217.000    215.686    12.7840    12.8505   4.112905   4.119798     1.2151     1.3905    0.00060    0.00093    89.8134     0.0545     0.0341     86.960     85.434    35.2651    35.2691    26.6476    26.6375    1503.37    1503.60         19 0.0000e+00
      30106  69.242828    216.000    214.691    12.8347    12.8746   4.118426   4.122823     1.2132     1.3865   -0.00069    0.00093    89.8165     0.0492     0.0353     86.620     84.986    35.2711    35.2760    26.6421    26.6379    1503.53    1503.67         22 0.0000e+00
      30133  69.242844    215.000    213.697    12.8593    12.9171   4.120907   4.127255     1.2119     1.3824   -0.00251   -0.00078    89.8230     0.0503     0.0351     86.410     84.484    35.2724    35.2792    26.6382    26.6319    1503.60    1503.80         32 0.0000e+00
      30174  69.242859    214.000    212.706    12.8097    12.8413   4.115434   4.118325     1.2122     1.3785   -0.00195   -0.00387    89.8275     0.0560     0.0363     86.527     84.237    35.2667    35.2649    26.6436    26.6359    1503.41    1503.52         50 0.0000e+00
      30217  69.242882    213.000    211.719    12.8178    12.8244   4.116776   4.117092     1.2143     1.3813   -0.00013   -0.00316    89.8033     0.0519     0.0341     86.748     84.531    35.2724    35.2693    26.6464    26.6426    1503.43    1503.45         30 0.0000e+00
