data-processing/CTD/data/cnv/ures015.cnv
* Sea-Bird SBE 9 Data File:
* FileName = C:\SEASOFT\PIRATA-FR32\data\fr32015.hex
* Software Version Seasave V 7.26.7.107
* Temperature SN = 6083
* Conductivity SN = 4509
* Number of Bytes Per Scan = 42
* Number of Voltage Words = 3
* Number of Scans Averaged by the Deck Unit = 1
* NMEA Latitude = 03 29.96 S
* NMEA Longitude = 010 00.06 W
* NMEA UTC (Time) = Mar 09 2022 21:40:31
** Cruise: PIRATA-FR32
** Ship: THALASSA
** Station: 015
** Bottom Depth: 3815
** Barometric pressure : 1006.9
** Temp Air: 28.5
** Operator: LWMH
** Comments:
# nquan = 25
# nvalues = 504                         
# units = specified
# name 0 = scan: Scan Count
# name 1 = timeJ: Julian Days
# name 2 = prDM: Pressure, Digiquartz [db]
# name 3 = depSM: Depth [salt water, m]
# name 4 = t090C: Temperature [ITS-90, deg C]
# name 5 = t190C: Temperature, 2 [ITS-90, deg C]
# name 6 = c0S/m: Conductivity [S/m]
# name 7 = c1S/m: Conductivity, 2 [S/m]
# name 8 = sbeox0V: Oxygen raw, SBE 43 [V]
# name 9 = sbeox1V: Oxygen raw, SBE 43, 2 [V]
# name 10 = sbox0dV/dT: Oxygen, SBE 43 [dov/dt]
# name 11 = sbox1dV/dT: Oxygen, SBE 43, 2 [dov/dt]
# name 12 = CStarTr0: Beam Transmission, WET Labs C-Star [%]
# name 13 = flECO-AFL: Fluorescence, WET Labs ECO-AFL/FL [mg/m^3]
# name 14 = flC: Fluorescence, Chelsea Aqua 3 Chl Con [ug/l]
# name 15 = sbox0Mm/Kg: Oxygen, SBE 43 [umol/kg], WS = 2
# name 16 = sbox1Mm/Kg: Oxygen, SBE 43, 2 [umol/kg], WS = 2
# name 17 = sal00: Salinity, Practical [PSU]
# name 18 = sal11: Salinity, Practical, 2 [PSU]
# name 19 = sigma-é00: Density [sigma-theta, kg/m^3]
# name 20 = sigma-é11: Density, 2 [sigma-theta, kg/m^3]
# name 21 = svCM: Sound Velocity [Chen-Millero, m/s]
# name 22 = svCM1: Sound Velocity, 2 [Chen-Millero, m/s]
# name 23 = nbin: number of scans per bin
# name 24 = flag: flag
# span 0 =      21705,      50177       
# span 1 =  68.913615,  68.927346       
# span 2 =      1.000,    504.000       
# span 3 =      0.997,    500.610       
# span 4 =     7.0778,    28.4142       
# span 5 =     7.0773,    28.4159       
# span 6 =   3.524147,   5.690588       
# span 7 =   3.523879,   5.690920       
# span 8 =     1.0073,     2.7731       
# span 9 =     1.1344,     3.2169       
# span 10 =   -0.08040,    0.16387      
# span 11 =   -0.04556,    0.16768      
# span 12 =    84.9868,    90.0230      
# span 13 =     0.0409,     2.2958      
# span 14 =     0.0303,     0.5878      
# span 15 =     67.097,    211.296      
# span 16 =     65.380,    203.853      
# span 17 =    34.6253,    36.0208      
# span 18 =    34.6228,    36.0871      
# span 19 =    22.3822,    27.1195      
# span 20 =    22.3790,    27.1187      
# span 21 =    1486.78,    1542.57      
# span 22 =    1486.77,    1542.61      
# span 23 =         13,        124      
# span 24 = 0.0000e+00, 0.0000e+00      
# interval = decibars: 1                
# start_time = Mar 09 2022 21:40:32 [System UTC, first data scan.]
# bad_flag = -9.990e-29
*END*
[from data line 406]
      40148  68.922508     98.000     97.433    14.8072    14.8131   4.334813   4.335060     1.4852     1.7032   -0.00005    0.00111    89.7697     0.1302     0.0542    112.994    109.904    35.5284    35.5253    26.4251    26.4214    1508.30    1508.32         76 0.0000e+00
      40530  68.922691     97.000     96.449    14.8145    14.8138   4.335607   4.335100     1.4854     1.7044    0.00002   -0.00061    89.7836     0.1605     0.0537    112.978    110.005    35.5294    35.5255    26.4242    26.4214    1508.31    1508.30         68 0.0000e+00
      40546  68.922699     96.000     95.451    14.8133    14.8130   4.335419   4.334994     1.4854     1.7061   -0.00010    0.00038    89.7770     0.1246     0.0550    112.969    110.153    35.5292    35.5256    26.4243    26.4216    1508.29    1508.29         25 0.0000e+00
      40569  68.922714     95.000     94.453    14.8192    14.8196   4.336062   4.335758     1.4849     1.7060   -0.00018    0.00062    89.7776     0.1112     0.0538    112.891    110.114    35.5302    35.5270    26.4237    26.4212    1508.29    1508.29         22 0.0000e+00
      40597  68.922729     94.000     93.454    14.8296    14.8363   4.337194   4.337599     1.4794     1.7019   -0.00005    0.00104    89.7660     0.1092     0.0537    112.213    109.679    35.5314    35.5290    26.4224    26.4191    1508.31    1508.33         38 0.0000e+00
      40662  68.922760     93.000     92.468    14.8198    14.8208   4.336051   4.335702     1.4809     1.7009   -0.00263   -0.00206    89.7632     0.1286     0.0555    112.397    109.605    35.5303    35.5262    26.4236    26.4203    1508.26    1508.26         80 0.0000e+00
      40730  68.922791     92.000     91.473    14.8227    14.8232   4.336320   4.335992     1.4832     1.7017    0.00211    0.00069    89.7683     0.1602     0.0534    112.643    109.661    35.5306    35.5271    26.4232    26.4204    1508.26    1508.25         71 0.0000e+00
      40823  68.922836     91.000     90.481    14.8428    14.8474   4.338591   4.338732     1.4682     1.6905   -0.00292   -0.00199    89.7805     0.1560     0.0502    110.861    108.545    35.5334    35.5306    26.4209    26.4178    1508.31    1508.32         84 0.0000e+00
      40867  68.922859     90.000     89.491    14.8351    14.8376   4.337647   4.337543     1.4667     1.6870   -0.00596   -0.00467    89.7809     0.1307     0.0539    110.693    108.230    35.5322    35.5290    26.4217    26.4187    1508.26    1508.27         25 0.0000e+00
      40890  68.922867     89.000     88.486    14.8794    14.8711   4.342986   4.341791     1.4589     1.6798   -0.00369   -0.00260    89.7783     0.1283     0.0580    109.675    107.468    35.5412    35.5378    26.4189    26.4181    1508.40    1508.37         25 0.0000e+00
      40926  68.922882     88.000     87.494    14.8907    14.8988   4.344007   4.344486     1.4458     1.6634   -0.00218   -0.00297    89.7464     0.1572     0.0633    108.144    105.867    35.5406    35.5376    26.4159    26.4118    1508.42    1508.44         52 0.0000e+00
      40977  68.922905     87.000     86.503    14.8828    14.8990   4.343058   4.344660     1.4410     1.6581   -0.01046   -0.01236    89.7696     0.2171     0.0641    107.603    105.350    35.5396    35.5395    26.4168    26.4132    1508.37    1508.43         39 0.0000e+00
      41032  68.922935     86.000     85.505    14.9014    14.9097   4.345074   4.345612     1.4396     1.6556   -0.00231   -0.00292    89.7462     0.1860     0.0638    107.382    105.082    35.5414    35.5388    26.4141    26.4103    1508.42    1508.44         67 0.0000e+00
      41116  68.922974     85.000     84.517    14.8898    14.8901   4.343750   4.343263     1.4441     1.6549    0.00360    0.00186    89.7446     0.1932     0.0623    107.908    105.048    35.5403    35.5356    26.4158    26.4121    1508.36    1508.36         38 0.0000e+00
      41155  68.922997     84.000     83.518    14.9233    14.9148   4.347574   4.346278     1.4479     1.6584    0.00042   -0.00104    89.7313     0.2052     0.0717    108.258    105.306    35.5452    35.5411    26.4121    26.4108    1508.46    1508.43         50 0.0000e+00
      41235  68.923035     83.000     82.530    14.9044    14.9177   4.345270   4.346251     1.4521     1.6622    0.00251    0.00235    89.7325     0.2705     0.0739    108.766    105.648    35.5418    35.5386    26.4136    26.4082    1508.38    1508.42         88 0.0000e+00
      41287  68.923058     82.000     81.535    14.9634    14.9571   4.352081   4.351292     1.4517     1.6665   -0.00029   -0.00056    89.7161     0.2322     0.0752    108.573    105.935    35.5507    35.5492    26.4075    26.4077    1508.56    1508.54         31 0.0000e+00
      41315  68.923073     81.000     80.535    15.0064    15.0023   4.356967   4.356358     1.4568     1.6726   -0.00039    0.00073    89.6894     0.2136     0.0827    109.042    106.390    35.5566    35.5547    26.4025    26.4020    1508.69    1508.67         27 0.0000e+00
      41410  68.923119     80.000     79.536    15.0140    15.0202   4.357646   4.357941     1.4624     1.6764    0.00113    0.00280    89.6456     0.2352     0.0879    109.652    106.698    35.5563    35.5533    26.4006    26.3969    1508.69    1508.71         57 0.0000e+00
      42447  68.923615     79.000     78.549    15.0241    15.0200   4.358633   4.357892     1.4649     1.6783    0.00045   -0.00004    89.6297     0.2880     0.0933    109.902    106.862    35.5565    35.5534    26.3985    26.3970    1508.71    1508.69         52 0.0000e+00
      42745  68.923759     78.000     77.552    15.0520    15.0524   4.361886   4.361543     1.4668     1.6815   -0.00040    0.00053    89.6023     0.2598     0.0970    110.031    107.074    35.5612    35.5578    26.3959    26.3932    1508.78    1508.78         33 0.0000e+00
      42798  68.923790     77.000     76.565    15.0597    15.0609   4.362672   4.362425     1.4623     1.6766   -0.00096   -0.00094    89.5943     0.2951     0.0993    109.487    106.586    35.5618    35.5585    26.3946    26.3918    1508.79    1508.79         44 0.0000e+00
      42833  68.923805     76.000     75.573    15.0591    15.0714   4.362615   4.363725     1.4551     1.6730   -0.00204   -0.00279    89.5915     0.3203     0.0984    108.665    106.209    35.5623    35.5612    26.3951    26.3916    1508.78    1508.81         26 0.0000e+00
      42856  68.923813     75.000     74.577    15.0894    15.1055   4.366128   4.368158     1.4412     1.6628   -0.00300   -0.00324    89.5605     0.3014     0.1014    106.993    105.178    35.5671    35.5710    26.3921    26.3915    1508.86    1508.91         20 0.0000e+00
      42876  68.923828     74.000     73.571    15.1493    15.1869   4.372927   4.376863     1.4241     1.6465   -0.00327   -0.00145    89.5283     0.2906     0.1110    104.904    103.483    35.5750    35.5767    26.3848    26.3778    1509.04    1509.16         22 0.0000e+00
      42907  68.923843     73.000     72.578    15.1632    15.1883   4.374239   4.376594     1.4123     1.6265   -0.01135   -0.00825    89.5082     0.3341     0.1182    103.517    101.613    35.5747    35.5734    26.3815    26.3749    1509.07    1509.14         46 0.0000e+00
      42968  68.923866     72.000     71.591    15.1326    15.1229   4.370727   4.369102     1.4173     1.6202   -0.00976   -0.01474    89.5132     0.4146     0.1165    104.150    101.154    35.5709    35.5650    26.3854    26.3830    1508.95    1508.91         64 0.0000e+00
      43037  68.923904     71.000     70.597    15.1495    15.1728   4.372437   4.375040     1.4223     1.6283    0.00500    0.00222    89.5448     0.4878     0.1175    104.660    101.785    35.5716    35.5740    26.3821    26.3788    1508.99    1509.06         75 0.0000e+00
      43095  68.923927     70.000     69.601    15.1589    15.1801   4.373554   4.375590     1.4168     1.6275   -0.00146    0.00224    89.5331     0.4001     0.1283    104.007    101.689    35.5736    35.5729    26.3815    26.3763    1509.00    1509.07         47 0.0000e+00
      43150  68.923958     69.000     68.613    15.2165    15.1915   4.380001   4.377048     1.4151     1.6183   -0.00191   -0.00101    89.5086     0.4323     0.1332    103.671    100.801    35.5803    35.5762    26.3739    26.3763    1509.17    1509.09         54 0.0000e+00
      43187  68.923973     68.000     67.620    15.2476    15.2422   4.383924   4.383052     1.4145     1.6185   -0.00150   -0.00470    89.4658     0.4479     0.1353    103.520    100.697    35.5882    35.5852    26.3730    26.3719    1509.26    1509.24         25 0.0000e+00
      43209  68.923988     67.000     66.620    15.3173    15.3248   4.391407   4.391971     1.4125     1.6180    0.00016   -0.00489    89.4421     0.3679     0.1401    103.137    100.467    35.5933    35.5916    26.3613    26.3583    1509.47    1509.49         21 0.0000e+00
      43230  68.923996     66.000     65.619    15.3383    15.3441   4.393562   4.393867     1.4110     1.6179    0.00021   -0.00067    89.4427     0.3633     0.1424    102.911    100.409    35.5942    35.5917    26.3573    26.3540    1509.52    1509.54         23 0.0000e+00
      43274  68.924019     65.000     64.620    15.3356    15.3401   4.393219   4.393313     1.4092     1.6143   -0.00142   -0.00041    89.4357     0.4018     0.1389    102.704    100.072    35.5939    35.5907    26.3576    26.3541    1509.50    1509.51         65 0.0000e+00
      43431  68.924095     64.000     63.648    15.3358    15.3421   4.393104   4.393421 -9.990e-29     1.6109   -0.00029   -0.00076    89.4332     0.4345     0.1406 -9.990e-29     99.740    35.5931    35.5903    26.3569    26.3533    1509.48    1509.50         26 0.0000e+00
      43446  68.924103     63.000     62.643    15.3364    15.3414   4.393162   4.393304 -9.990e-29     1.6134    0.00000   -0.00171    89.4241     0.3680     0.1393 -9.990e-29     99.960    35.5935    35.5903    26.3571    26.3535    1509.47    1509.48         18 0.0000e+00
      43465  68.924110     62.000     61.640    15.3392    15.3423   4.393389   4.393350 -9.990e-29     1.6119    0.00013   -0.00047    89.4284     0.3682     0.1424 -9.990e-29     99.813    35.5934    35.5903    26.3563    26.3532    1509.46    1509.46         22 0.0000e+00
      43650  68.924202     61.000     60.650    15.3418    15.3441   4.393646   4.393486     1.4042     1.6095    0.00005    0.00058    89.4027     0.4400     0.1428    102.037     99.576    35.5938    35.5902    26.3560    26.3528    1509.45    1509.45         78 0.0000e+00
      44767  68.924736     60.000     59.656    15.3602    15.3610   4.395595   4.395296     1.4030     1.6049    0.00005    0.00014    89.3916     0.4779     0.1423    101.879     99.100    35.5952    35.5917    26.3529    26.3501    1509.49    1509.49         78 0.0000e+00
      44887  68.924797     59.000     58.673    15.3612    15.3620   4.395687   4.395342     1.4028     1.6054   -0.00055   -0.00084    89.4081     0.4954     0.1405    101.845     99.136    35.5955    35.5916    26.3529    26.3498    1509.48    1509.48         39 0.0000e+00
      44908  68.924805     58.000     57.676    15.3778    15.3892   4.397623   4.398761     1.3982     1.6038   -0.00021   -0.00024    89.3811     0.4247     0.1460    101.281     98.921    35.5984    35.5983    26.3514    26.3488    1509.52    1509.55         28 0.0000e+00
      44936  68.924820     57.000     56.675    15.4124    15.4304   4.401219   4.402884     1.3904     1.5972   -0.00020    0.00111    89.3578     0.4334     0.1537    100.312     98.220    35.6000    35.5988    26.3449    26.3399    1509.61    1509.67         28 0.0000e+00
      44965  68.924835     56.000     55.679    15.4274    15.4460   4.402792   4.404513     1.3836     1.5899   -0.00369   -0.00170    89.3127     0.4667     0.1567     99.505     97.509    35.6011    35.5998    26.3423    26.3371    1509.64    1509.70         32 0.0000e+00
      45000  68.924850     55.000     54.690    15.4390    15.4634   4.404023   4.406300     1.3806     1.5825   -0.00646   -0.00558    89.2927     0.5231     0.1579     99.138     96.777    35.6021    35.6006    26.3404    26.3337    1509.66    1509.74         39 0.0000e+00
      45040  68.924866     54.000     53.697    15.4721    15.4770   4.407671   4.407675     1.3816     1.5802   -0.00373   -0.00593    89.3208     0.6273     0.1617     99.163     96.531    35.6056    35.6011    26.3356    26.3311    1509.75    1509.76         38 0.0000e+00
      45074  68.924889     53.000     52.703    15.5059    15.5294   4.411168   4.414047     1.3850     1.5825   -0.00034   -0.00285    89.2720     0.6035     0.1665     99.474     96.627    35.6070    35.6117    26.3291    26.3274    1509.84    1509.92         30 0.0000e+00
      45104  68.924896     52.000     51.705    15.5834    15.6185   4.419767   4.423578     1.3896     1.5855    0.00119   -0.00059    89.2715     0.5513     0.1815     99.811     96.714    35.6149    35.6175    26.3176    26.3117    1510.08    1510.19         31 0.0000e+00
      45139  68.924919     51.000     50.710    15.6068    15.6770   4.422097   4.429530     1.3927     1.5868    0.00296    0.00216    89.2338     0.5823     0.1901    100.102     96.703    35.6152    35.6187    26.3125    26.2993    1510.13    1510.36         41 0.0000e+00
      45180  68.924934     50.000     49.724    15.6524    15.6536   4.427193   4.426945     1.3956     1.5912    0.00288    0.00129    89.2286     0.6621     0.1858    100.328     97.144    35.6203    35.6170    26.3061    26.3033    1510.27    1510.27         37 0.0000e+00
      45211  68.924950     49.000     48.731    15.6861    15.7170   4.430908   4.434264     1.4012     1.5978    0.00152    0.00114    89.1983     0.6143     0.1896    100.867     97.603    35.6237    35.6260    26.3010    26.2958    1510.36    1510.46         26 0.0000e+00
      45233  68.924965     48.000     47.733    15.7499    15.7750   4.437546   4.440325     1.4063     1.6032    0.00159    0.00276    89.2116     0.5635     0.1932    101.302     97.968    35.6262    35.6285    26.2885    26.2845    1510.54    1510.62         18 0.0000e+00
      45251  68.924973     47.000     46.737    15.7758    15.8034   4.440535   4.442945     1.4103     1.6091    0.00277    0.00432    89.1524     0.5524     0.2004    101.674     98.442    35.6301    35.6268    26.2855    26.2767    1510.61    1510.69         18 0.0000e+00
      45268  68.924980     46.000     45.733    15.8151    15.8586   4.444522   4.449509     1.4157     1.6136    0.00441    0.00511    89.0712     0.5655     0.2120    102.192     98.728    35.6309    35.6364    26.2771    26.2715    1510.71    1510.86         19 0.0000e+00
      45291  68.924988     45.000     44.737    15.8587    15.9208   4.449069   4.455522     1.4219     1.6191    0.00544    0.00607    88.9865     0.6241     0.2189    102.780     99.101    35.6328    35.6347    26.2686    26.2558    1510.83    1511.03         27 0.0000e+00
      45365  68.925026     44.000     43.753    15.8516    15.8292   4.448349   4.444872     1.4215     1.6244    0.00267    0.00286    89.0074     0.7982     0.2177    102.741     99.754    35.6331    35.6221    26.2704    26.2671    1510.80    1510.71         64 0.0000e+00
      45435  68.925056     43.000     42.769    15.9095    15.8578   4.454428   4.449531     1.4254     1.6334    0.00182    0.00137    88.9844     0.7441     0.2049    103.036    100.494    35.6359    35.6385    26.2593    26.2731    1510.96    1510.81         24 0.0000e+00
      45454  68.925072     42.000     41.768    15.9347    15.9731   4.456985   4.461525     1.4340     1.6386    0.00134    0.00459    88.9961     0.7079     0.2178    103.931    100.725    35.6365    35.6425    26.2539    26.2498    1511.02    1511.15         19 0.0000e+00
