data-processing/CTD/data/cnv/ures018.cnv
* Sea-Bird SBE 9 Data File:
* FileName = C:\SEASOFT\PIRATA-FR32\data\fr32018.hex
* Software Version Seasave V 7.26.7.107
* Temperature SN = 6083
* Conductivity SN = 4509
* Number of Bytes Per Scan = 42
* Number of Voltage Words = 3
* Number of Scans Averaged by the Deck Unit = 1
* NMEA Latitude = 05 00.02 S
* NMEA Longitude = 010 00.06 W
* NMEA UTC (Time) = Mar 10 2022 09:06:28
** Cruise: PIRATA-FR32
** Ship: THALASSA
** Station: 018
** Bottom Depth: 3283
** Barometric pressure : 1008.9
** Temp Air: 23.7
** Operator: LWMH
** Comments:
# nquan = 25
# nvalues = 504                         
# units = specified
# name 0 = scan: Scan Count
# name 1 = timeJ: Julian Days
# name 2 = prDM: Pressure, Digiquartz [db]
# name 3 = depSM: Depth [salt water, m]
# name 4 = t090C: Temperature [ITS-90, deg C]
# name 5 = t190C: Temperature, 2 [ITS-90, deg C]
# name 6 = c0S/m: Conductivity [S/m]
# name 7 = c1S/m: Conductivity, 2 [S/m]
# name 8 = sbeox0V: Oxygen raw, SBE 43 [V]
# name 9 = sbeox1V: Oxygen raw, SBE 43, 2 [V]
# name 10 = sbox0dV/dT: Oxygen, SBE 43 [dov/dt]
# name 11 = sbox1dV/dT: Oxygen, SBE 43, 2 [dov/dt]
# name 12 = CStarTr0: Beam Transmission, WET Labs C-Star [%]
# name 13 = flECO-AFL: Fluorescence, WET Labs ECO-AFL/FL [mg/m^3]
# name 14 = flC: Fluorescence, Chelsea Aqua 3 Chl Con [ug/l]
# name 15 = sbox0Mm/Kg: Oxygen, SBE 43 [umol/kg], WS = 2
# name 16 = sbox1Mm/Kg: Oxygen, SBE 43, 2 [umol/kg], WS = 2
# name 17 = sal00: Salinity, Practical [PSU]
# name 18 = sal11: Salinity, Practical, 2 [PSU]
# name 19 = sigma-é00: Density [sigma-theta, kg/m^3]
# name 20 = sigma-é11: Density, 2 [sigma-theta, kg/m^3]
# name 21 = svCM: Sound Velocity [Chen-Millero, m/s]
# name 22 = svCM1: Sound Velocity, 2 [Chen-Millero, m/s]
# name 23 = nbin: number of scans per bin
# name 24 = flag: flag
# span 0 =      18246,      49671       
# span 1 =  69.388301,  69.403456       
# span 2 =      2.000,    505.000       
# span 3 =      1.980,    501.588       
# span 4 =     7.9569,    28.2964       
# span 5 =     7.9538,    28.2970       
# span 6 =   3.612905,   5.800903       
# span 7 =   3.612352,   5.800357       
# span 8 =     1.0414,     2.7007       
# span 9 =     1.1770,     3.1333       
# span 10 =   -0.05258,    0.07606      
# span 11 =   -0.02707,    0.07636      
# span 12 =    83.0397,    89.9681      
# span 13 =     0.0441,     0.9695      
# span 14 =     0.0281,     0.2506      
# span 15 =     72.381,    203.702      
# span 16 =     70.727,    197.462      
# span 17 =    34.7111,    36.1233      
# span 18 =    34.7083,    36.1244      
# span 19 =    23.0554,    27.0611      
# span 20 =    23.0443,    27.0594      
# span 21 =    1490.26,    1543.47      
# span 22 =    1490.25,    1543.50      
# span 23 =         10,         97      
# span 24 = 0.0000e+00, 0.0000e+00      
# interval = decibars: 1                
# start_time = Mar 10 2022 09:06:29 [System UTC, first data scan.]
# bad_flag = -9.990e-29
*END*
[from data line 348]
      34455  69.396118    157.000    156.067    12.8330    12.8240   4.114955   4.113935     1.3654     1.5652    0.00837    0.01332    89.8846     0.0581     0.0337    104.350    102.025    35.2648    35.2634    26.6359    26.6366    1502.55    1502.51         29 0.0000e+00
      34489  69.396133    156.000    155.080    12.8489    12.8242   4.116619   4.113343     1.3784     1.5850    0.01138    0.01441    89.8869     0.0626     0.0327    105.868    103.964    35.2663    35.2580    26.6339    26.6324    1502.58    1502.49         35 0.0000e+00
      34518  69.396149    155.000    154.093    12.8584    12.8485   4.117764   4.116906     1.3869     1.5951    0.01368    0.01920    89.8811     0.0683     0.0331    106.858    104.880    35.2688    35.2698    26.6339    26.6366    1502.60    1502.57         23 0.0000e+00
      34537  69.396156    154.000    153.094    12.8733    12.8820   4.119063   4.119874     1.3938     1.5993    0.01061    0.01557    89.8655     0.0651     0.0337    107.638    105.204    35.2678    35.2675    26.6301    26.6281    1502.63    1502.66         18 0.0000e+00
      34555  69.396164    153.000    152.101    12.8508    12.8809   4.116653   4.119515     1.4019     1.6037    0.00721    0.01169    89.8759     0.0548     0.0326    108.663    105.635    35.2662    35.2654    26.6333    26.6267    1502.54    1502.64         17 0.0000e+00
      34572  69.396172    152.000    151.095    12.8771    12.8896   4.119445   4.120473     1.4141     1.6111    0.00697    0.00877    89.8746     0.0635     0.0328    110.053    106.326    35.2687    35.2669    26.6300    26.6261    1502.61    1502.65         17 0.0000e+00
      34591  69.396187    151.000    150.104    12.8854    12.9056   4.120206   4.122118     1.4276     1.6223    0.00813    0.00621    89.8628     0.0663     0.0336    111.644    107.376    35.2687    35.2682    26.6284    26.6239    1502.63    1502.69         20 0.0000e+00
      34614  69.396194    150.000    149.107    12.9029    12.8998   4.122014   4.121289     1.4364     1.6368    0.01108    0.00642    89.8676     0.0755     0.0329    112.643    108.793    35.2701    35.2661    26.6258    26.6234    1502.67    1502.65         29 0.0000e+00
      35238  69.396492    149.000    148.111    12.9312    12.9354   4.125142   4.125239     1.4495     1.6631    0.00698    0.00530    89.8677     0.0770     0.0344    114.132    111.267    35.2741    35.2711    26.6233    26.6201    1502.75    1502.76         66 0.0000e+00
      36450  69.397079    148.000    147.130    13.0031    12.9987   4.133070   4.132249     1.4654     1.6836   -0.00064   -0.00077    89.8626     0.0861     0.0367    115.852    113.107    35.2832    35.2795    26.6159    26.6139    1502.99    1502.97         55 0.0000e+00
      36403  69.397057    147.000    146.136    13.0509    13.0342   4.138775   4.136758     1.4644     1.6843   -0.00048   -0.00059    89.8556     0.0824     0.0388    115.590    113.071    35.2936    35.2899    26.6142    26.6147    1503.14    1503.08         29 0.0000e+00
      36433  69.397072    146.000    145.144    13.2014    13.1822   4.155339   4.153247     1.4624     1.6821    0.00041    0.00126    89.7964     0.0921     0.0402    114.960    112.475    35.3116    35.3096    26.5977    26.6001    1503.64    1503.58         30 0.0000e+00
      36462  69.397087    145.000    144.148    13.2158    13.2236   4.156848   4.157718     1.4607     1.6802    0.00059    0.00212    89.8284     0.1332     0.0407    114.706    112.171    35.3131    35.3140    26.5959    26.5950    1503.68    1503.70         26 0.0000e+00
      36487  69.397095    144.000    143.153    13.2833    13.2787   4.164406   4.163921     1.4597     1.6779   -0.00132   -0.00121    89.8369     0.1035     0.0419    114.398    111.792    35.3225    35.3222    26.5895    26.5901    1503.89    1503.88         23 0.0000e+00
      36508  69.397110    143.000    142.167    13.3128    13.3204   4.167315   4.168126     1.4587     1.6754   -0.00180   -0.00227    89.8282     0.1103     0.0443    114.199    111.442    35.3231    35.3237    26.5838    26.5828    1503.98    1504.00         20 0.0000e+00
      36527  69.397118    142.000    141.163    13.3463    13.3234   4.171409   4.168489     1.4583     1.6746   -0.00122   -0.00143    89.8249     0.1152     0.0458    114.042    111.337    35.3312    35.3248    26.5833    26.5830    1504.08    1504.00         20 0.0000e+00
      36549  69.397125    141.000    140.164    13.3563    13.3496   4.172413   4.171330     1.4576     1.6745   -0.00103   -0.00244    89.8136     0.1171     0.0469    113.929    111.253    35.3319    35.3279    26.5817    26.5800    1504.10    1504.07         25 0.0000e+00
      36606  69.397156    140.000    139.178    13.2954    13.2854   4.165407   4.163902     1.4574     1.6754   -0.00070   -0.00066    89.8109     0.1511     0.0478    114.040    111.483    35.3224    35.3175    26.5868    26.5850    1503.87    1503.83         71 0.0000e+00
      36654  69.397179    139.000    138.208    13.3055    13.3316   4.166766   4.169507     1.4592     1.6758   -0.00059    0.00017    89.8058     0.1548     0.0489    114.210    111.390    35.3264    35.3281    26.5878    26.5838    1503.89    1503.98         19 0.0000e+00
      36669  69.397186    138.000    137.201    13.3679    13.3697   4.173745   4.173697     1.4592     1.6756    0.00039    0.00074    89.8287     0.1255     0.0482    114.037    111.262    35.3350    35.3329    26.5816    26.5796    1504.09    1504.09         13 0.0000e+00
      36682  69.397194    137.000    136.201    13.4103    13.4265   4.178159   4.180248     1.4585     1.6755    0.00132    0.00073    89.8284     0.1240     0.0489    113.836    111.102    35.3379    35.3427    26.5752    26.5755    1504.21    1504.27         12 0.0000e+00
      36694  69.397194    136.000    135.209    13.4319    13.4445   4.180623   4.181801     1.4577     1.6759    0.00157    0.00023    89.8284     0.1170     0.0494    113.673    111.088    35.3416    35.3411    26.5736    26.5706    1504.27    1504.31         12 0.0000e+00
      36705  69.397202    135.000    134.202    13.4436    13.4565   4.181889   4.183101     1.4567     1.6750    0.00112   -0.00027    89.8051     0.1197     0.0503    113.511    110.957    35.3431    35.3426    26.5723    26.5693    1504.30    1504.34         12 0.0000e+00
      36718  69.397209    134.000    133.196    13.4474    13.4663   4.182260   4.184163     1.4553     1.6740    0.00063   -0.00006    89.8011     0.1186     0.0510    113.329    110.820    35.3436    35.3440    26.5719    26.5683    1504.29    1504.36         13 0.0000e+00
      36733  69.397217    133.000    132.209    13.4566    13.4691   4.183287   4.184285     1.4540     1.6725   -0.00024   -0.00003    89.7917     0.1233     0.0508    113.130    110.659    35.3451    35.3430    26.5711    26.5669    1504.31    1504.35         18 0.0000e+00
      36758  69.397232    132.000    131.220    13.4431    13.4440   4.181666   4.181319     1.4534     1.6714   -0.00150   -0.00049    89.7914     0.1455     0.0528    113.078    110.601    35.3427    35.3386    26.5720    26.5687    1504.25    1504.24         34 0.0000e+00
      36806  69.397255    131.000    130.236    13.4556    13.4445   4.183055   4.181510     1.4546     1.6709   -0.00156   -0.00174    89.7686     0.1672     0.0514    113.180    110.534    35.3447    35.3404    26.5710    26.5699    1504.27    1504.23         51 0.0000e+00
      36841  69.397270    130.000    129.243    13.4573    13.4518   4.183191   4.182181     1.4543     1.6705    0.00083   -0.00007    89.7694     0.1514     0.0518    113.120    110.461    35.3449    35.3404    26.5707    26.5684    1504.26    1504.24         27 0.0000e+00
      36868  69.397278    129.000    128.243    13.4837    13.4805   4.186179   4.185608     1.4534     1.6696    0.00021   -0.00054    89.7740     0.1446     0.0522    112.937    110.292    35.3491    35.3466    26.5685    26.5673    1504.34    1504.32         28 0.0000e+00
      36899  69.397293    128.000    127.254    13.4919    13.4956   4.187020   4.187022     1.4516     1.6663   -0.00029   -0.00026    89.7938     0.1491     0.0533    112.688    109.921    35.3498    35.3464    26.5673    26.5640    1504.35    1504.36         31 0.0000e+00
      36925  69.397308    127.000    126.273    13.4962    13.4952   4.187478   4.187024     1.4506     1.6647   -0.00057   -0.00071    89.7957     0.1592     0.0532    112.542    109.755    35.3506    35.3473    26.5670    26.5647    1504.35    1504.34         21 0.0000e+00
      36942  69.397316    126.000    125.277    13.5011    13.4991   4.187936   4.187347     1.4502     1.6640   -0.00140   -0.00188    89.7887     0.1565     0.0520    112.475    109.665    35.3508    35.3471    26.5662    26.5637    1504.35    1504.34         15 0.0000e+00
      36956  69.397324    125.000    124.268    13.5010    13.5030   4.187885   4.187861     1.4496     1.6650   -0.00145   -0.00264    89.7919     0.1336     0.0523    112.384    109.736    35.3508    35.3488    26.5662    26.5642    1504.33    1504.33         13 0.0000e+00
      36969  69.397331    124.000    123.280    13.5074    13.5142   4.188573   4.189126     1.4487     1.6650   -0.00107   -0.00225    89.7805     0.1327     0.0538    112.252    109.701    35.3518    35.3507    26.5656    26.5634    1504.33    1504.36         13 0.0000e+00
      36983  69.397339    123.000    122.271    13.5140    13.5225   4.189278   4.189910     1.4480     1.6651   -0.00093   -0.00161    89.7793     0.1253     0.0535    112.142    109.678    35.3528    35.3509    26.5650    26.5618    1504.34    1504.37         15 0.0000e+00
      37000  69.397346    122.000    121.276    13.5207    13.5250   4.189987   4.190102     1.4475     1.6640   -0.00078   -0.00079    89.7723     0.1334     0.0557    112.044    109.552    35.3537    35.3508    26.5643    26.5611    1504.35    1504.36         19 0.0000e+00
      37026  69.397354    121.000    120.289    13.5197    13.5157   4.189832   4.189001     1.4475     1.6624   -0.00111    0.00043    89.7753     0.1519     0.0556    112.032    109.402    35.3536    35.3494    26.5643    26.5619    1504.33    1504.31         35 0.0000e+00
      37064  69.397377    120.000    119.304    13.5132    13.5115   4.189068   4.188475     1.4480     1.6626   -0.00082   -0.00124    89.7659     0.1726     0.0554    112.095    109.424    35.3528    35.3488    26.5650    26.5623    1504.29    1504.28         37 0.0000e+00
      37098  69.397392    119.000    118.305    13.5203    13.5132   4.189840   4.188720     1.4481     1.6625    0.00020   -0.00062    89.7666     0.1585     0.0541    112.072    109.391    35.3539    35.3500    26.5644    26.5628    1504.30    1504.27         35 0.0000e+00
      37134  69.397408    118.000    117.320    13.5410    13.5369   4.192172   4.191372     1.4475     1.6615    0.00041    0.00044    89.7881     0.1661     0.0545    111.939    109.220    35.3572    35.3535    26.5627    26.5606    1504.35    1504.33         31 0.0000e+00
      37157  69.397423    117.000    116.330    13.5651    13.5571   4.194959   4.193905     1.4461     1.6597    0.00000   -0.00035    89.7331     0.1681     0.0541    111.703    108.984    35.3616    35.3591    26.5611    26.5607    1504.42    1504.39         18 0.0000e+00
      37174  69.397430    116.000    115.332    13.5852    13.5726   4.196864   4.195183     1.4447     1.6578   -0.00048   -0.00036    89.7715     0.1619     0.0548    111.475    108.760    35.3613    35.3572    26.5567    26.5561    1504.47    1504.42         16 0.0000e+00
      37189  69.397438    115.000    114.329    13.6176    13.5864   4.200828   4.196939     1.4440     1.6556   -0.00039   -0.00067    89.7573     0.1565     0.0563    111.296    108.499    35.3692    35.3614    26.5560    26.5564    1504.57    1504.46         16 0.0000e+00
      37206  69.397446    114.000    113.328    13.6400    13.6120   4.203162   4.200074     1.4427     1.6542   -0.00089   -0.00151    89.7639     0.1555     0.0574    111.079    108.284    35.3708    35.3677    26.5526    26.5560    1504.63    1504.53         17 0.0000e+00
      37226  69.397453    113.000    112.339    13.6594    13.6401   4.205328   4.202696     1.4410     1.6533   -0.00166   -0.00213    89.7684     0.1573     0.0585    110.814    108.125    35.3736    35.3667    26.5507    26.5494    1504.68    1504.61         23 0.0000e+00
      37250  69.397469    112.000    111.348    13.6842    13.6356   4.208163   4.202345     1.4398     1.6512   -0.00155   -0.00296    89.7717     0.1796     0.0610    110.603    107.918    35.3779    35.3681    26.5488    26.5513    1504.75    1504.58         26 0.0000e+00
      37276  69.397476    111.000    110.359    13.6925    13.6566   4.209012   4.204685     1.4392     1.6494   -0.00188   -0.00172    89.7426     0.1990     0.0639    110.497    107.678    35.3786    35.3711    26.5476    26.5493    1504.76    1504.63         25 0.0000e+00
      37301  69.397491    110.000    109.361    13.7690    13.7349   4.218026   4.214977     1.4377     1.6489   -0.00146   -0.00156    89.7406     0.1927     0.0671    110.116    107.423    35.3930    35.3958    26.5427    26.5521    1505.01    1504.90         26 0.0000e+00
      37327  69.397499    109.000    108.369    13.8869    13.9053   4.231136   4.233173     1.4323     1.6448   -0.00086   -0.00215    89.7438     0.2131     0.0711    109.191    106.636    35.4075    35.4095    26.5293    26.5270    1505.39    1505.45         25 0.0000e+00
      37352  69.397514    108.000    107.373    13.9347    13.9385   4.236515   4.236825     1.4275     1.6408   -0.00077   -0.00050    89.7342     0.2138     0.0749    108.502    106.159    35.4141    35.4135    26.5243    26.5231    1505.54    1505.55         25 0.0000e+00
      37377  69.397530    107.000    106.382    13.9701    13.9710   4.240623   4.240422     1.4246     1.6367   -0.00398   -0.00256    89.7263     0.2133     0.0754    108.064    105.683    35.4203    35.4176    26.5216    26.5193    1505.64    1505.64         24 0.0000e+00
      37401  69.397537    106.000    105.391    14.0488    14.0645   4.249964   4.251711     1.4183     1.6317   -0.00493   -0.00407    89.6845     0.2278     0.0776    107.139    104.973    35.4354    35.4373    26.5166    26.5148    1505.90    1505.95         24 0.0000e+00
      37424  69.397552    105.000    104.393    14.2358    14.2199   4.270829   4.270152     1.4010     1.6162   -0.00372   -0.00404    89.6857     0.2450     0.0816    104.683    103.139    35.4581    35.4664    26.4944    26.5042    1506.51    1506.47         21 0.0000e+00
      37443  69.397560    104.000    103.402    14.3492    14.3579   4.283545   4.284615     1.3804     1.5931   -0.00326   -0.00382    89.6857     0.2433     0.0852    102.023    100.648    35.4724    35.4743    26.4812    26.4809    1506.88    1506.91         19 0.0000e+00
      37462  69.397568    103.000    102.397    14.3569    14.3275   4.284145   4.279585     1.3697     1.5736   -0.00720   -0.00600    89.6857     0.2381     0.0879    100.756     98.864    35.4713    35.4560    26.4787    26.4731    1506.88    1506.77         20 0.0000e+00
      37487  69.397583    102.000    101.401    14.3818    14.2763   4.287010   4.274885     1.3638     1.5558   -0.01887   -0.01850    89.6857     0.2593     0.0906    100.009     97.272    35.4754    35.4597    26.4765    26.4870    1506.95    1506.59         34 0.0000e+00
      37539  69.397606    101.000    100.419    14.2753    14.2366   4.274934   4.270079     1.3670     1.5519   -0.01033   -0.02085    89.6783     0.3185     0.0914    100.592     96.978    35.4616    35.4520    26.4886    26.4894    1506.58    1506.44         58 0.0000e+00
