data-processing/CTD/data/cnv/ures003.cnv
* Sea-Bird SBE 9 Data File:
* FileName = C:\SEASOFT\PIRATA-FR32\data\fr32003.hex
* Software Version Seasave V 7.26.7.107
* Temperature SN = 6083
* Conductivity SN = 4509
* Number of Bytes Per Scan = 42
* Number of Voltage Words = 3
* Number of Scans Averaged by the Deck Unit = 1
* NMEA Latitude = 08 29.97 N
* NMEA Longitude = 019 27.09 W
* NMEA UTC (Time) = Mar 04 2022 23:37:48
** Cruise: PIRATA-FR32
** Ship: THALASSA
** Station: 003
** Bottom Depth: 4492
** Barometric pressure : 1009
** Temp Air: 25.8
** Operator: LWMH
** Comments:
# nquan = 25
# nvalues = 501                         
# units = specified
# name 0 = scan: Scan Count
# name 1 = timeJ: Julian Days
# name 2 = prDM: Pressure, Digiquartz [db]
# name 3 = depSM: Depth [salt water, m]
# name 4 = t090C: Temperature [ITS-90, deg C]
# name 5 = t190C: Temperature, 2 [ITS-90, deg C]
# name 6 = c0S/m: Conductivity [S/m]
# name 7 = c1S/m: Conductivity, 2 [S/m]
# name 8 = sbeox0V: Oxygen raw, SBE 43 [V]
# name 9 = sbeox1V: Oxygen raw, SBE 43, 2 [V]
# name 10 = sbox0dV/dT: Oxygen, SBE 43 [dov/dt]
# name 11 = sbox1dV/dT: Oxygen, SBE 43, 2 [dov/dt]
# name 12 = CStarTr0: Beam Transmission, WET Labs C-Star [%]
# name 13 = flECO-AFL: Fluorescence, WET Labs ECO-AFL/FL [mg/m^3]
# name 14 = flC: Fluorescence, Chelsea Aqua 3 Chl Con [ug/l]
# name 15 = sbox0Mm/Kg: Oxygen, SBE 43 [umol/kg], WS = 2
# name 16 = sbox1Mm/Kg: Oxygen, SBE 43, 2 [umol/kg], WS = 2
# name 17 = sal00: Salinity, Practical [PSU]
# name 18 = sal11: Salinity, Practical, 2 [PSU]
# name 19 = sigma-é00: Density [sigma-theta, kg/m^3]
# name 20 = sigma-é11: Density, 2 [sigma-theta, kg/m^3]
# name 21 = svCM: Sound Velocity [Chen-Millero, m/s]
# name 22 = svCM1: Sound Velocity, 2 [Chen-Millero, m/s]
# name 23 = nbin: number of scans per bin
# name 24 = flag: flag
# span 0 =      20754,      65247       
# span 1 =  63.994603,  64.016060       
# span 2 =      1.000,    501.000       
# span 3 =      0.982,    497.584       
# span 4 =     9.3705,    25.7965       
# span 5 =     9.3710,    25.8052       
# span 6 =   3.772837,   5.515045       
# span 7 =   3.772628,   5.515237       
# span 8 =     0.7717,     2.6257       
# span 9 =     0.8525,     3.0360       
# span 10 =   -0.04044,    0.05416      
# span 11 =   -0.04728,    0.04945      
# span 12 =    83.6947,    89.9028      
# span 13 =     0.0406,     2.3894      
# span 14 =     0.0262,     0.7545      
# span 15 =     36.019,    197.836      
# span 16 =     35.149,    191.211      
# span 17 =    35.0104,    36.0026      
# span 18 =    35.0075,    36.0179      
# span 19 =    23.7829,    27.0753      
# span 20 =    23.7760,    27.0742      
# span 21 =    1495.77,    1537.65      
# span 22 =    1495.77,    1537.67      
# span 23 =         14,        152      
# span 24 = 0.0000e+00, 0.0000e+00      
# interval = decibars: 1                
# start_time = Mar 04 2022 23:37:49 [System UTC, first data scan.]
# bad_flag = -9.990e-29
*END*
[from data line 406]
      42001  64.004852     95.000     94.441    15.9200    15.9221   4.459911   4.459755     1.0725     1.2105   -0.00018    0.00090    89.6971     0.1679     0.0710     64.115     62.373    35.6546    35.6513    26.2732    26.2701    1511.88    1511.88         39 0.0000e+00
      42092  64.004890     94.000     93.453    15.8887    15.8987   4.456301   4.456991     1.0720     1.2096   -0.00051   -0.00070    89.7442     0.2159     0.0729     64.099     62.312    35.6509    35.6480    26.2774    26.2729    1511.76    1511.79        114 0.0000e+00
      42161  64.004929     93.000     92.458    15.8936    15.9062   4.456873   4.457709     1.0726     1.2102   -0.00009   -0.00013    89.7297     0.2138     0.0706     64.139     62.347    35.6520    35.6481    26.2771    26.2713    1511.76    1511.79         47 0.0000e+00
      42247  64.004967     92.000     91.461    15.9317    15.9499   4.461050   4.462666     1.0711     1.2094   -0.00003    0.00029    89.7147     0.2064     0.0732     63.917     62.216    35.6555    35.6536    26.2711    26.2654    1511.87    1511.92         75 0.0000e+00
      43335  64.005493     91.000     90.466    16.0294    16.0108   4.471679   4.469209     1.0689     1.2049    0.00016    0.00006    89.7101     0.2086     0.0770     63.536     61.721    35.6630    35.6577    26.2544    26.2545    1512.16    1512.09        100 0.0000e+00
      44038  64.005829     90.000     89.479    16.0287    16.0312   4.471553   4.471420     1.0682     1.2053    0.00001   -0.00027    89.7102     0.2384     0.0761     63.446     61.725    35.6629    35.6595    26.2544    26.2513    1512.14    1512.14        101 0.0000e+00
      43982  64.005806     89.000     88.482    16.0368    16.0358   4.472416   4.471940     1.0682     1.2050   -0.00017    0.00070    89.7107     0.1991     0.0767     63.431     61.683    35.6637    35.6604    26.2531    26.2508    1512.15    1512.14         40 0.0000e+00
      44032  64.005829     88.000     87.485    16.0416    16.0473   4.472846   4.473018     1.0678     1.2053   -0.00005   -0.00033    89.7174     0.2119     0.0777     63.379     61.692    35.6636    35.6601    26.2519    26.2479    1512.15    1512.16         63 0.0000e+00
      44095  64.005859     87.000     86.499    16.0430    16.0414   4.473034   4.472458     1.0681     1.2053   -0.00010    0.00033    89.6753     0.2433     0.0783     63.395     61.688    35.6645    35.6608    26.2522    26.2498    1512.14    1512.13         49 0.0000e+00
      44132  64.005875     86.000     85.495    16.0844    16.0890   4.477537   4.477814     1.0689     1.2052    0.00000   -0.00009    89.7072     0.1997     0.0794     63.422     61.616    35.6679    35.6662    26.2452    26.2429    1512.25    1512.26         38 0.0000e+00
      44210  64.005913     85.000     84.507    16.0689    16.0760   4.475700   4.475999     1.0681     1.2054    0.00008   -0.00005    89.6793     0.2689     0.0825     63.350     61.639    35.6659    35.6621    26.2473    26.2427    1512.18    1512.20        108 0.0000e+00
      44286  64.005951     84.000     83.514    16.1169    16.1090   4.481046   4.479981     1.0686     1.2047   -0.00010    0.00048    89.7047     0.2296     0.0833     63.337     61.527    35.6708    35.6684    26.2399    26.2399    1512.32    1512.29         46 0.0000e+00
      44329  64.005974     83.000     82.516    16.1355    16.1439   4.482885   4.483531     1.0686     1.2058    0.00032   -0.00053    89.6688     0.2311     0.0839     63.303     61.573    35.6708    35.6691    26.2356    26.2324    1512.36    1512.38         50 0.0000e+00
      44453  64.006035     82.000     81.522    16.1370    16.1394   4.483053   4.482960     1.0682     1.2063    0.00018    0.00051    89.7080     0.2601     0.0844     63.264     61.618    35.6714    35.6684    26.2357    26.2329    1512.35    1512.35         93 0.0000e+00
      45014  64.006302     81.000     80.523    16.1788    16.1746   4.487582   4.486654     1.0707     1.2076    0.00018    0.00017    89.6984     0.2449     0.0900     63.452     61.685    35.6746    35.6702    26.2284    26.2260    1512.46    1512.45         94 0.0000e+00
      46089  64.006821     80.000     79.537    16.1862    16.1857   4.488328   4.487886     1.0704     1.2076    0.00008    0.00094    89.6763     0.2635     0.0860     63.416     61.669    35.6751    35.6716    26.2271    26.2245    1512.47    1512.46         54 0.0000e+00
      46127  64.006836     79.000     78.550    16.1872    16.1948   4.488434   4.488944     1.0708     1.2087   -0.00004    0.00024    89.6878     0.2600     0.0913     63.448     61.751    35.6755    35.6732    26.2271    26.2236    1512.46    1512.48         32 0.0000e+00
      46152  64.006851     78.000     77.555    16.2284    16.2318   4.493202   4.493374     1.0720     1.2104    0.00025   -0.00010    89.7024     0.2272     0.0908     63.520     61.849    35.6813    35.6799    26.2220    26.2201    1512.57    1512.58         23 0.0000e+00
      46174  64.006859     77.000     76.549    16.2604    16.2804   4.496522   4.498505     1.0744     1.2130    0.00024    0.00055    89.6775     0.2304     0.0922     63.741     62.013    35.6826    35.6823    26.2155    26.2107    1512.66    1512.72         22 0.0000e+00
      46200  64.006874     76.000     75.550    16.3136    16.3389   4.502441   4.505049     1.0769     1.2148    0.00063    0.00138    89.6475     0.2398     0.0956     63.942     62.093    35.6878    35.6884    26.2072    26.2017    1512.81    1512.88         32 0.0000e+00
      46294  64.006920     75.000     74.563    16.2584    16.2788   4.496118   4.497889     1.0756     1.2129    0.00033   -0.00009    89.6525     0.2766     0.0945     63.867     61.996    35.6815    35.6790    26.2151    26.2084    1512.61    1512.67         46 0.0000e+00
      46356  64.006950     74.000     73.571    16.3553    16.3366   4.507208   4.505328     1.0768     1.2140   -0.00075    0.00016    89.6519     0.2528     0.0952     63.858     62.011    35.6936    35.6937    26.2018    26.2062    1512.91    1512.85         26 0.0000e+00
      46388  64.006966     73.000     72.571    16.4081    16.4136   4.512772   4.513196     1.0794     1.2181    0.00064    0.00079    89.6254     0.2702     0.0985     64.081     62.277    35.6961    35.6950    26.1914    26.1892    1513.05    1513.07         39 0.0000e+00
      46675  64.007103     72.000     71.580    16.4342    16.4138   4.515399   4.512713     1.0802     1.2205    0.00095    0.00147    89.6078     0.3539     0.1014     64.123     62.494    35.6964    35.6909    26.1854    26.1860    1513.12    1513.05        104 0.0000e+00
      47976  64.007729     71.000     70.584    16.5719    16.5777   4.530632   4.530943     1.0872     1.2267    0.00029    0.00052    89.5241     0.3240     0.1101     64.714     62.834    35.7084    35.7060    26.1624    26.1591    1513.53    1513.55         62 0.0000e+00
      48227  64.007851     70.000     69.600    16.6051    16.6444   4.534195   4.538653     1.0908     1.2296   -0.00032    0.00001    89.5196     0.3768     0.1118     65.059     63.002    35.7107    35.7149    26.1563    26.1503    1513.62    1513.74         52 0.0000e+00
      48264  64.007874     69.000     68.599    16.7256    16.7802   4.547610   4.553159     1.0967     1.2343    0.00119    0.00081    89.5339     0.3216     0.1149     65.545     63.249    35.7217    35.7219    26.1363    26.1235    1513.98    1514.14         41 0.0000e+00
      48335  64.007904     68.000     67.608    16.6960    16.7421   4.544142   4.548618     1.0979     1.2359    0.00273    0.00205    89.5257     0.4092     0.1139     65.706     63.438    35.7180    35.7163    26.1404    26.1281    1513.87    1514.01         85 0.0000e+00
      48400  64.007935     67.000     66.612    16.8295    16.8420   4.558452   4.559531     1.1025     1.2427    0.00021    0.00079    89.5294     0.4049     0.1144     66.026     63.913    35.7253    35.7236    26.1143    26.1101    1514.26    1514.30         65 0.0000e+00
      48466  64.007965     66.000     65.624    16.8794    16.9018   4.564131   4.566197     1.1052     1.2478    0.00225    0.00326    89.5214     0.4409     0.1170     66.255     64.289    35.7311    35.7294    26.1069    26.1003    1514.40    1514.47         50 0.0000e+00
      48502  64.007988     65.000     64.627    16.9041    16.9336   4.566902   4.569955     1.1063     1.2501    0.00095    0.00211    89.4794     0.3719     0.1207     66.332     64.442    35.7339    35.7344    26.1032    26.0965    1514.46    1514.55         34 0.0000e+00
      48536  64.008003     64.000     63.629    17.0059    17.0236   4.578229   4.579956     1.1092     1.2529    0.00052    0.00080    89.4168     0.3748     0.1290     66.505     64.572    35.7430    35.7424    26.0859    26.0811    1514.76    1514.81         35 0.0000e+00
      48625  64.008041     63.000     62.633    17.0515    17.0692   4.582661   4.584519     1.1127     1.2549    0.00083    0.00096    89.4123     0.4449     0.1348     66.823     64.685    35.7416    35.7422    26.0738    26.0700    1514.88    1514.93         74 0.0000e+00
      49160  64.008301     62.000     61.641    17.0973    17.1215   4.587947   4.589969     1.1170     1.2607   -0.00016    0.00034    89.3875     0.4305     0.1402     67.223     65.126    35.7476    35.7437    26.0674    26.0586    1515.01    1515.07         85 0.0000e+00
      50172  64.008789     61.000     60.647    17.1598    17.1613   4.594759   4.594583     1.1204     1.2672 -3.233e-07    0.00088    89.3379     0.3903     0.1445     67.507     65.650    35.7520    35.7491    26.0558    26.0532    1515.18    1515.18         27 0.0000e+00
      50209  64.008804     60.000     59.649    17.2081    17.2236   4.599805   4.601085     1.1235     1.2691    0.00085    0.00149    89.2965     0.4379     0.1535     67.769     65.731    35.7536    35.7510    26.0453    26.0396    1515.31    1515.35         56 0.0000e+00
      50306  64.008858     59.000     58.667    17.1454    17.1761   4.592949   4.596085     1.1233     1.2673   -0.00020   -0.00061    89.3411     0.4753     0.1589     67.818     65.623    35.7497    35.7499    26.0574    26.0501    1515.10    1515.19         40 0.0000e+00
      50330  64.008865     58.000     57.661    17.2395    17.3019   4.603375   4.609993     1.1293     1.2720   -0.00129   -0.00109    89.3064     0.4654     0.1630     68.343     65.869    35.7576    35.7600    26.0407    26.0275    1515.38    1515.56         29 0.0000e+00
      50382  64.008888     57.000     56.670    17.2408    17.2844   4.603085   4.607323     1.1307     1.2751    0.00249    0.00233    89.2739     0.5669     0.1812     68.490     66.164    35.7544    35.7526    26.0379    26.0260    1515.36    1515.49         82 0.0000e+00
      50467  64.008934     56.000     55.679    17.1969    17.3977   4.598471   4.620014     1.1422     1.2717   -0.00025   -0.00136    89.2360     0.6674     0.1851     69.780     65.704    35.7535    35.7630    26.0478    26.0066    1515.21    1515.82         77 0.0000e+00
      50533  64.008965     55.000     54.684    17.4257    17.6639   4.623977   4.648936     1.1725     1.2900    0.00861    0.00012    89.1864     0.6477     0.1832     72.742     66.972    35.7731    35.7789    26.0075    25.9538    1515.90    1516.60         58 0.0000e+00
      50590  64.008995     54.000     53.693    17.4710    17.8470   4.628464   4.669446     1.1998     1.3064    0.01096    0.01043    89.1703     0.6134     0.1823     75.629     68.170    35.7724    35.7949    25.9959    25.9211    1516.01    1517.14         52 0.0000e+00
      50635  64.009010     53.000     52.692    17.7753    18.2202   4.661873   4.710866     1.2422     1.3404    0.01147    0.00547    89.0727     0.6500     0.2131     79.736     70.632    35.7931    35.8228    25.9373    25.8499    1516.91    1518.24         42 0.0000e+00
      51061  64.009216     52.000     51.693    18.2525    18.3213   4.712565   4.720437     1.2702     1.4165    0.00343    0.00225    88.8430     0.6986     0.2358     81.982     77.102    35.8094    35.8164    25.8314    25.8196    1518.31    1518.51         94 0.0000e+00
      51977  64.009659     51.000     50.706    18.4299    18.4674   4.732012   4.736186     1.3066     1.4775    0.00202    0.00190    88.6659     0.9371     0.2653     85.563     82.163    35.8205    35.8232    25.7955    25.7881    1518.81    1518.93         84 0.0000e+00
      52128  64.009735     50.000     49.719    18.5882    18.6055   4.749597   4.751364     1.3352     1.5059    0.00745    0.00520    88.6671     1.1566     0.2801     88.332     84.392    35.8321    35.8320    25.7645    25.7600    1519.27    1519.32         53 0.0000e+00
      52164  64.009750     49.000     48.720    18.6254    18.7118   4.753539   4.763084     1.3582     1.5268    0.00738    0.00724    88.5591     0.8474     0.2857     90.695     86.015    35.8335    35.8390    25.7561    25.7384    1519.36    1519.61         34 0.0000e+00
      52200  64.009766     48.000     47.722    18.7796    18.8055   4.770982   4.773420     1.3793     1.5544    0.01338    0.01262    88.4348     0.8381     0.3041     92.634     88.232    35.8472    35.8452    25.7274    25.7192    1519.80    1519.87         39 0.0000e+00
      52278  64.009804     47.000     46.732    18.8993    18.9678   4.783651   4.791015     1.4130     1.5938    0.01323    0.01542    88.4098     1.0619     0.3131     95.966     91.331    35.8504    35.8530    25.6993    25.6838    1520.13    1520.32        102 0.0000e+00
      52344  64.009834     46.000     45.738    19.0561    19.0763   4.800954   4.803109     1.4405     1.6305    0.00510    0.00571    88.2380     0.9328     0.3351     98.553     94.277    35.8604    35.8609    25.6667    25.6619    1520.56    1520.62         37 0.0000e+00
      52381  64.009857     45.000     44.740    19.3560    19.4189   4.835021   4.842453     1.5081     1.6887    0.00995    0.01537    87.8720     1.0576     0.3695    105.024     98.610    35.8864    35.8941    25.6090    25.5985    1521.42    1521.61         46 0.0000e+00
      52465  64.009895     44.000     43.750    19.9227    20.0498   4.897280   4.910298     1.6614     1.8586    0.05416    0.04945    87.8669     1.3012     0.4348    119.778    111.792    35.9163    35.9149    25.4837    25.4490    1523.02    1523.37         93 0.0000e+00
      52523  64.009926     43.000     42.752    19.9951    20.0484   4.904494   4.909931     1.6807     1.9063    0.02030    0.03563    87.5154     1.3830     0.4293    121.574    115.776    35.9140    35.9132    25.4625    25.4478    1523.20    1523.35         58 0.0000e+00
      53336  64.010315     42.000     41.754    20.1073    20.1056   4.915757   4.915197     1.7088     1.9609    0.00028   -0.00062    87.3844     1.4048     0.4212    124.208    120.231    35.9111    35.9080    25.4305    25.4286    1523.49    1523.48        151 0.0000e+00
      54389  64.010826     41.000     40.764    20.1130    20.1784   4.916528   4.923452     1.7276     1.9619    0.00340    0.00250    87.4294     1.3167     0.4155    126.111    120.141    35.9130    35.9140    25.4304    25.4137    1523.49    1523.67         68 0.0000e+00
      54554  64.010902     40.000     39.776    20.3717    20.5246   4.946583   4.964277     1.8142     2.0166    0.01793    0.00753    87.4054     1.4930     0.3938    134.356    123.931    35.9389    35.9533    25.3809    25.3509    1524.21    1524.65         46 0.0000e+00
      54588  64.010918     39.000     38.777    20.6610    20.8132   4.976219   4.993028     1.8769     2.0941    0.03012    0.01619    87.3536     1.2656     0.4366    140.042    129.728    35.9350    35.9425    25.3001    25.2645    1524.98    1525.40         36 0.0000e+00
