data-processing/CTD/data/cnv/ures016.cnv
* Sea-Bird SBE 9 Data File:
* FileName = C:\SEASOFT\PIRATA-FR32\data\fr32016.hex
* Software Version Seasave V 7.26.7.107
* Temperature SN = 6083
* Conductivity SN = 4509
* Number of Bytes Per Scan = 42
* Number of Voltage Words = 3
* Number of Scans Averaged by the Deck Unit = 1
* NMEA Latitude = 03 59.85 S
* NMEA Longitude = 010 00.12 W
* NMEA UTC (Time) = Mar 10 2022 01:27:56
** Cruise: PIRATA-FR32
** Ship: THALASSA
** Station: 016
** Bottom Depth: 3584
** Barometric pressure : 1006.4
** Temp Air: 28.1
** Operator: SCP
** Comments:
# nquan = 25
# nvalues = 538                         
# units = specified
# name 0 = scan: Scan Count
# name 1 = timeJ: Julian Days
# name 2 = prDM: Pressure, Digiquartz [db]
# name 3 = depSM: Depth [salt water, m]
# name 4 = t090C: Temperature [ITS-90, deg C]
# name 5 = t190C: Temperature, 2 [ITS-90, deg C]
# name 6 = c0S/m: Conductivity [S/m]
# name 7 = c1S/m: Conductivity, 2 [S/m]
# name 8 = sbeox0V: Oxygen raw, SBE 43 [V]
# name 9 = sbeox1V: Oxygen raw, SBE 43, 2 [V]
# name 10 = sbox0dV/dT: Oxygen, SBE 43 [dov/dt]
# name 11 = sbox1dV/dT: Oxygen, SBE 43, 2 [dov/dt]
# name 12 = CStarTr0: Beam Transmission, WET Labs C-Star [%]
# name 13 = flECO-AFL: Fluorescence, WET Labs ECO-AFL/FL [mg/m^3]
# name 14 = flC: Fluorescence, Chelsea Aqua 3 Chl Con [ug/l]
# name 15 = sbox0Mm/Kg: Oxygen, SBE 43 [umol/kg], WS = 2
# name 16 = sbox1Mm/Kg: Oxygen, SBE 43, 2 [umol/kg], WS = 2
# name 17 = sal00: Salinity, Practical [PSU]
# name 18 = sal11: Salinity, Practical, 2 [PSU]
# name 19 = sigma-é00: Density [sigma-theta, kg/m^3]
# name 20 = sigma-é11: Density, 2 [sigma-theta, kg/m^3]
# name 21 = svCM: Sound Velocity [Chen-Millero, m/s]
# name 22 = svCM1: Sound Velocity, 2 [Chen-Millero, m/s]
# name 23 = nbin: number of scans per bin
# name 24 = flag: flag
# span 0 =      33623,      72890       
# span 1 =  69.077291,  69.096227       
# span 2 =      0.000,    537.000       
# span 3 =     -0.030,    533.344       
# span 4 =     7.3159,    28.7480       
# span 5 =     7.3089,    28.7483       
# span 6 =   3.549632,   5.775414       
# span 7 =   3.548680,   5.774946       
# span 8 =     1.0383,     2.7474       
# span 9 =     1.1731,     3.1855       
# span 10 =   -0.01507,    0.13191      
# span 11 =   -0.04197,    0.17420      
# span 12 =    68.4788,    90.0188      
# span 13 =     0.0419,     1.3433      
# span 14 =     0.0294,     0.3644      
# span 15 =     73.545,    207.006      
# span 16 =     71.535,    200.337      
# span 17 =    23.6562,    36.1182      
# span 18 =    22.9213,    36.1341      
# span 19 =    13.6822,    27.1059      
# span 20 =    13.1393,    27.1042      
# span 21 =    1488.27,    1543.66      
# span 22 =    1488.24,    1543.66      
# span 23 =         11,        126      
# span 24 = 0.0000e+00, 0.0000e+00      
# interval = decibars: 1                
# start_time = Mar 10 2022 01:27:57 [System UTC, first data scan.]
# bad_flag = -9.990e-29
*END*
[from data line 116]
      37393  69.079109    421.000    418.257     8.7634     8.7871   3.691953   3.694550     1.0475     1.1869   -0.00135   -0.00122    89.9414     0.0622     0.0388     75.050     73.730    34.7953    34.7994    27.0028    27.0022    1492.01    1492.10         16 0.0000e+00
      37407  69.079117    420.000    417.264     8.8001     8.8256   3.695642   3.698174     1.0462     1.1853   -0.00159   -0.00112    89.9473     0.0630     0.0387     74.797     73.479    34.7986    34.8003    26.9995    26.9968    1492.13    1492.23         14 0.0000e+00
      37421  69.079124    419.000    416.264     8.8287     8.8448   3.698518   3.700107     1.0446     1.1833   -0.00156   -0.00074    89.9474     0.0621     0.0383     74.510     73.212    34.8012    34.8022    26.9971    26.9952    1492.22    1492.28         14 0.0000e+00
      37435  69.079132    418.000    415.269     8.8409     8.8625   3.699684   3.701729     1.0430     1.1820   -0.00152   -0.00059    89.9474     0.0641     0.0380     74.263     73.024    34.8020    34.8023    26.9957    26.9925    1492.25    1492.33         14 0.0000e+00
      37451  69.079140    417.000    414.269     8.8601     8.8760   3.701614   3.703143     1.0410     1.1798   -0.00190   -0.00067    89.9474     0.0710     0.0377     73.945     72.744    34.8039    34.8044    26.9942    26.9920    1492.31    1492.37         18 0.0000e+00
      37473  69.079147    416.000    413.278     8.8694     8.8832   3.702434   3.703653     1.0389     1.1763   -0.00237   -0.00221    89.9474     0.0650     0.0359     73.632     72.330    34.8039    34.8032    26.9927    26.9899    1492.33    1492.38         28 0.0000e+00
      37514  69.079170    415.000    412.294     8.8106     8.8224   3.696363   3.697119     1.0383     1.1731   -0.00265   -0.00325    89.9320     0.0669     0.0363     73.652     72.075    34.7982    34.7947    26.9975    26.9928    1492.08    1492.12         53 0.0000e+00
      37564  69.079193    414.000    411.306     8.8119     8.8242   3.696470   3.697450     1.0400     1.1738   -0.00064   -0.00220    89.9402     0.0615     0.0361     73.872     72.144    34.7986    34.7968    26.9975    26.9942    1492.07    1492.12         42 0.0000e+00
      37601  69.079208    413.000    410.315     8.8482     8.8600   3.700188   3.701049     1.0397     1.1736    0.00116    0.00029    89.9343     0.0498     0.0370     73.750     72.039    34.8025    34.8000    26.9949    26.9910    1492.20    1492.24         33 0.0000e+00
      37628  69.079224    412.000    409.322     8.8387     8.9113   3.699156   3.706728     1.0411     1.1738    0.00051    0.00066    89.9318     0.0576     0.0382     73.946     71.968    34.8014    34.8098    26.9955    26.9906    1492.14    1492.42         23 0.0000e+00
      37650  69.079231    411.000    408.327     8.9395     8.9683   3.710105   3.713145     1.0433     1.1748   -0.00036   -0.00009    89.9427     0.0670     0.0388     74.054     71.964    34.8180    34.8217    26.9925    26.9908    1492.52    1492.63         20 0.0000e+00
      37670  69.079239    410.000    407.330     8.9855     9.0084   3.714379   3.716576     1.0463     1.1773    0.00026   -0.00041    89.9268     0.0669     0.0382     74.374     72.165    34.8183    34.8189    26.9854    26.9822    1492.67    1492.76         22 0.0000e+00
      37698  69.079254    409.000    406.333     9.0049     9.0383   3.716166   3.719252     1.0500     1.1804    0.00183    0.00077    89.9310     0.0582     0.0372     74.838     72.439    34.8185    34.8181    26.9825    26.9768    1492.73    1492.85         37 0.0000e+00
      37749  69.079285    408.000    405.353     8.9614     8.9741   3.711602   3.712558     1.0516     1.1827    0.00346    0.00279    89.9326     0.0597     0.0355     75.121     72.809    34.8137    34.8113    26.9856    26.9817    1492.55    1492.59         51 0.0000e+00
      37782  69.079300    407.000    404.361     9.0172     9.0319   3.717461   3.718900     1.0519     1.1836    0.00143    0.00184    89.9369     0.0638     0.0359     75.050     72.789    34.8210    34.8216    26.9824    26.9805    1492.74    1492.80         25 0.0000e+00
      37805  69.079308    406.000    403.363     9.0684     9.0901   3.722890   3.725058     1.0533     1.1862   -0.00010    0.00037    89.9326     0.0706     0.0354     75.143     72.964    34.8281    34.8296    26.9798    26.9774    1492.92    1493.01         22 0.0000e+00
      37827  69.079315    405.000    402.366     9.1223     9.1527   3.728144   3.731088     1.0551     1.1890    0.00008    0.00023    89.9236     0.0661     0.0351     75.280     73.154    34.8307    34.8318    26.9731    26.9691    1493.11    1493.22         22 0.0000e+00
      37852  69.079330    404.000    401.376     9.1530     9.1677   3.731237   3.732453     1.0569     1.1911    0.00097    0.00182    89.9236     0.0561     0.0364     75.455     73.347    34.8336    34.8319    26.9704    26.9667    1493.21    1493.26         28 0.0000e+00
      37912  69.079361    403.000    400.382     9.0971     9.1311   3.725395   3.728395     1.0581     1.1916    0.00132    0.00180    89.9236     0.0655     0.0364     75.714     73.460    34.8276    34.8257    26.9747    26.9677    1492.98    1493.10         73 0.0000e+00
      37995  69.079399    402.000    399.400     9.0679     9.0995   3.722492   3.725462     1.0573     1.1895   -0.00074   -0.00076    89.9236     0.0577     0.0365     75.643     73.281    34.8262    34.8264    26.9783    26.9733    1492.85    1492.97         32 0.0000e+00
      38017  69.079407    401.000    398.402     9.1329     9.1838   3.729249   3.734131     1.0600     1.1924   -0.00086   -0.00147    89.9236     0.0603     0.0369     75.878     73.429    34.8338    34.8350    26.9737    26.9665    1493.09    1493.27         23 0.0000e+00
      38039  69.079422    400.000    397.410     9.1876     9.2202   3.734771   3.738108     1.0631     1.1957   -0.00035   -0.00077    89.9236     0.0681     0.0375     76.194     73.720    34.8384    34.8414    26.9685    26.9656    1493.28    1493.40         22 0.0000e+00
      38061  69.079430    399.000    396.412     9.2167     9.2954   3.737607   3.746308     1.0650     1.1986    0.00121    0.00090    89.9236     0.0741     0.0373     76.388     73.894    34.8401    34.8538    26.9651    26.9631    1493.37    1493.67         22 0.0000e+00
      38093  69.079445    398.000    395.417     9.2752     9.3979   3.743855   3.756181     1.0609     1.1998    0.00271    0.00295    89.9166     0.0575     0.0360     75.714     73.828    34.8484    34.8570    26.9621    26.9488    1493.58    1494.04         49 0.0000e+00
      39597  69.080170    397.000    394.429     9.5648     9.5569   3.773674   3.772603     1.0488     1.1815   -0.00023    0.00014    89.9087     0.0564     0.0373     73.545     71.535    34.8763    34.8729    26.9364    26.9350    1494.65    1494.62         33 0.0000e+00
      39613  69.080177    396.000    393.428     9.5601     9.5666   3.773261   3.773730     1.0528     1.1854   -0.00071   -0.00028    89.9000     0.0559     0.0365     74.078     71.934    34.8770    34.8755    26.9377    26.9355    1494.62    1494.64         20 0.0000e+00
      39657  69.080200    395.000    392.438     9.5510     9.5606   3.772197   3.772875     1.0553     1.1880    0.00006   -0.00019    89.8998     0.0561     0.0378     74.431     72.218    34.8753    34.8730    26.9378    26.9344    1494.57    1494.60         66 0.0000e+00
      39724  69.080231    394.000    391.464     9.5358     9.5469   3.770613   3.771450     1.0554     1.1875    0.00183    0.00217    89.8917     0.0599     0.0373     74.464     72.185    34.8742    34.8720    26.9395    26.9359    1494.49    1494.53         36 0.0000e+00
      39749  69.080246    393.000    390.457     9.5786     9.5877   3.775007   3.775802     1.0577     1.1894   -0.00048   -0.00074    89.8925     0.0547     0.0364     74.675     72.308    34.8784    34.8778    26.9357    26.9337    1494.64    1494.67         26 0.0000e+00
      39775  69.080261    392.000    389.461     9.5935     9.6170   3.776516   3.778784     1.0610     1.1928   -0.00021   -0.00069    89.8987     0.0555     0.0370     75.090     72.619    34.8800    34.8806    26.9344    26.9310    1494.68    1494.76         30 0.0000e+00
      39811  69.080276    391.000    388.478     9.6404     9.6432   3.781412   3.781453     1.0644     1.1969    0.00211    0.00198    89.8998     0.0598     0.0363     75.448     73.012    34.8855    34.8831    26.9309    26.9286    1494.84    1494.84         39 0.0000e+00
      39843  69.080292    390.000    387.492     9.6520     9.6673   3.782454   3.783891     1.0666     1.2011    0.00283    0.00281    89.8998     0.0584     0.0362     75.712     73.410    34.8854    34.8854    26.9289    26.9263    1494.86    1494.92         24 0.0000e+00
      39863  69.080299    389.000    386.495     9.6428     9.6760   3.781618   3.784743     1.0673     1.2031    0.00229    0.00280    89.8998     0.0631     0.0388     75.817     73.610    34.8862    34.8861    26.9310    26.9254    1494.81    1494.93         17 0.0000e+00
      39879  69.080307    388.000    385.496     9.6721     9.6975   3.784722   3.787224     1.0669     1.2040    0.00215    0.00286    89.8998     0.0563     0.0388     75.699     73.658    34.8901    34.8913    26.9292    26.9259    1494.91    1495.00         16 0.0000e+00
      39896  69.080315    387.000    384.501     9.7061     9.7278   3.788211   3.790448     1.0659     1.2045    0.00168    0.00305    89.8998     0.0611     0.0385     75.492     73.650    34.8935    34.8956    26.9262    26.9241    1495.02    1495.10         17 0.0000e+00
      39914  69.080322    386.000    383.504     9.7327     9.7532   3.790990   3.792934     1.0649     1.2043    0.00107    0.00289    89.8987     0.0690     0.0371     75.292     73.565    34.8969    34.8970    26.9243    26.9209    1495.10    1495.18         21 0.0000e+00
      39940  69.080338    385.000    382.518     9.7487     9.7744   3.792612   3.795031     1.0638     1.2023   -0.00014    0.00160    89.8784     0.0700     0.0364     75.115     73.304    34.8985    34.8985    26.9229    26.9186    1495.15    1495.24         28 0.0000e+00
      39967  69.080353    384.000    381.528     9.7476     9.7925   3.792449   3.796835     1.0636     1.2011   -0.00142    0.00026    89.8881     0.0621     0.0366     75.081     73.131    34.8983    34.9000    26.9229    26.9166    1495.13    1495.29         26 0.0000e+00
      39992  69.080360    383.000    380.534     9.7705     9.8023   3.794878   3.798394     1.0639     1.2016   -0.00117   -0.00140    89.8999     0.0624     0.0372     75.061     73.162    34.9016    34.9069    26.9216    26.9204    1495.20    1495.32         24 0.0000e+00
      40017  69.080376    382.000    379.537     9.8289     9.8673   3.801035   3.804959     1.0642     1.2021   -0.00039   -0.00148    89.8998     0.0617     0.0389     74.998     73.093    34.9087    34.9118    26.9173    26.9133    1495.40    1495.54         26 0.0000e+00
      40042  69.080383    381.000    378.550     9.8777     9.9087   3.805892   3.808997     1.0650     1.2024    0.00008    0.00005    89.8998     0.0619     0.0377     74.995     73.039    34.9118    34.9137    26.9115    26.9077    1495.56    1495.68         25 0.0000e+00
      40066  69.080399    380.000    377.556     9.8780     9.9273   3.805987   3.810884     1.0658     1.2031    0.00041    0.00049    89.8998     0.0551     0.0368     75.096     73.075    34.9129    34.9154    26.9123    26.9059    1495.55    1495.73         24 0.0000e+00
      40091  69.080406    379.000    376.559     9.9092     9.9579   3.809303   3.814204     1.0676     1.2039    0.00046    0.00048    89.8998     0.0622     0.0380     75.265     73.099    34.9172    34.9203    26.9103    26.9045    1495.65    1495.83         28 0.0000e+00
      40126  69.080429    378.000    375.572     9.9699     9.9965   3.815379   3.817950     1.0700     1.2058    0.00099    0.00051    89.8998     0.0544     0.0382     75.477     73.221    34.9211    34.9218    26.9031    26.8991    1495.86    1495.95         38 0.0000e+00
      40157  69.080444    377.000    374.588     9.9900    10.0070   3.817668   3.819238     1.0718     1.2079    0.00169    0.00084    89.8998     0.0518     0.0359     75.666     73.419    34.9256    34.9253    26.9031    26.9000    1495.92    1495.98         22 0.0000e+00
      40175  69.080452    376.000    373.591     9.9766    10.0083   3.816121   3.818957     1.0727     1.2102    0.00174    0.00117    89.8998     0.0460     0.0348     75.796     73.657    34.9232    34.9216    26.9035    26.8968    1495.85    1495.96         17 0.0000e+00
      40191  69.080460    375.000    372.593    10.0029    10.0132   3.818820   3.819723     1.0735     1.2117    0.00175    0.00154    89.8998     0.0534     0.0350     75.848     73.808    34.9258    34.9251    26.9010    26.8988    1495.93    1495.97         16 0.0000e+00
      40207  69.080467    374.000    371.595    10.0186    10.0279   3.820367   3.821098     1.0749     1.2118    0.00154    0.00170    89.8998     0.0554     0.0347     75.988     73.784    34.9269    34.9254    26.8992    26.8964    1495.97    1496.00         16 0.0000e+00
      40225  69.080475    373.000    370.600    10.0222    10.0331   3.820690   3.821533     1.0756     1.2118    0.00119    0.00204    89.8998     0.0555     0.0348     76.063     73.766    34.9272    34.9253    26.8988    26.8955    1495.97    1496.01         19 0.0000e+00
      40247  69.080482    372.000    369.609    10.0301    10.0410   3.821483   3.822369     1.0767     1.2126    0.00127    0.00245    89.8998     0.0540     0.0352     76.187     73.822    34.9281    34.9266    26.8982    26.8951    1495.98    1496.02         26 0.0000e+00
      40275  69.080498    371.000    368.624    10.0379    10.0495   3.822254   3.823214     1.0778     1.2139    0.00147    0.00045    89.8998     0.0613     0.0351     76.310     73.936    34.9289    34.9275    26.8974    26.8944    1495.99    1496.03         27 0.0000e+00
      40300  69.080513    370.000    367.629    10.0399    10.0563   3.822401   3.823802     1.0790     1.2151    0.00117    0.00047    89.8988     0.0475     0.0345     76.453     74.051    34.9289    34.9275    26.8971    26.8931    1495.99    1496.04         25 0.0000e+00
      40326  69.080521    369.000    366.630    10.0582    10.0715   3.824379   3.825537     1.0798     1.2175    0.00103    0.00106    89.8990     0.0655     0.0369     76.521     74.272    34.9320    34.9309    26.8963    26.8932    1496.04    1496.08         29 0.0000e+00
      40362  69.080544    368.000    365.647    10.0614    10.0805   3.824490   3.826243     1.0809     1.2197    0.00104    0.00146    89.8839     0.0577     0.0370     76.646     74.485    34.9305    34.9299    26.8946    26.8909    1496.03    1496.10         40 0.0000e+00
      40395  69.080559    367.000    364.658    10.0814    10.1107   3.826843   3.829849     1.0817     1.2198    0.00069    0.00200    89.8836     0.0667     0.0371     76.713     74.424    34.9356    34.9380    26.8951    26.8920    1496.09    1496.20         25 0.0000e+00
      40416  69.080566    366.000    363.659    10.0955    10.1361   3.828169   3.832247     1.0820     1.2201    0.00070    0.00156    89.8988     0.0684     0.0371     76.716     74.404    34.9360    34.9384    26.8930    26.8879    1496.13    1496.28         19 0.0000e+00
      40435  69.080574    365.000    362.663    10.1343    10.1694   3.832282   3.835895     1.0827     1.2211    0.00064    0.00082    89.8960     0.0617     0.0361     76.729     74.438    34.9409    34.9439    26.8902    26.8865    1496.26    1496.39         19 0.0000e+00
