data-processing/CTD/data/cnv/ures018.cnv
* Sea-Bird SBE 9 Data File:
* FileName = C:\SEASOFT\PIRATA-FR32\data\fr32018.hex
* Software Version Seasave V 7.26.7.107
* Temperature SN = 6083
* Conductivity SN = 4509
* Number of Bytes Per Scan = 42
* Number of Voltage Words = 3
* Number of Scans Averaged by the Deck Unit = 1
* NMEA Latitude = 05 00.02 S
* NMEA Longitude = 010 00.06 W
* NMEA UTC (Time) = Mar 10 2022 09:06:28
** Cruise: PIRATA-FR32
** Ship: THALASSA
** Station: 018
** Bottom Depth: 3283
** Barometric pressure : 1008.9
** Temp Air: 23.7
** Operator: LWMH
** Comments:
# nquan = 25
# nvalues = 504                         
# units = specified
# name 0 = scan: Scan Count
# name 1 = timeJ: Julian Days
# name 2 = prDM: Pressure, Digiquartz [db]
# name 3 = depSM: Depth [salt water, m]
# name 4 = t090C: Temperature [ITS-90, deg C]
# name 5 = t190C: Temperature, 2 [ITS-90, deg C]
# name 6 = c0S/m: Conductivity [S/m]
# name 7 = c1S/m: Conductivity, 2 [S/m]
# name 8 = sbeox0V: Oxygen raw, SBE 43 [V]
# name 9 = sbeox1V: Oxygen raw, SBE 43, 2 [V]
# name 10 = sbox0dV/dT: Oxygen, SBE 43 [dov/dt]
# name 11 = sbox1dV/dT: Oxygen, SBE 43, 2 [dov/dt]
# name 12 = CStarTr0: Beam Transmission, WET Labs C-Star [%]
# name 13 = flECO-AFL: Fluorescence, WET Labs ECO-AFL/FL [mg/m^3]
# name 14 = flC: Fluorescence, Chelsea Aqua 3 Chl Con [ug/l]
# name 15 = sbox0Mm/Kg: Oxygen, SBE 43 [umol/kg], WS = 2
# name 16 = sbox1Mm/Kg: Oxygen, SBE 43, 2 [umol/kg], WS = 2
# name 17 = sal00: Salinity, Practical [PSU]
# name 18 = sal11: Salinity, Practical, 2 [PSU]
# name 19 = sigma-é00: Density [sigma-theta, kg/m^3]
# name 20 = sigma-é11: Density, 2 [sigma-theta, kg/m^3]
# name 21 = svCM: Sound Velocity [Chen-Millero, m/s]
# name 22 = svCM1: Sound Velocity, 2 [Chen-Millero, m/s]
# name 23 = nbin: number of scans per bin
# name 24 = flag: flag
# span 0 =      18246,      49671       
# span 1 =  69.388301,  69.403456       
# span 2 =      2.000,    505.000       
# span 3 =      1.980,    501.588       
# span 4 =     7.9569,    28.2964       
# span 5 =     7.9538,    28.2970       
# span 6 =   3.612905,   5.800903       
# span 7 =   3.612352,   5.800357       
# span 8 =     1.0414,     2.7007       
# span 9 =     1.1770,     3.1333       
# span 10 =   -0.05258,    0.07606      
# span 11 =   -0.02707,    0.07636      
# span 12 =    83.0397,    89.9681      
# span 13 =     0.0441,     0.9695      
# span 14 =     0.0281,     0.2506      
# span 15 =     72.381,    203.702      
# span 16 =     70.727,    197.462      
# span 17 =    34.7111,    36.1233      
# span 18 =    34.7083,    36.1244      
# span 19 =    23.0554,    27.0611      
# span 20 =    23.0443,    27.0594      
# span 21 =    1490.26,    1543.47      
# span 22 =    1490.25,    1543.50      
# span 23 =         10,         97      
# span 24 = 0.0000e+00, 0.0000e+00      
# interval = decibars: 1                
# start_time = Mar 10 2022 09:06:29 [System UTC, first data scan.]
# bad_flag = -9.990e-29
*END*
[from data line 232]
      29963  69.393951    273.000    271.309    11.0060    11.0178   3.920373   3.921356     1.2541     1.4292    0.00008    0.00028    89.8924     0.0593     0.0318     96.172     93.758    35.0348    35.0334    26.8077    26.8045    1497.94    1497.98         22 0.0000e+00
      29984  69.393959    272.000    270.323    11.0111    11.0243   3.920888   3.921985     1.2537     1.4294    0.00004    0.00059    89.8930     0.0621     0.0323     96.096     93.757    35.0356    35.0339    26.8074    26.8037    1497.94    1497.98         21 0.0000e+00
      30004  69.393974    271.000    269.324    11.0190    11.0293   3.921678   3.922510     1.2535     1.4298    0.00021    0.00017    89.8761     0.0633     0.0319     96.047     93.769    35.0363    35.0349    26.8065    26.8035    1497.95    1497.99         19 0.0000e+00
      30022  69.393982    270.000    268.332    11.0287    11.0479   3.922750   3.924867     1.2533     1.4298    0.00039    0.00019    89.8760     0.0694     0.0315     95.988     93.716    35.0383    35.0411    26.8062    26.8049    1497.97    1498.04         18 0.0000e+00
      30041  69.393990    269.000    267.333    11.0593    11.1064   3.926147   3.931167     1.2525     1.4297   -0.00007    0.00030    89.8760     0.0621     0.0321     95.799     93.570    35.0434    35.0486    26.8047    26.8001    1498.07    1498.24         20 0.0000e+00
      30064  69.393997    268.000    266.341    11.0914    11.1259   3.929435   3.932992     1.2513     1.4287   -0.00029    0.00023    89.8760     0.0554     0.0318     95.566     93.412    35.0461    35.0487    26.8009    26.7967    1498.17    1498.29         26 0.0000e+00
      30095  69.394012    267.000    265.348    11.0970    11.0997   3.930067   3.929699     1.2502     1.4266   -0.00064    0.00000    89.8760     0.0551     0.0323     95.406     93.238    35.0475    35.0412    26.8010    26.7956    1498.17    1498.17         36 0.0000e+00
      30129  69.394035    266.000    264.366    11.0918    11.0821   3.929580   3.928366     1.2509     1.4267   -0.00129   -0.00130    89.8760     0.0557     0.0329     95.490     93.275    35.0480    35.0451    26.8023    26.8018    1498.14    1498.10         28 0.0000e+00
      30152  69.394043    265.000    263.370    11.1675    11.1271   3.937571   3.933229     1.2509     1.4265   -0.00085   -0.00172    89.8760     0.0465     0.0344     95.307     93.146    35.0559    35.0512    26.7946    26.7983    1498.40    1498.25         19 0.0000e+00
      30169  69.394051    264.000    262.381    11.1696    11.1920   3.937608   3.940065     1.2500     1.4263   -0.00000   -0.00073    89.8760     0.0491     0.0339     95.182     92.973    35.0548    35.0579    26.7933    26.7916    1498.39    1498.47         16 0.0000e+00
      30184  69.394058    263.000    261.381    11.1977    11.2241   3.940838   3.943636     1.2490     1.4270    0.00057    0.00023    89.8760     0.0550     0.0330     94.979     92.955    35.0606    35.0633    26.7927    26.7900    1498.47    1498.57         15 0.0000e+00
      30198  69.394066    262.000    260.382    11.2368    11.2660   3.945020   3.948215     1.2478     1.4259    0.00034    0.00027    89.8760     0.0549     0.0321     94.731     92.739    35.0654    35.0693    26.7893    26.7869    1498.60    1498.71         15 0.0000e+00
      30214  69.394073    261.000    259.381    11.2551    11.2949   3.946906   3.951043     1.2463     1.4246   -0.00027   -0.00013    89.8747     0.0549     0.0315     94.490     92.538    35.0671    35.0704    26.7872    26.7825    1498.65    1498.79         17 0.0000e+00
      30234  69.394081    260.000    258.389    11.2603    11.3067   3.947403   3.952055     1.2447     1.4228   -0.00105   -0.00002    89.8759     0.0478     0.0323     94.265     92.309    35.0676    35.0696    26.7866    26.7796    1498.65    1498.81         23 0.0000e+00
      30269  69.394096    259.000    257.402    11.2267    11.2434   3.943707   3.944860     1.2441     1.4212   -0.00192   -0.00131    89.8658     0.0529     0.0331     94.248     92.279    35.0632    35.0588    26.7893    26.7828    1498.51    1498.56         50 0.0000e+00
      30322  69.394127    258.000    256.424    11.2202    11.2193   3.943012   3.942796     1.2463     1.4235   -0.00101   -0.00169    89.8747     0.0480     0.0320     94.533     92.544    35.0630    35.0617    26.7903    26.7895    1498.47    1498.47         37 0.0000e+00
      30343  69.394135    257.000    255.432    11.2647    11.2910   3.947747   3.950475     1.2458     1.4233    0.00085    0.00001    89.8907     0.0456     0.0327     94.360     92.367    35.0681    35.0702    26.7861    26.7829    1498.62    1498.71         18 0.0000e+00
      30358  69.394142    256.000    254.429    11.3045    11.3344   3.952216   3.955409     1.2446     1.4225    0.00141    0.00134    89.8829     0.0510     0.0339     94.104     92.178    35.0751    35.0783    26.7842    26.7812    1498.75    1498.85         14 0.0000e+00
      30372  69.394150    255.000    253.433    11.3533    11.3692   3.957303   3.958703     1.2436     1.4221    0.00111    0.00147    89.8760     0.0549     0.0331     93.863     92.049    35.0796    35.0784    26.7787    26.7748    1498.91    1498.96         13 0.0000e+00
      30386  69.394157    254.000    252.433    11.3651    11.3769   3.958503   3.959502     1.2430     1.4212    0.00041    0.00097    89.8760     0.0558     0.0321     93.744     91.928    35.0807    35.0794    26.7774    26.7742    1498.93    1498.97         15 0.0000e+00
      30401  69.394165    253.000    251.436    11.3784    11.3854   3.959909   3.960426     1.2422     1.4188   -0.00030    0.00008    89.8717     0.0535     0.0318     93.603     91.649    35.0824    35.0809    26.7763    26.7738    1498.96    1498.99         16 0.0000e+00
      30420  69.394173    252.000    250.448    11.3764    11.3893   3.959622   3.960729     1.2411     1.4166   -0.00134   -0.00080    89.8626     0.0451     0.0336     93.454     91.406    35.0819    35.0807    26.7762    26.7729    1498.94    1498.98         21 0.0000e+00
      30443  69.394180    251.000    249.458    11.3816    11.3812   3.960097   3.959624     1.2402     1.4158   -0.00149   -0.00152    89.8695     0.0600     0.0338     93.324     91.327    35.0821    35.0778    26.7754    26.7721    1498.94    1498.93         26 0.0000e+00
      30469  69.394196    250.000    248.464    11.3928    11.3751   3.961393   3.959217     1.2399     1.4149   -0.00136   -0.00304    89.8741     0.0490     0.0330     93.244     91.234    35.0848    35.0801    26.7754    26.7750    1498.97    1498.90         25 0.0000e+00
      30495  69.394211    249.000    247.474    11.4039    11.3922   3.962546   3.960964     1.2399     1.4146   -0.00102   -0.00165    89.8751     0.0526     0.0339     93.209     91.161    35.0861    35.0815    26.7743    26.7729    1498.99    1498.94         26 0.0000e+00
      30521  69.394218    248.000    246.478    11.4079    11.4048   3.962969   3.962361     1.2395     1.4137   -0.00054   -0.00082    89.8760     0.0550     0.0335     93.139     91.024    35.0869    35.0838    26.7742    26.7723    1498.99    1498.97         28 0.0000e+00
      30552  69.394234    247.000    245.485    11.4060    11.4112   3.962597   3.962823     1.2386     1.4127   -0.00002   -0.00036    89.8760     0.0601     0.0324     93.026     90.899    35.0855    35.0828    26.7734    26.7703    1498.96    1498.98         33 0.0000e+00
      30583  69.394249    246.000    244.501    11.4315    11.4235   3.965576   3.964480     1.2381     1.4120   -0.00045   -0.00088    89.8760     0.0475     0.0328     92.891     90.792    35.0912    35.0879    26.7731    26.7720    1499.04    1499.01         28 0.0000e+00
      30606  69.394264    245.000    243.506    11.4685    11.4686   3.969363   3.969266     1.2365     1.4089   -0.00066   -0.00087    89.8760     0.0550     0.0331     92.601     90.367    35.0940    35.0929    26.7684    26.7675    1499.16    1499.16         20 0.0000e+00
      30625  69.394272    244.000    242.504    11.4722    11.4791   3.969605   3.970098     1.2353     1.4073   -0.00023   -0.00016    89.8746     0.0550     0.0337     92.435     90.165    35.0933    35.0916    26.7671    26.7645    1499.15    1499.17         17 0.0000e+00
      30643  69.394279    243.000    241.510    11.4687    11.4811   3.969316   3.970368     1.2339     1.4070   -0.00056   -0.00072    89.8720     0.0544     0.0335     92.246     90.127    35.0942    35.0928    26.7684    26.7651    1499.12    1499.17         18 0.0000e+00
      30662  69.394287    242.000    240.513    11.4795    11.4846   3.970435   3.970659     1.2335     1.4055   -0.00141   -0.00270    89.8591     0.0553     0.0337     92.167     89.951    35.0955    35.0928    26.7674    26.7643    1499.15    1499.16         21 0.0000e+00
      30686  69.394302    241.000    239.524    11.4808    11.4851   3.970522   3.970637     1.2330     1.4054   -0.00172   -0.00210    89.8566     0.0576     0.0337     92.085     89.927    35.0955    35.0926    26.7671    26.7641    1499.14    1499.15         27 0.0000e+00
      30713  69.394310    240.000    238.541    11.4824    11.4797   3.970632   3.969997     1.2325     1.4048   -0.00125   -0.00112    89.8716     0.0700     0.0321     92.011     89.870    35.0955    35.0918    26.7669    26.7644    1499.12    1499.11         25 0.0000e+00
      30734  69.394325    239.000    237.547    11.4857    11.4825   3.970958   3.970338     1.2326     1.4048   -0.00048   -0.00106    89.8734     0.0560     0.0337     92.003     89.849    35.0960    35.0929    26.7666    26.7648    1499.12    1499.11         18 0.0000e+00
      30751  69.394333    238.000    236.550    11.4878    11.4886   3.971130   3.970911     1.2323     1.4039   -0.00057   -0.00008    89.8676     0.0577     0.0345     91.951     89.737    35.0962    35.0933    26.7663    26.7640    1499.11    1499.11         17 0.0000e+00
      30767  69.394341    237.000    235.547    11.4886    11.4933   3.971179   3.971383     1.2324     1.4040   -0.00045   -0.00032    89.8642     0.0561     0.0356     91.945     89.718    35.0964    35.0939    26.7663    26.7635    1499.10    1499.11         16 0.0000e+00
      30785  69.394348    236.000    234.551    11.4926    11.4971   3.971570   3.971725     1.2319     1.4044   -0.00011   -0.00049    89.8548     0.0559     0.0354     91.862     89.740    35.0969    35.0941    26.7659    26.7629    1499.10    1499.11         20 0.0000e+00
      30809  69.394356    235.000    233.562    11.4943    11.4933   3.971713   3.971223     1.2314     1.4054   -0.00014   -0.00050    89.8666     0.0560     0.0344     91.783     89.839    35.0971    35.0932    26.7658    26.7629    1499.08    1499.08         29 0.0000e+00
      30840  69.394371    234.000    232.577    11.4922    11.4907   3.971451   3.970978     1.2314     1.4049   -0.00035    0.00011    89.8670     0.0617     0.0346     91.780     89.787    35.0969    35.0937    26.7660    26.7637    1499.06    1499.05         29 0.0000e+00
      30867  69.394386    233.000    231.582    11.4989    11.4976   3.972105   3.971653 -9.990e-29     1.4041   -0.00052    0.00092    89.8616     0.0629     0.0341 -9.990e-29     89.678    35.0975    35.0943    26.7652    26.7629    1499.07    1499.06         25 0.0000e+00
      30890  69.394402    232.000    230.589    11.5027    11.5027   3.972495   3.972164 -9.990e-29     1.4037   -0.00005    0.00004    89.8552     0.0558     0.0338 -9.990e-29     89.614    35.0982    35.0950    26.7650    26.7625    1499.07    1499.06         24 0.0000e+00
      30913  69.394409    231.000    229.593    11.5070    11.5071   3.972914   3.972606 -9.990e-29     1.4033    0.00008   -0.00069    89.8715     0.0562     0.0343 -9.990e-29     89.549    35.0987    35.0955    26.7645    26.7620    1499.06    1499.06         22 0.0000e+00
      30937  69.394424    230.000    228.597    11.5085    11.5111   3.973052   3.972923 -9.990e-29     1.4022   -0.00011   -0.00074    89.8750     0.0678     0.0348 -9.990e-29     89.422    35.0990    35.0953    26.7645    26.7611    1499.05    1499.06         24 0.0000e+00
      30962  69.394432    229.000    227.607    11.5106    11.5131   3.973213   3.973014     1.2313     1.4028   -0.00004   -0.00030    89.8734     0.0602     0.0340     91.665     89.465    35.0991    35.0948    26.7641    26.7603    1499.04    1499.05         27 0.0000e+00
      30988  69.394447    228.000    226.619    11.5130    11.5151   3.973458   3.973384     1.2313     1.4033    0.00000   -0.00098    89.8644     0.0546     0.0337     91.649     89.506    35.0997    35.0970    26.7641    26.7617    1499.04    1499.04         23 0.0000e+00
      31008  69.394455    227.000    225.632    11.5219    11.5232   3.974372   3.974271     1.2306     1.4038   -0.00004   -0.00034    89.8677     0.0575     0.0332     91.532     89.527    35.1007    35.0984    26.7632    26.7612    1499.05    1499.05         17 0.0000e+00
      31023  69.394463    226.000    224.631    11.5246    11.5304   3.974638   3.974946     1.2304     1.4038   -0.00002    0.00058    89.8762     0.0623     0.0333     91.495     89.494    35.1012    35.0988    26.7631    26.7602    1499.05    1499.06         15 0.0000e+00
      31037  69.394470    225.000    223.630    11.5348    11.5428   3.975783   3.976432     1.2300     1.4032   -0.00002    0.00077    89.8743     0.0520     0.0326     91.410     89.395    35.1033    35.1021    26.7628    26.7604    1499.07    1499.09         14 0.0000e+00
      31052  69.394478    224.000    222.626    11.5502    11.5637   3.977348   3.978653     1.2291     1.4024   -0.00013    0.00041    89.8730     0.0464     0.0332     91.255     89.261    35.1046    35.1047    26.7609    26.7585    1499.11    1499.15         16 0.0000e+00
      31073  69.394485    223.000    221.634    11.5478    11.5667   3.977012   3.978662     1.2285     1.4014   -0.00057    0.00027    89.8552     0.0545     0.0332     91.169     89.145    35.1040    35.1023    26.7608    26.7560    1499.08    1499.14         28 0.0000e+00
      31115  69.394508    222.000    220.656    11.5340    11.5340   3.975524   3.975142     1.2285     1.4021   -0.00087   -0.00108    89.8581     0.0557     0.0334     91.194     89.275    35.1028    35.0991    26.7625    26.7596    1499.01    1499.01         47 0.0000e+00
      31148  69.394524    221.000    219.672    11.5355    11.5429   3.975618   3.976174     1.2296     1.4019   -0.00071   -0.00043    89.8756     0.0559     0.0325     91.310     89.218    35.1027    35.1013    26.7621    26.7596    1499.00    1499.03         22 0.0000e+00
      31166  69.394531    220.000    218.680    11.5550    11.5602   3.977972   3.978372     1.2295     1.4018    0.00019    0.00070    89.8668     0.0515     0.0333     91.243     89.166    35.1079    35.1069    26.7625    26.7607    1499.06    1499.08         16 0.0000e+00
      31181  69.394539    219.000    217.674    11.5889    11.6032   3.981443   3.982831     1.2289     1.4017    0.00073    0.00060    89.8570     0.0457     0.0326     91.083     89.050    35.1105    35.1106    26.7581    26.7555    1499.16    1499.21         14 0.0000e+00
      31195  69.394547    218.000    216.678    11.6046    11.6153   3.983079   3.983917     1.2280     1.4004    0.00060   -0.00003    89.8764     0.0463     0.0316     90.930     88.889    35.1122    35.1103    26.7565    26.7530    1499.20    1499.24         14 0.0000e+00
      31209  69.394554    217.000    215.678    11.6129    11.6269   3.983940   3.985281     1.2269     1.3999    0.00064   -0.00038    89.8586     0.0441     0.0317     90.769     88.802    35.1132    35.1132    26.7557    26.7531    1499.22    1499.26         15 0.0000e+00
