data-processing/CTD/data/cnv/ures017.cnv
* Sea-Bird SBE 9 Data File:
* FileName = C:\SEASOFT\PIRATA-FR32\data\fr32017.hex
* Software Version Seasave V 7.26.7.107
* Temperature SN = 6083
* Conductivity SN = 4509
* Number of Bytes Per Scan = 42
* Number of Voltage Words = 3
* Number of Scans Averaged by the Deck Unit = 1
* NMEA Latitude = 04 29.91 S
* NMEA Longitude = 010 00.04 W
* NMEA UTC (Time) = Mar 10 2022 05:28:45
** Cruise: PIRATA-FR32
** Ship: THALASSA
** Station: 017
** Bottom Depth: 3684
** Barometric pressure : 1005.9
** Temp Air: 27.7
** Operator: AMGE
** Comments:
# nquan = 25
# nvalues = 500                         
# units = specified
# name 0 = scan: Scan Count
# name 1 = timeJ: Julian Days
# name 2 = prDM: Pressure, Digiquartz [db]
# name 3 = depSM: Depth [salt water, m]
# name 4 = t090C: Temperature [ITS-90, deg C]
# name 5 = t190C: Temperature, 2 [ITS-90, deg C]
# name 6 = c0S/m: Conductivity [S/m]
# name 7 = c1S/m: Conductivity, 2 [S/m]
# name 8 = sbeox0V: Oxygen raw, SBE 43 [V]
# name 9 = sbeox1V: Oxygen raw, SBE 43, 2 [V]
# name 10 = sbox0dV/dT: Oxygen, SBE 43 [dov/dt]
# name 11 = sbox1dV/dT: Oxygen, SBE 43, 2 [dov/dt]
# name 12 = CStarTr0: Beam Transmission, WET Labs C-Star [%]
# name 13 = flECO-AFL: Fluorescence, WET Labs ECO-AFL/FL [mg/m^3]
# name 14 = flC: Fluorescence, Chelsea Aqua 3 Chl Con [ug/l]
# name 15 = sbox0Mm/Kg: Oxygen, SBE 43 [umol/kg], WS = 2
# name 16 = sbox1Mm/Kg: Oxygen, SBE 43, 2 [umol/kg], WS = 2
# name 17 = sal00: Salinity, Practical [PSU]
# name 18 = sal11: Salinity, Practical, 2 [PSU]
# name 19 = sigma-é00: Density [sigma-theta, kg/m^3]
# name 20 = sigma-é11: Density, 2 [sigma-theta, kg/m^3]
# name 21 = svCM: Sound Velocity [Chen-Millero, m/s]
# name 22 = svCM1: Sound Velocity, 2 [Chen-Millero, m/s]
# name 23 = nbin: number of scans per bin
# name 24 = flag: flag
# span 0 =      18646,      47369       
# span 1 =  69.237302,  69.251154       
# span 2 =      2.000,    501.000       
# span 3 =      1.985,    497.636       
# span 4 =     7.8146,    28.5973       
# span 5 =     7.8106,    28.5970       
# span 6 =   3.598376,   5.798379       
# span 7 =   3.597739,   5.797607       
# span 8 =     1.0011,     2.7271       
# span 9 =     1.1293,     3.1639       
# span 10 =   -0.01772,    0.06414      
# span 11 =   -0.01725,    0.06333      
# span 12 =    83.5286,    89.9949      
# span 13 =     0.0458,     1.1343      
# span 14 =     0.0316,     0.3321      
# span 15 =     67.036,    205.419      
# span 16 =     65.609,    199.656      
# span 17 =    34.6980,    36.0927      
# span 18 =    34.6951,    36.1268      
# span 19 =    22.7799,    27.0717      
# span 20 =    22.7766,    27.0700      
# span 21 =    1489.62,    1543.62      
# span 22 =    1489.62,    1543.61      
# span 23 =         15,        143      
# span 24 = 0.0000e+00, 0.0000e+00      
# interval = decibars: 1                
# start_time = Mar 10 2022 05:28:46 [System UTC, first data scan.]
# bad_flag = -9.990e-29
*END*
[from data line 464]
      44124  69.249588     37.000     36.792    25.3018    25.3146   5.483983   5.485412     2.6693     3.0965    0.00128    0.00279    87.2927     0.4546     0.1656    203.858    197.585    36.0628    36.0632    24.0546    24.0510    1536.90    1536.93         26 0.0000e+00
      44152  69.249603     36.000     35.796    25.3268    25.3334   5.486072   5.486192     2.6703     3.1020    0.00952    0.01100    87.2804     0.4367     0.1610    203.849    197.941    36.0587    36.0544    24.0439    24.0385    1536.93    1536.94         30 0.0000e+00
      44181  69.249619     35.000     34.806    25.3283    25.3275   5.486106   5.485523     2.6721     3.1117    0.00552    0.00543    87.2712     0.4510     0.1568    203.997    198.677    36.0581    36.0545    24.0429    24.0403    1536.92    1536.91         29 0.0000e+00
      44207  69.249626     34.000     33.809    25.3362    25.3408   5.486968   5.487136     2.6718     3.1109    0.00126    0.00462    87.2355     0.4462     0.1532    203.914    198.550    36.0585    36.0561    24.0406    24.0375    1536.92    1536.93         24 0.0000e+00
      44231  69.249641     33.000     32.819    25.3851    25.3885   5.492649   5.493309     2.6773     3.1086    0.00106    0.00808    87.1865     0.4136     0.1504    204.243    198.193    36.0620    36.0642    24.0281    24.0287    1537.03    1537.04         23 0.0000e+00
      44257  69.249649     32.000     31.814    25.4112    25.5093   5.495186   5.505270     2.6801     3.1125    0.00072    0.00223    87.1901     0.3717     0.1420    204.398    198.108    36.0604    36.0570    24.0188    23.9860    1537.07    1537.30         30 0.0000e+00
      44291  69.249672     31.000     30.825    25.5222    25.5071   5.507355   5.505248     2.6840     3.1184    0.00382   -0.00136    87.1854     0.3536     0.1323    204.370    198.543    36.0625    36.0589    23.9861    23.9880    1537.32    1537.28         38 0.0000e+00
      44328  69.249687     30.000     29.834    25.6634    25.6233   5.522518   5.518686     2.6931     3.1306    0.00233    0.00408    87.1351     0.3540     0.1265    204.730    199.090    36.0627    36.0663    23.9424    23.9575    1537.63    1537.54         35 0.0000e+00
      44366  69.249702     29.000     28.834    25.7719    25.8363   5.534776   5.541789     2.6938     3.1296    0.00451    0.00661    87.0988     0.3367     0.1246    204.409    198.338    36.0673    36.0679    23.9121    23.8924    1537.88    1538.03         47 0.0000e+00
      44426  69.249733     28.000     27.845    25.8401    25.6661   5.542434   5.523053     2.6961     3.1370   -0.00015   -0.00111    87.0338     0.3559     0.1201    204.365    199.406    36.0699    36.0651    23.8925    23.9431    1538.02    1537.61         58 0.0000e+00
      44468  69.249756     27.000     26.855    26.1466    25.9402   5.575932   5.554083     2.7185     3.1518    0.00205    0.00313    87.0307     0.2669     0.1093    205.419    199.656    36.0738    36.0766    23.7996    23.8665    1538.73    1538.25         32 0.0000e+00
      44495  69.249771     26.000     25.856    26.5862    26.7055   5.625744   5.643578     2.7271     3.1551    0.00566    0.01218    87.0390     0.2279     0.0979    204.731    197.520    36.0911    36.1268    23.6738    23.6628    1539.74    1540.05         24 0.0000e+00
      44521  69.249779     25.000     24.865    26.8639    26.8885   5.655462   5.659016     2.7248     3.1609    0.01245    0.00579    87.1009     0.1966     0.0859    203.602    197.427    36.0891    36.0955    23.5838    23.5808    1540.36    1540.42         27 0.0000e+00
      44546  69.249794     24.000     23.859    26.9300    26.9689   5.662601   5.666571     2.7212     3.1626    0.01175    0.00372    87.1379     0.1894     0.0755    203.035    197.306    36.0893    36.0876    23.5628    23.5490    1540.49    1540.58         25 0.0000e+00
      44575  69.249809     23.000     22.867    26.9569    26.9708   5.665498   5.666838     2.7211     3.1639   -0.00058    0.00467    87.1283     0.1849     0.0728    202.909    197.374    36.0895    36.0883    23.5542    23.5489    1540.54    1540.57         35 0.0000e+00
      44657  69.249847     22.000     21.875    27.0222    26.9655   5.672771   5.666901     2.7195     3.1569    0.00182   -0.00038    86.9535     0.1800     0.0676    202.530    196.831    36.0912    36.0931    23.5342    23.5539    1540.67    1540.54         77 0.0000e+00
      44787  69.249908     21.000     20.881    27.2774    27.2399   5.700596   5.696321     2.7205     3.1510   -0.00103    0.00090    86.7919     0.1764     0.0600    201.781    195.570    36.0927    36.0912    23.4534    23.4644    1541.23    1541.14        120 0.0000e+00
      45609  69.250305     20.000     19.885    27.4475    27.4561   5.717883   5.717976     2.7148     3.1442   -0.00134   -0.00124    85.2934     0.1618     0.0566    200.719    194.428    36.0847    36.0787    23.3923    23.3849    1541.59    1541.60        140 0.0000e+00
      46004  69.250496     19.000     18.900    27.4910    27.4957   5.722198   5.722262     2.7206     3.1509    0.00309    0.00464    84.6389     0.1573     0.0572    201.083    194.787    36.0821    36.0789    23.3762    23.3722    1541.66    1541.67         33 0.0000e+00
      46018  69.250504     18.000     17.896    27.5646    27.6215   5.729447   5.735119     2.7145     3.1506    0.00232   -0.00057    84.6088     0.1423     0.0579    200.278    194.387    36.0771    36.0736    23.3485    23.3273    1541.81    1541.93         26 0.0000e+00
      46046  69.250519     17.000     16.904    27.6748    27.7788   5.739430   5.747478     2.7067     3.1418    0.00021    0.00338    84.5567     0.1358     0.0549    199.223    193.299    36.0634    36.0404    23.3022    23.2510    1542.02    1542.23         31 0.0000e+00
      46098  69.250542     16.000     15.909    27.7087    27.7696   5.741004   5.745276     2.7037     3.1387   -0.00472   -0.00332    84.5339     0.1291     0.0535    198.845    193.084    36.0487    36.0322    23.2800    23.2477    1542.06    1542.18         84 0.0000e+00
      46172  69.250580     15.000     14.923    28.2853    28.1961   5.783547   5.778158     2.6806     3.1101    0.00420    0.00403    84.4749     0.1192     0.0502    195.148    189.866    35.9078    35.9380    22.9849    23.0369    1543.17    1543.00         38 0.0000e+00
      46197  69.250587     14.000     13.926    28.2474    28.4666   5.779527   5.793460     2.6595     3.1001   -0.00649   -0.00598    84.5052     0.1166     0.0456    193.357    188.474    35.9089    35.8400    22.9981    22.8738    1543.07    1543.47         24 0.0000e+00
      46220  69.250603     13.000     12.924    28.3784    28.5255   5.787604   5.795847     2.6486     3.0896   -0.01318   -0.01725    84.5157     0.1040     0.0416    192.018    187.553    35.8662    35.8125    22.9226    22.8335    1543.29    1543.55         24 0.0000e+00
      46248  69.250610     12.000     11.930    28.5239    28.5457   5.795246   5.796124     2.6442     3.0698   -0.01772   -0.01307    84.4615     0.0998     0.0391    191.237    186.045    35.8098    35.7994    22.8320    22.8169    1543.53    1543.57         35 0.0000e+00
      46295  69.250633     11.000     10.937    28.5624    28.5426   5.796576   5.795094     2.6440     3.0564   -0.00736   -0.01331    84.3950     0.1016     0.0381    191.101    185.057    35.7903    35.7949    22.8044    22.8145    1543.58    1543.54         57 0.0000e+00
      46347  69.250664     10.000      9.946    28.5967    28.5941   5.798379   5.797607     2.6375     3.0528    0.00075   -0.00648    84.4307     0.0996     0.0369    190.421    184.659    35.7772    35.7738    22.7832    22.7814    1543.62    1543.61         43 0.0000e+00
      46394  69.250687      9.000      8.949    28.5947    28.5860   5.798064   5.796790     2.6379     3.0552   -0.00291   -0.00144    84.3607     0.1034     0.0370    190.434    184.830    35.7768    35.7745    22.7834    22.7846    1543.60    1543.58         58 0.0000e+00
      46450  69.250710      8.000      7.960    28.5973    28.5970   5.797902   5.797284     2.6412     3.0514    0.00031    0.00156    84.3248     0.1110     0.0402    190.706    184.506    35.7741    35.7700    22.7804    22.7775    1543.58    1543.58         44 0.0000e+00
      46497  69.250732      7.000      6.960    28.5911    28.5921   5.797200   5.796682     2.6400     3.0534    0.00108   -0.00071    84.2431     0.1085     0.0392    190.589    184.643    35.7741    35.7698    22.7825    22.7788    1543.55    1543.55         73 0.0000e+00
      46579  69.250771      6.000      5.972    28.5922    28.5905   5.797121   5.796447     2.6412     3.0564   -0.00174    0.00193    84.1484     0.1046     0.0359    190.670    184.844    35.7731    35.7696    22.7812    22.7792    1543.54    1543.53         51 0.0000e+00
      46614  69.250786      5.000      4.968    28.5927    28.5926   5.797079   5.796418     2.6427     3.0471    0.00110    0.00111    84.0997     0.1027     0.0367    190.784    184.142    35.7727    35.7682    22.7807    22.7773    1543.52    1543.52         45 0.0000e+00
      46666  69.250816      4.000      3.977    28.5911    28.5892   5.796839   5.796052     2.6425     3.0486    0.00103   -0.00463    83.8880     0.1106     0.0359    190.751    184.235    35.7726    35.7685    22.7810    22.7786    1543.50    1543.49         54 0.0000e+00
      46772  69.250862      3.000      2.984    28.5941    28.5936   5.797103   5.796428     2.6429     3.0538   -0.00009    0.00252    83.9239     0.1105     0.0367    190.756    184.582    35.7724    35.7681    22.7799    22.7767    1543.49    1543.48         91 0.0000e+00
      47369  69.251152      2.000      1.985    28.5958    28.5963   5.797421   5.796834     2.6419     3.0519    0.00077    0.00178    83.5286     0.0958     0.0367    190.634    184.413    35.7737    35.7692    22.7801    22.7766    1543.48    1543.47         68 0.0000e+00
