data-processing/CTD/data/cnv/ures004.cnv
* Sea-Bird SBE 9 Data File:
* FileName = C:\SEASOFT\PIRATA-FR32\data\fr32004.hex
* Software Version Seasave V 7.26.7.107
* Temperature SN = 6083
* Conductivity SN = 4509
* Number of Bytes Per Scan = 42
* Number of Voltage Words = 3
* Number of Scans Averaged by the Deck Unit = 1
* NMEA Latitude = 08 00.05 N
* NMEA Longitude = 018 51.14 W
* NMEA UTC (Time) = Mar 05 2022 04:57:11
** Cruise: PIRATA-FR32
** Ship: THALASSA
** Station: 004
** Bottom Depth: 4318
** Barometric pressure : 1007
** Temp Air: 25.1
** Operator: AMGE
** Comments:
# nquan = 25
# nvalues = 501                         
# units = specified
# name 0 = scan: Scan Count
# name 1 = timeJ: Julian Days
# name 2 = prDM: Pressure, Digiquartz [db]
# name 3 = depSM: Depth [salt water, m]
# name 4 = t090C: Temperature [ITS-90, deg C]
# name 5 = t190C: Temperature, 2 [ITS-90, deg C]
# name 6 = c0S/m: Conductivity [S/m]
# name 7 = c1S/m: Conductivity, 2 [S/m]
# name 8 = sbeox0V: Oxygen raw, SBE 43 [V]
# name 9 = sbeox1V: Oxygen raw, SBE 43, 2 [V]
# name 10 = sbox0dV/dT: Oxygen, SBE 43 [dov/dt]
# name 11 = sbox1dV/dT: Oxygen, SBE 43, 2 [dov/dt]
# name 12 = CStarTr0: Beam Transmission, WET Labs C-Star [%]
# name 13 = flECO-AFL: Fluorescence, WET Labs ECO-AFL/FL [mg/m^3]
# name 14 = flC: Fluorescence, Chelsea Aqua 3 Chl Con [ug/l]
# name 15 = sbox0Mm/Kg: Oxygen, SBE 43 [umol/kg], WS = 2
# name 16 = sbox1Mm/Kg: Oxygen, SBE 43, 2 [umol/kg], WS = 2
# name 17 = sal00: Salinity, Practical [PSU]
# name 18 = sal11: Salinity, Practical, 2 [PSU]
# name 19 = sigma-é00: Density [sigma-theta, kg/m^3]
# name 20 = sigma-é11: Density, 2 [sigma-theta, kg/m^3]
# name 21 = svCM: Sound Velocity [Chen-Millero, m/s]
# name 22 = svCM1: Sound Velocity, 2 [Chen-Millero, m/s]
# name 23 = nbin: number of scans per bin
# name 24 = flag: flag
# span 0 =      21265,      62684       
# span 1 =  64.216632,  64.236607       
# span 2 =      2.000,    502.000       
# span 3 =      1.992,    498.589       
# span 4 =     8.4710,    25.8793       
# span 5 =     8.4698,    25.8808       
# span 6 =   3.676221,   5.506075       
# span 7 =   3.675846,   5.506189       
# span 8 =     0.7998,     2.6076       
# span 9 =     0.8854,     3.0175       
# span 10 =   -0.02586,    0.06103      
# span 11 =   -0.02838,    0.07712      
# span 12 =    86.7798,    89.9236      
# span 13 =     0.0455,     1.0953      
# span 14 =     0.0281,     0.4238      
# span 15 =     39.286,    195.852      
# span 16 =     38.231,    189.449      
# span 17 =    34.8799,    35.9525      
# span 18 =    34.8771,    35.9678      
# span 19 =    23.6576,    27.1167      
# span 20 =    23.6542,    27.1147      
# span 21 =    1492.32,    1537.70      
# span 22 =    1492.32,    1537.73      
# span 23 =         14,        165      
# span 24 = 0.0000e+00, 0.0000e+00      
# interval = decibars: 1                
# start_time = Mar 05 2022 04:57:11 [System UTC, first data scan.]
# bad_flag = -9.990e-29
*END*
[from data line 290]
      35690  64.223587    212.000    210.710    13.5318    13.5353   4.196901   4.196941     1.4098     1.6164    0.00008   -0.00017    89.8222     0.0470     0.0302    108.772    106.121    35.3706    35.3677    26.5777    26.5747    1505.89    1505.90         28 0.0000e+00
      35720  64.223602    211.000    209.707    13.5385    13.5420   4.197590   4.197593     1.4076     1.6142   -0.00023   -0.00050    89.8344     0.0481     0.0290    108.484    105.875    35.3713    35.3681    26.5769    26.5736    1505.90    1505.91         34 0.0000e+00
      35768  64.223625    210.000    208.718    13.5339    13.5402   4.197036   4.197334     1.4059     1.6112   -0.00150   -0.00131    89.8361     0.0502     0.0296    108.272    105.572    35.3708    35.3678    26.5773    26.5738    1505.87    1505.88         65 0.0000e+00
      35829  64.223656    209.000    207.727    13.5353    13.5436   4.197179   4.197787     1.4062     1.6091   -0.00060   -0.00130    89.8345     0.0474     0.0309    108.289    105.262    35.3713    35.3694    26.5774    26.5742    1505.86    1505.88         51 0.0000e+00
      35876  64.223679    208.000    206.730    13.5517    13.5810   4.198964   4.201942     1.4031     1.6094    0.00034    0.00001    89.8261     0.0477     0.0303    107.866    105.273    35.3734    35.3743    26.5756    26.5703    1505.89    1505.99         47 0.0000e+00
      35927  64.223701    207.000    205.738    13.5840    13.6007   4.202515   4.203944     1.4011     1.6075   -0.00157   -0.00047    89.8284     0.0480     0.0296    107.542    105.039    35.3773    35.3754    26.5720    26.5670    1505.99    1506.04         55 0.0000e+00
      35983  64.223732    206.000    204.746    13.6059    13.6123   4.204988   4.205417     1.3999     1.6039   -0.00077   -0.00097    89.8284     0.0530     0.0290    107.328    104.639    35.3808    35.3789    26.5701    26.5673    1506.05    1506.07         53 0.0000e+00
      36035  64.223755    205.000    203.751    13.6367    13.6459   4.208272   4.208969     1.3955     1.6006   -0.00058   -0.00160    89.8272     0.0521     0.0291    106.727    104.235    35.3837    35.3817    26.5659    26.5625    1506.14    1506.16         56 0.0000e+00
      36087  64.223778    204.000    202.763    13.6453    13.6538   4.209159   4.209837     1.3932     1.5954   -0.00253   -0.00118    89.8222     0.0584     0.0311    106.412    103.694    35.3844    35.3830    26.5647    26.5618    1506.15    1506.17         40 0.0000e+00
      36120  64.223793    203.000    201.762    13.6493    13.6631   4.209604   4.210764     1.3918     1.5940   -0.00118   -0.00318    89.8284     0.0478     0.0296    106.224    103.530    35.3853    35.3835    26.5645    26.5602    1506.15    1506.19         31 0.0000e+00
      36160  64.223816    202.000    200.769    13.6598    13.6670   4.210709   4.211123     1.3912     1.5925   -0.00096   -0.00146    89.8284     0.0512     0.0299    106.112    103.362    35.3865    35.3837    26.5632    26.5596    1506.16    1506.19         58 0.0000e+00
      36269  64.223869    201.000    199.781    13.6457    13.6512   4.209131   4.209323     1.3927     1.5908    0.00024   -0.00059    89.8345     0.0561     0.0298    106.314    103.220    35.3851    35.3818    26.5650    26.5613    1506.10    1506.11        109 0.0000e+00
      36325  64.223892    200.000    198.787    13.6694    13.6741   4.211731   4.211926     1.3928     1.5922    0.00083    0.00039    89.8283     0.0477     0.0296    106.259    103.286    35.3881    35.3855    26.5624    26.5594    1506.17    1506.18         39 0.0000e+00
      36359  64.223907    199.000    197.789    13.6718    13.6806   4.211954   4.212625     1.3919     1.5919    0.00002    0.00050    89.8384     0.0481     0.0284    106.134    103.235    35.3884    35.3865    26.5621    26.5589    1506.16    1506.18         35 0.0000e+00
      36800  64.224121    198.000    196.793    13.6926    13.6990   4.214239   4.214581     1.3912     1.5920   -0.00023   -0.00008    89.8323     0.0496     0.0292    106.000    103.194    35.3910    35.3883    26.5598    26.5563    1506.21    1506.23        101 0.0000e+00
      37833  64.224625    197.000    195.802    13.7096    13.7097   4.216115   4.215738     1.3921     1.5908    0.00006    0.00026    89.8276     0.0507     0.0294    106.046    103.032    35.3933    35.3897    26.5580    26.5552    1506.25    1506.25        101 0.0000e+00
      37978  64.224693    196.000    194.816    13.7175    13.7299   4.216969   4.218011     1.3923     1.5911    0.00022   -0.00016    89.8410     0.0517     0.0316    106.039    103.002    35.3945    35.3928    26.5572    26.5533    1506.26    1506.30         38 0.0000e+00
      38005  64.224709    195.000    193.817    13.7305    13.7337   4.218366   4.218339     1.3920     1.5919    0.00015    0.00033    89.8277     0.0534     0.0328    105.959    103.063    35.3960    35.3928    26.5557    26.5525    1506.29    1506.30         28 0.0000e+00
      38036  64.224716    194.000    192.819    13.7395    13.7435   4.219301   4.219389     1.3916     1.5917   -0.00007    0.00042    89.8167     0.0555     0.0323    105.876    103.012    35.3968    35.3940    26.5544    26.5514    1506.31    1506.31         35 0.0000e+00
      38089  64.224747    193.000    191.831    13.7338    13.7391   4.218624   4.218806     1.3915     1.5902   -0.00032   -0.00011    89.8212     0.0525     0.0300    105.859    102.859    35.3962    35.3931    26.5551    26.5516    1506.27    1506.28         70 0.0000e+00
      38144  64.224770    192.000    190.845    13.7440    13.7495   4.219771   4.220137     1.3921     1.5926    0.00013   -0.00089    89.8289     0.0538     0.0293    105.902    103.054    35.3980    35.3963    26.5543    26.5519    1506.29    1506.30         33 0.0000e+00
      38169  64.224785    191.000    189.844    13.7561    13.7647   4.221080   4.221678     1.3921     1.5936    0.00037    0.00073    89.8284     0.0566     0.0295    105.858    103.101    35.3995    35.3972    26.5530    26.5493    1506.31    1506.34         23 0.0000e+00
      38192  64.224792    190.000    188.844    13.7690    13.7715   4.222416   4.222325     1.3924     1.5929    0.00022    0.00139    89.8284     0.0474     0.0286    105.854    103.009    35.4005    35.3974    26.5510    26.5480    1506.34    1506.34         24 0.0000e+00
      38242  64.224823    189.000    187.853    13.7628    13.7660   4.221684   4.221626     1.3922     1.5923    0.00002    0.00030    89.8284     0.0491     0.0289    105.823    102.948    35.3998    35.3963    26.5517    26.5484    1506.30    1506.31         78 0.0000e+00
      38310  64.224854    188.000    186.874    13.7615    13.7637   4.221504   4.221414     1.3928     1.5933    0.00011   -0.00014    89.8293     0.0467     0.0308    105.883    103.035    35.3997    35.3969    26.5519    26.5492    1506.28    1506.28         28 0.0000e+00
      38330  64.224861    187.000    185.878    13.7707    13.7796   4.222549   4.223234     1.3928     1.5932   -0.00024   -0.00006    89.8352     0.0471     0.0303    105.854    102.984    35.4015    35.3997    26.5513    26.5481    1506.30    1506.32         18 0.0000e+00
      38347  64.224869    186.000    184.884    13.7897    13.8123   4.224670   4.227094     1.3938     1.5948    0.00026    0.00053    89.8374     0.0551     0.0291    105.909    103.049    35.4043    35.4061    26.5495    26.5462    1506.35    1506.42         16 0.0000e+00
      38363  64.224876    185.000    183.870    13.8249    13.8537   4.228723   4.231654     1.3948     1.5965    0.00056    0.00082    89.8286     0.0513     0.0301    105.934    103.104    35.4102    35.4110    26.5467    26.5413    1506.45    1506.54         18 0.0000e+00
      38382  64.224884    184.000    182.885    13.8604    13.8792   4.232448   4.234255     1.3952     1.5973    0.00023    0.00029    89.8218     0.0455     0.0306    105.890    103.115    35.4127    35.4123    26.5411    26.5369    1506.55    1506.61         21 0.0000e+00
      38410  64.224899    183.000    181.887    13.8292    13.8556   4.228850   4.231250     1.3950     1.5960    0.00098    0.00164    89.8254     0.0462     0.0312    105.928    103.031    35.4082    35.4064    26.5442    26.5372    1506.43    1506.51         38 0.0000e+00
      38455  64.224922    182.000    180.905    13.8044    13.8012   4.226088   4.225413     1.3946     1.5958    0.00024    0.00003    89.8285     0.0495     0.0325    105.926    103.118    35.4057    35.4023    26.5474    26.5454    1506.33    1506.31         44 0.0000e+00
      38493  64.224937    181.000    179.907    13.8270    13.8424   4.228584   4.230206     1.3962     1.5956   -0.00014   -0.00018    89.8284     0.0551     0.0304    106.045    102.989    35.4087    35.4096    26.5449    26.5424    1506.39    1506.44         37 0.0000e+00
      38536  64.224960    180.000    178.916    13.8994    13.9138   4.236706   4.238119     1.3972     1.5980    0.00052   -0.00021    89.8284     0.0533     0.0288    105.984    103.054    35.4183    35.4182    26.5371    26.5341    1506.62    1506.67         46 0.0000e+00
      38574  64.224983    179.000    177.927    13.9360    13.9550   4.240745   4.242790     1.3952     1.6001    0.00121    0.00070    89.8284     0.0604     0.0297    105.656    103.151    35.4227    35.4244    26.5328    26.5301    1506.73    1506.79         29 0.0000e+00
      38599  64.224991    178.000    176.933    13.9693    14.0152   4.244544   4.249666     1.3917     1.5991    0.00003    0.00202    89.8170     0.0534     0.0290    105.151    102.903    35.4280    35.4335    26.5299    26.5245    1506.82    1506.98         22 0.0000e+00
      38619  64.224998    177.000    175.936    14.0088    14.0584   4.248968   4.254124     1.3951     1.5965   -0.00072    0.00166    89.8086     0.0459     0.0291    105.445    102.556    35.4333    35.4357    26.5257    26.5170    1506.94    1507.11         18 0.0000e+00
      38637  64.225006    176.000    174.941    14.0420    14.0696   4.252563   4.255307     1.4038     1.5973   -0.00216    0.00069    89.8094     0.0479     0.0304    106.381    102.587    35.4367    35.4369    26.5213    26.5156    1507.04    1507.13         20 0.0000e+00
      38658  64.225021    175.000    173.943    14.0627    14.0810   4.254770   4.256499     1.4125     1.6030   -0.00246   -0.00106    89.8147     0.0533     0.0313    107.346    103.100    35.4387    35.4379    26.5184    26.5139    1507.09    1507.15         23 0.0000e+00
      38693  64.225037    174.000    172.947    14.0542    14.0641   4.253725   4.254360     1.4124     1.6083    0.00675    0.00068    89.8170     0.0532     0.0310    107.341    103.632    35.4371    35.4340    26.5190    26.5144    1507.04    1507.07         52 0.0000e+00
      38751  64.225067    173.000    171.969    14.0317    14.0205   4.251206   4.249596     1.3999     1.6030    0.00123    0.00511    89.8300     0.0561     0.0304    105.907    103.212    35.4347    35.4300    26.5218    26.5205    1506.95    1506.91         44 0.0000e+00
      38778  64.225075    172.000    170.975    14.0654    14.0695   4.255022   4.255288     1.3990     1.6017   -0.00679   -0.00195    89.8284     0.0484     0.0319    105.711    102.959    35.4398    35.4384    26.5186    26.5167    1507.05    1507.06         21 0.0000e+00
      38797  64.225090    171.000    169.976    14.1382    14.1492   4.263572   4.265102     1.3777     1.5889   -0.00632   -0.00376    89.8231     0.0563     0.0322    103.029    101.542    35.4528    35.4569    26.5132    26.5140    1507.28    1507.32         18 0.0000e+00
      38814  64.225098    170.000    168.978    14.1838    14.2114   4.268533   4.271355     1.3553     1.5655   -0.00252   -0.00232    89.8087     0.0508     0.0333    100.291     99.164    35.4575    35.4583    26.5071    26.5018    1507.42    1507.51         18 0.0000e+00
      38833  64.225105    169.000    167.978    14.2167    14.2339   4.272051   4.273656     1.3465     1.5449   -0.00231   -0.00164    89.8048     0.0461     0.0331     99.174     97.133    35.4603    35.4595    26.5023    26.4979    1507.51    1507.57         20 0.0000e+00
      38856  64.225113    168.000    166.981    14.2241    14.2327   4.272753   4.273354     1.3436     1.5326   -0.02033   -0.01460    89.8108     0.0471     0.0321     98.802     95.953    35.4605    35.4581    26.5008    26.4971    1507.52    1507.55         29 0.0000e+00
      38903  64.225136    167.000    166.000    14.1816    14.1854   4.267901   4.267837     1.3361     1.5225   -0.01184   -0.02084    89.8139     0.0571     0.0324     98.001     95.074    35.4549    35.4508    26.5054    26.5015    1507.36    1507.37         60 0.0000e+00
      38949  64.225159    166.000    165.009    14.1720    14.1814   4.266805   4.267661     1.3381     1.5277   -0.00492   -0.00632    89.8043     0.0548     0.0319     98.244     95.565    35.4539    35.4532    26.5067    26.5042    1507.31    1507.34         30 0.0000e+00
      38973  64.225174    165.000    164.015    14.2225    14.2209   4.272674   4.272418     1.3470     1.5348   -0.00115   -0.00098    89.8047     0.0559     0.0322     99.168     96.147    35.4624    35.4616    26.5025    26.5022    1507.47    1507.46         22 0.0000e+00
      38995  64.225182    164.000    163.016    14.2738    14.2818   4.278255   4.278851     1.3660     1.5526    0.00207    0.00424    89.8047     0.0512     0.0324    101.273     97.713    35.4676    35.4658    26.4956    26.4924    1507.62    1507.65         22 0.0000e+00
      39018  64.225197    163.000    162.026    14.2852    14.2973   4.279355   4.280435     1.3798     1.5688    0.00311    0.00402    89.8047     0.0503     0.0332    102.853     99.206    35.4677    35.4666    26.4932    26.4897    1507.64    1507.68         23 0.0000e+00
      39042  64.225204    162.000    161.027    14.2900    14.3064   4.279878   4.281385     1.3844     1.5790    0.01423    0.01224    89.8047     0.0584     0.0335    103.368    100.153    35.4686    35.4675    26.4928    26.4885    1507.64    1507.69         26 0.0000e+00
      39069  64.225220    161.000    160.037    14.2981    14.3201   4.280750   4.282953     1.3817     1.5843    0.01763    0.01845    89.8047     0.0596     0.0340    103.023    100.614    35.4696    35.4699    26.4918    26.4873    1507.65    1507.72         27 0.0000e+00
      39099  64.225235    160.000    159.039    14.3021    14.3169   4.281172   4.282384     1.3785     1.5855    0.00627    0.01133    89.8039     0.0561     0.0339    102.619    100.719    35.4703    35.4680    26.4914    26.4865    1507.65    1507.70         33 0.0000e+00
      39139  64.225250    159.000    158.050    14.3127    14.3166   4.282266   4.282307     1.3742     1.5800   -0.00266    0.00323    89.8225     0.0601     0.0329    102.089    100.184    35.4712    35.4679    26.4898    26.4865    1507.67    1507.68         45 0.0000e+00
      39176  64.225273    158.000    157.062    14.3469    14.3348   4.286339   4.284724     1.3662     1.5637   -0.00232   -0.00119    89.8064     0.0586     0.0334    101.063     98.579    35.4779    35.4741    26.4877    26.4873    1507.77    1507.73         28 0.0000e+00
      39199  64.225281    157.000    156.066    14.3775    14.3804   4.289607   4.289884     1.3497     1.5467   -0.00276   -0.00455    89.8058     0.0616     0.0338     99.056     96.852    35.4805    35.4804    26.4831    26.4824    1507.85    1507.86         21 0.0000e+00
      39219  64.225288    156.000    155.071    14.3991    14.4155   4.291972   4.293607     1.3310     1.5314   -0.00302   -0.00837    89.8084     0.0550     0.0328     96.825     95.320    35.4830    35.4832    26.4803    26.4770    1507.91    1507.96         19 0.0000e+00
