data-processing/CTD/data/cnv/ures004.cnv
* Sea-Bird SBE 9 Data File:
* FileName = C:\SEASOFT\PIRATA-FR32\data\fr32004.hex
* Software Version Seasave V 7.26.7.107
* Temperature SN = 6083
* Conductivity SN = 4509
* Number of Bytes Per Scan = 42
* Number of Voltage Words = 3
* Number of Scans Averaged by the Deck Unit = 1
* NMEA Latitude = 08 00.05 N
* NMEA Longitude = 018 51.14 W
* NMEA UTC (Time) = Mar 05 2022 04:57:11
** Cruise: PIRATA-FR32
** Ship: THALASSA
** Station: 004
** Bottom Depth: 4318
** Barometric pressure : 1007
** Temp Air: 25.1
** Operator: AMGE
** Comments:
# nquan = 25
# nvalues = 501                         
# units = specified
# name 0 = scan: Scan Count
# name 1 = timeJ: Julian Days
# name 2 = prDM: Pressure, Digiquartz [db]
# name 3 = depSM: Depth [salt water, m]
# name 4 = t090C: Temperature [ITS-90, deg C]
# name 5 = t190C: Temperature, 2 [ITS-90, deg C]
# name 6 = c0S/m: Conductivity [S/m]
# name 7 = c1S/m: Conductivity, 2 [S/m]
# name 8 = sbeox0V: Oxygen raw, SBE 43 [V]
# name 9 = sbeox1V: Oxygen raw, SBE 43, 2 [V]
# name 10 = sbox0dV/dT: Oxygen, SBE 43 [dov/dt]
# name 11 = sbox1dV/dT: Oxygen, SBE 43, 2 [dov/dt]
# name 12 = CStarTr0: Beam Transmission, WET Labs C-Star [%]
# name 13 = flECO-AFL: Fluorescence, WET Labs ECO-AFL/FL [mg/m^3]
# name 14 = flC: Fluorescence, Chelsea Aqua 3 Chl Con [ug/l]
# name 15 = sbox0Mm/Kg: Oxygen, SBE 43 [umol/kg], WS = 2
# name 16 = sbox1Mm/Kg: Oxygen, SBE 43, 2 [umol/kg], WS = 2
# name 17 = sal00: Salinity, Practical [PSU]
# name 18 = sal11: Salinity, Practical, 2 [PSU]
# name 19 = sigma-é00: Density [sigma-theta, kg/m^3]
# name 20 = sigma-é11: Density, 2 [sigma-theta, kg/m^3]
# name 21 = svCM: Sound Velocity [Chen-Millero, m/s]
# name 22 = svCM1: Sound Velocity, 2 [Chen-Millero, m/s]
# name 23 = nbin: number of scans per bin
# name 24 = flag: flag
# span 0 =      21265,      62684       
# span 1 =  64.216632,  64.236607       
# span 2 =      2.000,    502.000       
# span 3 =      1.992,    498.589       
# span 4 =     8.4710,    25.8793       
# span 5 =     8.4698,    25.8808       
# span 6 =   3.676221,   5.506075       
# span 7 =   3.675846,   5.506189       
# span 8 =     0.7998,     2.6076       
# span 9 =     0.8854,     3.0175       
# span 10 =   -0.02586,    0.06103      
# span 11 =   -0.02838,    0.07712      
# span 12 =    86.7798,    89.9236      
# span 13 =     0.0455,     1.0953      
# span 14 =     0.0281,     0.4238      
# span 15 =     39.286,    195.852      
# span 16 =     38.231,    189.449      
# span 17 =    34.8799,    35.9525      
# span 18 =    34.8771,    35.9678      
# span 19 =    23.6576,    27.1167      
# span 20 =    23.6542,    27.1147      
# span 21 =    1492.32,    1537.70      
# span 22 =    1492.32,    1537.73      
# span 23 =         14,        165      
# span 24 = 0.0000e+00, 0.0000e+00      
# interval = decibars: 1                
# start_time = Mar 05 2022 04:57:11 [System UTC, first data scan.]
# bad_flag = -9.990e-29
*END*
[from data line 174]
      30008  64.220848    328.000    325.906    11.2325    11.2729   3.956123   3.960116     0.8513     0.9442    0.00124    0.00116    89.8033     0.0706     0.0411     44.811     43.329    35.1505    35.1516    26.8578    26.8513    1499.78    1499.92         39 0.0000e+00
      30046  64.220863    327.000    324.916    11.2721    11.3009   3.960171   3.963178     0.8537     0.9463    0.00168    0.00132    89.8047     0.0663     0.0402     45.069     43.511    35.1534    35.1558    26.8528    26.8494    1499.90    1500.00         34 0.0000e+00
      30074  64.220879    326.000    323.931    11.2951    11.3304   3.962638   3.966234     0.8555     0.9487    0.00118    0.00127    89.8047     0.0614     0.0400     45.268     43.722    35.1565    35.1585    26.8510    26.8461    1499.97    1500.09         23 0.0000e+00
      30095  64.220894    325.000    322.927    11.3402    11.3682   3.967495   3.970158     0.8574     0.9509    0.00149    0.00127    89.8047     0.0588     0.0406     45.462     43.909    35.1620    35.1618    26.8470    26.8417    1500.12    1500.21         19 0.0000e+00
      30115  64.220901    324.000    321.930    11.3651    11.3846   3.969977   3.971762     0.8592     0.9530    0.00163    0.00157    89.8080     0.0713     0.0405     45.657     44.106    35.1634    35.1626    26.8434    26.8392    1500.19    1500.25         21 0.0000e+00
      30137  64.220909    323.000    320.932    11.3795    11.3982   3.971457   3.973205     0.8608     0.9559    0.00167    0.00215    89.8166     0.0632     0.0408     45.845     44.386    35.1648    35.1643    26.8418    26.8380    1500.22    1500.29         25 0.0000e+00
      30169  64.220924    322.000    319.949    11.3791    11.4169   3.971295   3.975106     0.8633     0.9576    0.00217    0.00261    89.8035     0.0552     0.0422     46.156     44.536    35.1641    35.1658    26.8413    26.8356    1500.20    1500.34         37 0.0000e+00
      30204  64.220940    321.000    318.962    11.4026    11.4349   3.974063   3.977040     0.8656     0.9595    0.00178    0.00265    89.8039     0.0627     0.0417     46.419     44.711    35.1695    35.1683    26.8412    26.8342    1500.27    1500.39         31 0.0000e+00
      30230  64.220955    320.000    317.966    11.4217    11.4630   3.975828   3.980056     0.8678     0.9619    0.00192    0.00109    89.8047     0.0711     0.0416     46.673     44.929    35.1692    35.1718    26.8374    26.8317    1500.32    1500.47         22 0.0000e+00
      30251  64.220963    319.000    316.972    11.4600    11.4987   3.980093   3.984068     0.8694     0.9642    0.00158    0.00125    89.8047     0.0678     0.0420     46.831     45.120    35.1754    35.1779    26.8351    26.8298    1500.45    1500.58         21 0.0000e+00
      30273  64.220978    318.000    315.976    11.5058    11.5460   3.984955   3.989135     0.8721     0.9667    0.00174    0.00156    89.8047     0.0557     0.0407     47.113     45.321    35.1804    35.1834    26.8304    26.8253    1500.60    1500.74         23 0.0000e+00
      30298  64.220985    317.000    314.979    11.5438    11.5776   3.988842   3.992261     0.8750     0.9703    0.00197    0.00246    89.8047     0.0560     0.0408     47.429     45.659    35.1831    35.1847    26.8255    26.8204    1500.71    1500.83         29 0.0000e+00
      30332  64.221008    316.000    313.990    11.5202    11.5862   3.986369   3.992892     0.8782     0.9732    0.00256    0.00281    89.8047     0.0623     0.0405     47.858     45.944    35.1816    35.1832    26.8286    26.8176    1500.61    1500.84         38 0.0000e+00
      30370  64.221024    315.000    313.001    11.5825    11.6216   3.993158   3.996862     0.8808     0.9764    0.00266    0.00296    89.8047     0.0680     0.0402     48.106     46.224    35.1897    35.1892    26.8233    26.8156    1500.82    1500.96         37 0.0000e+00
      30404  64.221039    314.000    312.006    11.6143    11.6451   3.996156   3.999256     0.8836     0.9804    0.00179    0.00158    89.8037     0.0620     0.0404     48.421     46.612    35.1896    35.1909    26.8173    26.8125    1500.91    1501.02         31 0.0000e+00
      30433  64.221054    313.000    311.020    11.6484    11.6735   3.999922   4.002313     0.8861     0.9841    0.00164    0.00233    89.7963     0.0581     0.0412     48.703     46.948    35.1947    35.1944    26.8148    26.8099    1501.02    1501.11         26 0.0000e+00
      30459  64.221062    312.000    310.013    11.6794    11.7079   4.003129   4.005892     0.8887     0.9874    0.00198    0.00287    89.8036     0.0694     0.0393     48.992     47.253    35.1973    35.1974    26.8110    26.8057    1501.12    1501.21         28 0.0000e+00
      30508  64.221092    311.000    309.025    11.6735    11.6983   4.002340   4.004574     0.8910     0.9912    0.00224    0.00298    89.7754     0.0660     0.0402     49.279     47.644    35.1956    35.1941    26.8107    26.8049    1501.08    1501.16         77 0.0000e+00
      30575  64.221123    310.000    308.040    11.7194    11.7403   4.007330   4.009473     0.8939     0.9941    0.00019    0.00117    89.7956     0.0578     0.0381     49.583     47.892    35.2016    35.2029    26.8067    26.8038    1501.23    1501.30         39 0.0000e+00
      30603  64.221138    309.000    307.048    11.7470    11.7800   4.009917   4.013060     0.8982     0.9984    0.00023    0.00044    89.8039     0.0678     0.0412     50.090     48.288    35.2013    35.2009    26.8013    26.7947    1501.30    1501.42         27 0.0000e+00
      30629  64.221146    308.000    306.041    11.7704    11.8015   4.012482   4.015465     0.9014     1.0013    0.00207    0.00146    89.7986     0.0698     0.0412     50.461     48.546    35.2047    35.2045    26.7995    26.7935    1501.37    1501.48         27 0.0000e+00
      30666  64.221169    307.000    305.053    11.7937    11.8285   4.014752   4.017983     0.9056     1.0057    0.00300    0.00277    89.7860     0.0649     0.0407     50.956     48.967    35.2054    35.2042    26.7957    26.7881    1501.44    1501.55         59 0.0000e+00
      30768  64.221214    306.000    304.062    11.8305    11.8526   4.018713   4.020686     0.9102     1.0108    0.00088    0.00097    89.7954     0.0685     0.0410     51.488     49.456    35.2098    35.2083    26.7921    26.7867    1501.55    1501.62         95 0.0000e+00
      30825  64.221245    305.000    303.072    11.9039    11.9119   4.026110   4.026651     0.9177     1.0228    0.00256    0.00299    89.8024     0.0629     0.0391     52.334     50.605    35.2133    35.2110    26.7808    26.7775    1501.79    1501.81         47 0.0000e+00
      30864  64.221260    304.000    302.077    11.8940    11.9187   4.025095   4.027337     0.9201     1.0252    0.00303    0.00543    89.7820     0.0640     0.0379     52.636     50.845    35.2132    35.2117    26.7826    26.7768    1501.74    1501.82         34 0.0000e+00
      30899  64.221275    303.000    301.085    11.9153    11.9239   4.027255   4.027808     0.9214     1.0273    0.00188    0.00264    89.7809     0.0692     0.0397     52.774     51.043    35.2146    35.2119    26.7797    26.7759    1501.80    1501.82         39 0.0000e+00
      30986  64.221321    302.000    300.085    11.9184    11.9312   4.027529   4.028496     0.9233     1.0299    0.00067    0.00085    89.7824     0.0589     0.0387     52.995     51.294    35.2148    35.2121    26.7792    26.7747    1501.79    1501.83         94 0.0000e+00
      31039  64.221344    301.000    299.098    11.9422    11.9484   4.029903   4.030202     0.9249     1.0317    0.00013   -0.00009    89.7927     0.0622     0.0386     53.173     51.457    35.2159    35.2130    26.7755    26.7721    1501.86    1501.87         32 0.0000e+00
      31073  64.221359    300.000    298.102    11.9467    11.9549   4.030416   4.030938     0.9261     1.0335    0.00071    0.00085    89.8000     0.0663     0.0369     53.303     51.626    35.2171    35.2145    26.7755    26.7719    1501.86    1501.88         38 0.0000e+00
      32010  64.221817    299.000    297.108    11.9641    11.9711   4.032212   4.032598     0.9295     1.0390    0.00053    0.00085    89.7671     0.0628     0.0394     53.698     52.162    35.2187    35.2159    26.7734    26.7699    1501.90    1501.92         84 0.0000e+00
      33101  64.222343    298.000    296.123    11.9859    11.9886   4.034487   4.034487     0.9326     1.0431    0.00013    0.00044    89.7824     0.0636     0.0392     54.060     52.547    35.2207    35.2182    26.7708    26.7684    1501.96    1501.97         46 0.0000e+00
      33102  64.222343    297.000    295.129    12.0031    12.0171   4.036258   4.037464     0.9357     1.0454    0.00086    0.00035    89.7809     0.0551     0.0408     54.417     52.746    35.2223    35.2208    26.7687    26.7649    1502.01    1502.05         32 0.0000e+00
      33131  64.222351    296.000    294.134    12.0244    12.0494   4.038420   4.040915     0.9391     1.0478    0.00133    0.00063    89.7929     0.0558     0.0399     54.807     52.945    35.2237    35.2244    26.7657    26.7615    1502.06    1502.15         26 0.0000e+00
      33157  64.222366    295.000    293.141    12.0559    12.0937   4.041693   4.045361     0.9435     1.0514    0.00205    0.00169    89.8012     0.0593     0.0409     55.312     53.251    35.2264    35.2264    26.7617    26.7545    1502.16    1502.29         29 0.0000e+00
      33194  64.222382    294.000    292.143    12.0910    12.1019   4.045321   4.046072     0.9475     1.0571    0.00314    0.00235    89.8005     0.0641     0.0404     55.757     53.807    35.2290    35.2261    26.7570    26.7527    1502.27    1502.30         45 0.0000e+00
      33240  64.222404    293.000    291.159    12.1032    12.1055   4.046543   4.046428     0.9502     1.0620    0.00319    0.00376    89.7782     0.0635     0.0384     56.075     54.303    35.2298    35.2265    26.7553    26.7523    1502.29    1502.29         42 0.0000e+00
      33273  64.222420    292.000    290.164    12.1015    12.1259   4.046244   4.048684     0.9522     1.0643    0.00162    0.00309    89.7809     0.0559     0.0388     56.319     54.495    35.2289    35.2298    26.7549    26.7509    1502.27    1502.35         26 0.0000e+00
      33296  64.222435    291.000    289.170    12.1055    12.1579   4.046787   4.051991     0.9544     1.0652    0.00120    0.00217    89.8013     0.0570     0.0396     56.582     54.541    35.2310    35.2322    26.7557    26.7466    1502.27    1502.45         21 0.0000e+00
      33318  64.222443    290.000    288.173    12.1494    12.1713   4.051274   4.053212     0.9564     1.0675    0.00108    0.00187    89.7684     0.0602     0.0391     56.772     54.754    35.2337    35.2318    26.7494    26.7437    1502.40    1502.48         24 0.0000e+00
      33346  64.222458    289.000    287.176    12.1684    12.1745   4.053237   4.053519     0.9588     1.0719    0.00214    0.00130    89.7742     0.0631     0.0386     57.038     55.189    35.2353    35.2323    26.7469    26.7434    1502.45    1502.47         33 0.0000e+00
      33385  64.222473    288.000    286.191    12.1811    12.1947   4.054563   4.055742     0.9616     1.0763    0.00218    0.00272    89.7908     0.0593     0.0376     57.363     55.604    35.2366    35.2353    26.7454    26.7418    1502.48    1502.53         42 0.0000e+00
      33423  64.222496    287.000    285.199    12.2153    12.2362   4.058100   4.060175     0.9659     1.0794    0.00165    0.00339    89.8049     0.0631     0.0369     57.850     55.864    35.2393    35.2397    26.7409    26.7372    1502.58    1502.66         34 0.0000e+00
      33456  64.222511    286.000    284.202    12.2195    12.2597   4.058498   4.062662     0.9698     1.0824    0.00230    0.00222    89.8047     0.0574     0.0381     58.318     56.123    35.2396    35.2422    26.7403    26.7346    1502.58    1502.72         34 0.0000e+00
      33488  64.222527    285.000    283.215    12.2778    12.2968   4.064732   4.066581     0.9735     1.0864    0.00281    0.00185    89.8047     0.0628     0.0393     58.692     56.474    35.2457    35.2457    26.7338    26.7301    1502.77    1502.84         28 0.0000e+00
      33512  64.222542    284.000    282.222    12.2808    12.3128   4.065049   4.068240     0.9764     1.0901    0.00273    0.00214    89.7863     0.0577     0.0391     59.046     56.825    35.2464    35.2473    26.7337    26.7281    1502.77    1502.87         22 0.0000e+00
      33533  64.222549    283.000    281.222    12.2966    12.3246   4.066746   4.069396     0.9787     1.0933    0.00284    0.00294    89.7821     0.0566     0.0396     59.304     57.129    35.2484    35.2478    26.7321    26.7262    1502.80    1502.90         19 0.0000e+00
      33553  64.222557    282.000    280.226    12.3174    12.3387   4.068974   4.070969     0.9805     1.0964    0.00288    0.00313    89.7851     0.0569     0.0383     59.489     57.407    35.2508    35.2502    26.7300    26.7253    1502.86    1502.93         22 0.0000e+00
      33590  64.222572    281.000    279.230    12.3256    12.3427   4.069667   4.071188     0.9822     1.0993    0.00255    0.00351    89.7896     0.0617     0.0393     59.678     57.698    35.2504    35.2490    26.7280    26.7236    1502.87    1502.93         58 0.0000e+00
      33665  64.222610    280.000    278.259    12.3184    12.3256   4.069023   4.069827     0.9822     1.1017    0.00070    0.00153    89.7867     0.0590     0.0378     59.684     57.951    35.2512    35.2523    26.7300    26.7295    1502.83    1502.86         37 0.0000e+00
      33683  64.222618    279.000    277.260    12.3719    12.4097   4.074584   4.078541     0.9854     1.1041   -0.00030    0.00035    89.7936     0.0553     0.0371     59.995     58.072    35.2553    35.2581    26.7227    26.7176    1503.00    1503.13         19 0.0000e+00
      33700  64.222626    278.000    276.266    12.3829    12.4264   4.075965   4.080445     0.9882     1.1060   -0.00076    0.00002    89.7952     0.0558     0.0361     60.321     58.241    35.2588    35.2612    26.7233    26.7167    1503.03    1503.18         16 0.0000e+00
      33715  64.222633    277.000    275.259    12.4248    12.4714   4.080262   4.085279     0.9908     1.1089   -0.00003    0.00064    89.7807     0.0568     0.0355     60.584     58.462    35.2614    35.2662    26.7171    26.7117    1503.15    1503.32         15 0.0000e+00
      33731  64.222641    276.000    274.267    12.4601    12.5044   4.084096   4.088696     0.9940     1.1118    0.00176    0.00183    89.7809     0.0556     0.0364     60.923     58.706    35.2657    35.2686    26.7135    26.7071    1503.26    1503.41         18 0.0000e+00
      33751  64.222656    275.000    273.270    12.4847    12.5247   4.086715   4.090644     0.9967     1.1157    0.00347    0.00258    89.7809     0.0487     0.0358     61.209     59.062    35.2684    35.2688    26.7107    26.7033    1503.33    1503.47         21 0.0000e+00
      33779  64.222664    274.000    272.280    12.4931    12.5214   4.087384   4.090123     0.9989     1.1190    0.00412    0.00395    89.7809     0.0549     0.0371     61.466     59.395    35.2674    35.2673    26.7083    26.7027    1503.34    1503.44         39 0.0000e+00
      33840  64.222694    273.000    271.297    12.4336    12.4526   4.081089   4.082847     0.9973     1.1182    0.00175    0.00286    89.7809     0.0625     0.0390     61.337     59.391    35.2628    35.2620    26.7164    26.7120    1503.12    1503.18         67 0.0000e+00
      33883  64.222717    272.000    270.305    12.5414    12.5784   4.092478   4.096337     1.0015     1.1220   -0.00153   -0.00121    89.7809     0.0623     0.0401     61.703     59.598    35.2721    35.2747    26.7024    26.6972    1503.48    1503.60         28 0.0000e+00
