data-processing/CTD/data/cnv/ures003.cnv
* Sea-Bird SBE 9 Data File:
* FileName = C:\SEASOFT\PIRATA-FR32\data\fr32003.hex
* Software Version Seasave V 7.26.7.107
* Temperature SN = 6083
* Conductivity SN = 4509
* Number of Bytes Per Scan = 42
* Number of Voltage Words = 3
* Number of Scans Averaged by the Deck Unit = 1
* NMEA Latitude = 08 29.97 N
* NMEA Longitude = 019 27.09 W
* NMEA UTC (Time) = Mar 04 2022 23:37:48
** Cruise: PIRATA-FR32
** Ship: THALASSA
** Station: 003
** Bottom Depth: 4492
** Barometric pressure : 1009
** Temp Air: 25.8
** Operator: LWMH
** Comments:
# nquan = 25
# nvalues = 501                         
# units = specified
# name 0 = scan: Scan Count
# name 1 = timeJ: Julian Days
# name 2 = prDM: Pressure, Digiquartz [db]
# name 3 = depSM: Depth [salt water, m]
# name 4 = t090C: Temperature [ITS-90, deg C]
# name 5 = t190C: Temperature, 2 [ITS-90, deg C]
# name 6 = c0S/m: Conductivity [S/m]
# name 7 = c1S/m: Conductivity, 2 [S/m]
# name 8 = sbeox0V: Oxygen raw, SBE 43 [V]
# name 9 = sbeox1V: Oxygen raw, SBE 43, 2 [V]
# name 10 = sbox0dV/dT: Oxygen, SBE 43 [dov/dt]
# name 11 = sbox1dV/dT: Oxygen, SBE 43, 2 [dov/dt]
# name 12 = CStarTr0: Beam Transmission, WET Labs C-Star [%]
# name 13 = flECO-AFL: Fluorescence, WET Labs ECO-AFL/FL [mg/m^3]
# name 14 = flC: Fluorescence, Chelsea Aqua 3 Chl Con [ug/l]
# name 15 = sbox0Mm/Kg: Oxygen, SBE 43 [umol/kg], WS = 2
# name 16 = sbox1Mm/Kg: Oxygen, SBE 43, 2 [umol/kg], WS = 2
# name 17 = sal00: Salinity, Practical [PSU]
# name 18 = sal11: Salinity, Practical, 2 [PSU]
# name 19 = sigma-é00: Density [sigma-theta, kg/m^3]
# name 20 = sigma-é11: Density, 2 [sigma-theta, kg/m^3]
# name 21 = svCM: Sound Velocity [Chen-Millero, m/s]
# name 22 = svCM1: Sound Velocity, 2 [Chen-Millero, m/s]
# name 23 = nbin: number of scans per bin
# name 24 = flag: flag
# span 0 =      20754,      65247       
# span 1 =  63.994603,  64.016060       
# span 2 =      1.000,    501.000       
# span 3 =      0.982,    497.584       
# span 4 =     9.3705,    25.7965       
# span 5 =     9.3710,    25.8052       
# span 6 =   3.772837,   5.515045       
# span 7 =   3.772628,   5.515237       
# span 8 =     0.7717,     2.6257       
# span 9 =     0.8525,     3.0360       
# span 10 =   -0.04044,    0.05416      
# span 11 =   -0.04728,    0.04945      
# span 12 =    83.6947,    89.9028      
# span 13 =     0.0406,     2.3894      
# span 14 =     0.0262,     0.7545      
# span 15 =     36.019,    197.836      
# span 16 =     35.149,    191.211      
# span 17 =    35.0104,    36.0026      
# span 18 =    35.0075,    36.0179      
# span 19 =    23.7829,    27.0753      
# span 20 =    23.7760,    27.0742      
# span 21 =    1495.77,    1537.65      
# span 22 =    1495.77,    1537.67      
# span 23 =         14,        152      
# span 24 = 0.0000e+00, 0.0000e+00      
# interval = decibars: 1                
# start_time = Mar 04 2022 23:37:49 [System UTC, first data scan.]
# bad_flag = -9.990e-29
*END*
[from data line 116]
      28522  63.998348    385.000    382.478    10.9557    10.9878   3.930573   3.933664     0.8204     0.9090    0.00028    0.00074    89.8048     0.0737     0.0443     41.416     40.218    35.1350    35.1352    26.8975    26.8918    1499.73    1499.84         23 0.0000e+00
      28550  63.998363    384.000    381.487    10.9768    11.0012   3.932496   3.934947     0.8214     0.9106    0.00092    0.00082    89.8047     0.0806     0.0438     41.531     40.365    35.1344    35.1357    26.8932    26.8897    1499.79    1499.88         34 0.0000e+00
      28587  63.998379    383.000    380.503    10.9532    10.9570   3.930131   3.930030     0.8217     0.9114    0.00117    0.00131    89.8047     0.0678     0.0397     41.582     40.489    35.1338    35.1292    26.8969    26.8926    1499.69    1499.70         37 0.0000e+00
      28618  63.998394    382.000    379.513    10.9970    10.9723   3.934987   3.932149     0.8216     0.9125    0.00067    0.00097    89.8150     0.0779     0.0398     41.519     40.585    35.1409    35.1362    26.8945    26.8953    1499.83    1499.74         24 0.0000e+00
      28639  63.998405    381.000    378.520    11.0279    11.0155   3.937835   3.936574     0.8226     0.9137    0.00021    0.00047    89.8043     0.0709     0.0397     41.612     40.668    35.1402    35.1396    26.8884    26.8901    1499.93    1499.88         19 0.0000e+00
      28657  63.998413    380.000    377.523    11.0448    11.0552   3.939779   3.940834     0.8234     0.9147   -0.00006    0.00067    89.8020     0.0618     0.0406     41.690     40.724    35.1440    35.1446    26.8882    26.8868    1499.97    1500.01         18 0.0000e+00
      28674  63.998421    379.000    376.523    11.0760    11.1001   3.942847   3.945346     0.8247     0.9156   -0.00003    0.00092    89.7697     0.0709     0.0397     41.834     40.772    35.1452    35.1470    26.8834    26.8805    1500.07    1500.15         19 0.0000e+00
      28697  63.998432    378.000    375.528    11.0963    11.1176   3.944972   3.947035     0.8260     0.9167    0.00073    0.00120    89.7794     0.0738     0.0404     41.973     40.862    35.1475    35.1476    26.8815    26.8778    1500.12    1500.20         26 0.0000e+00
      28727  63.998447    377.000    374.546    11.0750    11.1038   3.942580   3.945210     0.8273     0.9176    0.00146    0.00128    89.7816     0.0675     0.0411     42.149     40.966    35.1443    35.1431    26.8829    26.8768    1500.03    1500.13         33 0.0000e+00
      28756  63.998463    376.000    373.557    11.0975    11.0983   3.945096   3.944954     0.8276     0.9176    0.00148    0.00114    89.7837     0.0677     0.0407     42.163     40.974    35.1484    35.1462    26.8820    26.8801    1500.10    1500.10         25 0.0000e+00
      28779  63.998474    375.000    372.560    11.1172    11.1176   3.947107   3.946980     0.8280     0.9183    0.00106    0.00086    89.7981     0.0606     0.0392     42.195     41.022    35.1501    35.1484    26.8797    26.8784    1500.15    1500.15         22 0.0000e+00
      28801  63.998486    374.000    371.564    11.1350    11.1451   3.948917   3.949799     0.8292     0.9198    0.00051    0.00019    89.7823     0.0586     0.0400     42.324     41.144    35.1516    35.1507    26.8776    26.8751    1500.20    1500.23         21 0.0000e+00
      28823  63.998493    373.000    370.576    11.1451    11.1517   3.949934   3.950261     0.8300     0.9212    0.00021    0.00022    89.7809     0.0702     0.0403     42.408     41.280    35.1525    35.1494    26.8764    26.8729    1500.22    1500.24         24 0.0000e+00
      28847  63.998505    372.000    369.580    11.1484    11.1554   3.950229   3.950603     0.8306     0.9222    0.00083    0.00108    89.7809     0.0702     0.0407     42.485     41.373    35.1526    35.1497    26.8759    26.8723    1500.21    1500.23         24 0.0000e+00
      28871  63.998516    371.000    368.589    11.1523    11.1561   3.950545   3.950570     0.8310     0.9231    0.00115    0.00159    89.7809     0.0554     0.0414     42.528     41.466    35.1525    35.1492    26.8751    26.8719    1500.21    1500.22         23 0.0000e+00
      28894  63.998528    370.000    367.593    11.1556    11.1580   3.950820   3.950752     0.8316     0.9233    0.00065    0.00123    89.7809     0.0694     0.0409     42.598     41.479    35.1526    35.1496    26.8746    26.8718    1500.20    1500.21         24 0.0000e+00
      28919  63.998539    369.000    366.601    11.1605    11.1684   3.951257   3.951775     0.8324     0.9234    0.00061    0.00104    89.7809     0.0652     0.0410     42.687     41.473    35.1527    35.1503    26.8737    26.8704    1500.21    1500.23         27 0.0000e+00
      28946  63.998554    368.000    365.615    11.1644    11.1793   3.951597   3.952845     0.8336     0.9240    0.00050    0.00036    89.7809     0.0767     0.0418     42.825     41.524    35.1528    35.1510    26.8730    26.8689    1500.20    1500.25         26 0.0000e+00
      28972  63.998566    367.000    364.616    11.1755    11.1836   3.952743   3.953178     0.8342     0.9255    0.00074    0.00013    89.7809     0.0710     0.0421     42.893     41.670    35.1541    35.1506    26.8720    26.8678    1500.23    1500.25         24 0.0000e+00
      28996  63.998577    366.000    363.632    11.1979    11.2109   3.954997   3.956161     0.8356     0.9266    0.00091    0.00035    89.7809     0.0664     0.0421     43.044     41.759    35.1556    35.1547    26.8691    26.8660    1500.29    1500.33         23 0.0000e+00
      29019  63.998589    365.000    362.626    11.2171    11.2340   3.956935   3.958527     0.8373     0.9283    0.00076    0.00115    89.7512     0.0587     0.0419     43.239     41.899    35.1570    35.1567    26.8666    26.8633    1500.34    1500.40         23 0.0000e+00
      29041  63.998600    364.000    361.644    11.2270    11.2461   3.957897   3.959644     0.8388     0.9301    0.00096    0.00121    89.7810     0.0665     0.0407     43.411     42.075    35.1575    35.1566    26.8652    26.8610    1500.36    1500.43         23 0.0000e+00
      29063  63.998611    363.000    360.648    11.2362    11.2602   3.958872   3.961196     0.8404     0.9320    0.00163    0.00139    89.7787     0.0783     0.0412     43.601     42.255    35.1589    35.1591    26.8645    26.8603    1500.38    1500.46         22 0.0000e+00
      29085  63.998619    362.000    359.659    11.2607    11.2828   3.961396   3.963593     0.8420     0.9335    0.00157    0.00175    89.7761     0.0791     0.0416     43.786     42.385    35.1610    35.1617    26.8617    26.8582    1500.45    1500.53         20 0.0000e+00
      29105  63.998631    361.000    358.659    11.2894    11.3224   3.964658   3.967996     0.8442     0.9355    0.00158    0.00193    89.7878     0.0634     0.0415     44.033     42.553    35.1664    35.1681    26.8606    26.8558    1500.54    1500.66         21 0.0000e+00
      29126  63.998642    360.000    357.664    11.3247    11.3710   3.968124   3.972962     0.8471     0.9378    0.00179    0.00196    89.7811     0.0695     0.0404     44.356     42.735    35.1676    35.1715    26.8550    26.8495    1500.65    1500.81         22 0.0000e+00
      29150  63.998653    359.000    356.677    11.3401    11.3883   3.969848   3.974888     0.8502     0.9409    0.00203    0.00187    89.7809     0.0711     0.0405     44.727     43.035    35.1705    35.1746    26.8544    26.8487    1500.69    1500.86         25 0.0000e+00
      29175  63.998665    358.000    355.684    11.3624    11.4166   3.972379   3.977508     0.8525     0.9439    0.00285    0.00256    89.7809     0.0707     0.0412     44.994     43.316    35.1748    35.1740    26.8536    26.8430    1500.75    1500.94         25 0.0000e+00
      29198  63.998676    357.000    354.697    11.4033    11.4366   3.976506   3.980029     0.8544     0.9470    0.00327    0.00280    89.7809     0.0708     0.0406     45.193     43.608    35.1772    35.1803    26.8479    26.8442    1500.88    1501.00         21 0.0000e+00
      29219  63.998684    356.000    353.699    11.4487    11.4619   3.981544   3.982601     0.8567     0.9500    0.00273    0.00312    89.7809     0.0759     0.0411     45.427     43.890    35.1842    35.1822    26.8449    26.8409    1501.03    1501.07         21 0.0000e+00
      29240  63.998695    355.000    352.703    11.4735    11.5073   3.984097   3.987507     0.8595     0.9526    0.00214    0.00290    89.7809     0.0865     0.0407     45.757     44.113    35.1863    35.1879    26.8419    26.8369    1501.10    1501.22         22 0.0000e+00
      29264  63.998707    354.000    351.711    11.4953    11.5402   3.986145   3.990591     0.8623     0.9559    0.00216    0.00319    89.7809     0.0643     0.0406     46.088     44.414    35.1863    35.1875    26.8378    26.8304    1501.16    1501.32         26 0.0000e+00
      29292  63.998722    353.000    350.719    11.5030    11.5262   3.986942   3.988892     0.8643     0.9585    0.00292    0.00331    89.7809     0.0632     0.0408     46.322     44.697    35.1873    35.1845    26.8372    26.8307    1501.17    1501.25         30 0.0000e+00
      29323  63.998737    352.000    349.729    11.5230    11.5332   3.988961   3.989597     0.8658     0.9615    0.00279    0.00307    89.7809     0.0642     0.0404     46.491     44.995    35.1887    35.1852    26.8345    26.8299    1501.23    1501.26         30 0.0000e+00
      29351  63.998749    351.000    348.738    11.5532    11.5331   3.991907   3.989708     0.8671     0.9648    0.00174    0.00231    89.7809     0.0687     0.0403     46.616     45.328    35.1895    35.1869    26.8295    26.8312    1501.32    1501.24         26 0.0000e+00
      29375  63.998760    350.000    347.745    11.5476    11.5614   3.991264   3.992531     0.8693     0.9670    0.00113    0.00227    89.7809     0.0652     0.0409     46.898     45.520    35.1889    35.1883    26.8300    26.8270    1501.28    1501.33         22 0.0000e+00
      29395  63.998772    349.000    346.756    11.5655    11.5779   3.993074   3.993942     0.8717     0.9690    0.00107    0.00259    89.7809     0.0655     0.0407     47.177     45.704    35.1902    35.1870    26.8277    26.8229    1501.33    1501.36         18 0.0000e+00
      29412  63.998779    348.000    345.755    11.5939    11.6297   3.996119   3.999890     0.8745     0.9719    0.00125    0.00279    89.7809     0.0689     0.0415     47.496     45.945    35.1937    35.1968    26.8251    26.8208    1501.41    1501.54         17 0.0000e+00
      29428  63.998787    347.000    344.766    11.6387    11.6821   4.000604   4.004809     0.8779     0.9751    0.00194    0.00244    89.7809     0.0709     0.0416     47.881     46.219    35.1958    35.1960    26.8183    26.8103    1501.55    1501.70         16 0.0000e+00
      29445  63.998795    346.000    343.766    11.6678    11.7014   4.003520   4.006858     0.8811     0.9783    0.00256    0.00214    89.7809     0.0725     0.0403     48.249     46.521    35.1973    35.1983    26.8140    26.8084    1501.64    1501.75         18 0.0000e+00
      29464  63.998802    345.000    342.775    11.6884    11.7166   4.005581   4.008367     0.8841     0.9821    0.00329    0.00306    89.7809     0.0656     0.0403     48.598     46.889    35.1985    35.1992    26.8110    26.8063    1501.69    1501.79         20 0.0000e+00
      29487  63.998814    344.000    341.782    11.7079    11.7207   4.007658   4.008741     0.8866     0.9860    0.00446    0.00435    89.7809     0.0594     0.0408     48.885     47.281    35.2008    35.1994    26.8092    26.8056    1501.75    1501.79         26 0.0000e+00
      29516  63.998829    343.000    340.792    11.6929    11.7226   4.005982   4.008759     0.8887     0.9890    0.00428    0.00473    89.7809     0.0647     0.0402     49.158     47.583    35.1990    35.1982    26.8106    26.8043    1501.68    1501.78         31 0.0000e+00
      29545  63.998844    342.000    339.804    11.7117    11.7024   4.008072   4.006433     0.8893     0.9909    0.00284    0.00418    89.7809     0.0788     0.0391     49.205     47.802    35.2022    35.1950    26.8094    26.8056    1501.73    1501.69         27 0.0000e+00
      29571  63.998856    341.000    338.810    11.7449    11.7338   4.011532   4.010280     0.8908     0.9934    0.00181    0.00262    89.7809     0.0726     0.0394     49.355     48.016    35.2051    35.2034    26.8055    26.8062    1501.83    1501.79         25 0.0000e+00
      29596  63.998867    340.000    337.816    11.7728    11.7863   4.014422   4.015498     0.8936     0.9971    0.00049    0.00159    89.7809     0.0655     0.0391     49.675     48.336    35.2076    35.2053    26.8021    26.7978    1501.91    1501.96         25 0.0000e+00
      29621  63.998878    339.000    336.823    11.7928    11.8034   4.016292   4.017110     0.8968     1.0006    0.00109    0.00189    89.7809     0.0638     0.0391     50.045     48.671    35.2074    35.2054    26.7981    26.7946    1501.96    1502.00         24 0.0000e+00
      29644  63.998890    338.000    335.833    11.8010    11.8142   4.016992   4.017978     0.8991     1.0032    0.00206    0.00321    89.7809     0.0669     0.0392     50.329     48.921    35.2069    35.2042    26.7962    26.7916    1501.97    1502.02         22 0.0000e+00
      29665  63.998901    337.000    334.838    11.8106    11.8223   4.017941   4.018719     0.9013     1.0060    0.00299    0.00335    89.7809     0.0702     0.0388     50.587     49.186    35.2076    35.2042    26.7949    26.7901    1501.99    1502.03         21 0.0000e+00
      29685  63.998909    336.000    333.843    11.8180    11.8262   4.018489   4.018907     0.9029     1.0080    0.00294    0.00337    89.7809     0.0631     0.0391     50.771     49.385    35.2065    35.2028    26.7926    26.7881    1502.00    1502.02         20 0.0000e+00
      29705  63.998920    335.000    332.847    11.8244    11.8314   4.019001   4.019372     0.9042     1.0092    0.00256    0.00292    89.8031     0.0622     0.0400     50.920     49.493    35.2058    35.2028    26.7908    26.7872    1502.00    1502.02         20 0.0000e+00
      29726  63.998928    334.000    331.858    11.8299    11.8435   4.019523   4.020661     0.9056     1.0114    0.00227    0.00280    89.8003     0.0580     0.0405     51.089     49.706    35.2062    35.2044    26.7901    26.7861    1502.01    1502.05         22 0.0000e+00
      29750  63.998943    333.000    330.863    11.8366    11.8514   4.020137   4.021400     0.9068     1.0127    0.00184    0.00224    89.7838     0.0608     0.0389     51.229     49.819    35.2063    35.2047    26.7889    26.7848    1502.01    1502.06         26 0.0000e+00
      29776  63.998955    332.000    329.873    11.8422    11.8567   4.020717   4.021874     0.9082     1.0135    0.00165    0.00202    89.7818     0.0730     0.0383     51.395     49.895    35.2071    35.2048    26.7884    26.7838    1502.02    1502.06         26 0.0000e+00
      29803  63.998966    331.000    328.879    11.8584    11.8581   4.022364   4.022019     0.9090     1.0155    0.00136    0.00161    89.7987     0.0737     0.0375     51.470     50.092    35.2083    35.2053    26.7862    26.7840    1502.06    1502.05         28 0.0000e+00
      29831  63.998981    330.000    327.889    11.8621    11.8660   4.022661   4.022753     0.9100     1.0167    0.00128    0.00098    89.8021     0.0640     0.0391     51.581     50.193    35.2082    35.2054    26.7854    26.7825    1502.05    1502.06         28 0.0000e+00
      29857  63.998993    329.000    326.901    11.8627    11.8676   4.022699   4.022864     0.9108     1.0181    0.00073    0.00152    89.7970     0.0672     0.0396     51.680     50.331    35.2084    35.2055    26.7854    26.7822    1502.04    1502.05         22 0.0000e+00
