data-processing/CTD/data/cnv/ures015.cnv
* Sea-Bird SBE 9 Data File:
* FileName = C:\SEASOFT\PIRATA-FR32\data\fr32015.hex
* Software Version Seasave V 7.26.7.107
* Temperature SN = 6083
* Conductivity SN = 4509
* Number of Bytes Per Scan = 42
* Number of Voltage Words = 3
* Number of Scans Averaged by the Deck Unit = 1
* NMEA Latitude = 03 29.96 S
* NMEA Longitude = 010 00.06 W
* NMEA UTC (Time) = Mar 09 2022 21:40:31
** Cruise: PIRATA-FR32
** Ship: THALASSA
** Station: 015
** Bottom Depth: 3815
** Barometric pressure : 1006.9
** Temp Air: 28.5
** Operator: LWMH
** Comments:
# nquan = 25
# nvalues = 504                         
# units = specified
# name 0 = scan: Scan Count
# name 1 = timeJ: Julian Days
# name 2 = prDM: Pressure, Digiquartz [db]
# name 3 = depSM: Depth [salt water, m]
# name 4 = t090C: Temperature [ITS-90, deg C]
# name 5 = t190C: Temperature, 2 [ITS-90, deg C]
# name 6 = c0S/m: Conductivity [S/m]
# name 7 = c1S/m: Conductivity, 2 [S/m]
# name 8 = sbeox0V: Oxygen raw, SBE 43 [V]
# name 9 = sbeox1V: Oxygen raw, SBE 43, 2 [V]
# name 10 = sbox0dV/dT: Oxygen, SBE 43 [dov/dt]
# name 11 = sbox1dV/dT: Oxygen, SBE 43, 2 [dov/dt]
# name 12 = CStarTr0: Beam Transmission, WET Labs C-Star [%]
# name 13 = flECO-AFL: Fluorescence, WET Labs ECO-AFL/FL [mg/m^3]
# name 14 = flC: Fluorescence, Chelsea Aqua 3 Chl Con [ug/l]
# name 15 = sbox0Mm/Kg: Oxygen, SBE 43 [umol/kg], WS = 2
# name 16 = sbox1Mm/Kg: Oxygen, SBE 43, 2 [umol/kg], WS = 2
# name 17 = sal00: Salinity, Practical [PSU]
# name 18 = sal11: Salinity, Practical, 2 [PSU]
# name 19 = sigma-é00: Density [sigma-theta, kg/m^3]
# name 20 = sigma-é11: Density, 2 [sigma-theta, kg/m^3]
# name 21 = svCM: Sound Velocity [Chen-Millero, m/s]
# name 22 = svCM1: Sound Velocity, 2 [Chen-Millero, m/s]
# name 23 = nbin: number of scans per bin
# name 24 = flag: flag
# span 0 =      21705,      50177       
# span 1 =  68.913615,  68.927346       
# span 2 =      1.000,    504.000       
# span 3 =      0.997,    500.610       
# span 4 =     7.0778,    28.4142       
# span 5 =     7.0773,    28.4159       
# span 6 =   3.524147,   5.690588       
# span 7 =   3.523879,   5.690920       
# span 8 =     1.0073,     2.7731       
# span 9 =     1.1344,     3.2169       
# span 10 =   -0.08040,    0.16387      
# span 11 =   -0.04556,    0.16768      
# span 12 =    84.9868,    90.0230      
# span 13 =     0.0409,     2.2958      
# span 14 =     0.0303,     0.5878      
# span 15 =     67.097,    211.296      
# span 16 =     65.380,    203.853      
# span 17 =    34.6253,    36.0208      
# span 18 =    34.6228,    36.0871      
# span 19 =    22.3822,    27.1195      
# span 20 =    22.3790,    27.1187      
# span 21 =    1486.78,    1542.57      
# span 22 =    1486.77,    1542.61      
# span 23 =         13,        124      
# span 24 = 0.0000e+00, 0.0000e+00      
# interval = decibars: 1                
# start_time = Mar 09 2022 21:40:32 [System UTC, first data scan.]
# bad_flag = -9.990e-29
*END*
[from data line 464]
      45491  68.925087     40.000     39.765    16.0841    16.1565   4.473195   4.480674     1.4526     1.6547    0.00311    0.00504    88.7149     0.7183     0.2463    105.663    101.786    35.6478    35.6495    26.2282    26.2128    1511.46    1511.69         22 0.0000e+00
      46575  68.925606     39.000     38.775    16.2213    16.2407   4.487621   4.489315     1.4763     1.6882    0.00389    0.00236    88.5354     0.8880     0.2681    107.975    104.627    35.6536    35.6513    26.2009    26.1946    1511.87    1511.93         59 0.0000e+00
      47511  68.926064     38.000     37.799    16.4541    16.3695   4.513618   4.504768     1.5045     1.7265   -0.00080    0.00208    88.4659     0.9170     0.2767    110.569    107.786    35.6763    35.6736    26.1641    26.1817    1512.59    1512.33         27 0.0000e+00
      47445  68.926025     37.000     36.788    16.5459    16.6571   4.522332   4.536400     1.5342     1.7407    0.00062    0.00219    88.3858     0.8616     0.2827    113.634    108.431    35.6717    35.6967    26.1390    26.1320    1512.85    1513.21         23 0.0000e+00
      47472  68.926041     36.000     35.797    16.7525    17.1454   4.544665   4.589197     1.5828     1.7691    0.00781    0.00722    88.3363     0.8907     0.2883    118.475    109.913    35.6848    35.7258    26.1001    26.0379    1513.47    1514.69         34 0.0000e+00
      47513  68.926064     35.000     34.802    17.0979    17.0973   4.583047   4.579834     1.6165     1.8270    0.03689    0.02008    88.3053     1.1901     0.2924    121.322    115.158    35.7147    35.6872    26.0408    26.0198    1514.52    1514.49         42 0.0000e+00
      47546  68.926079     34.000     33.815    17.3466    17.3652   4.607065   4.611266     1.6768     1.8951    0.03168    0.02834    88.2974     1.2124     0.2986    127.281    120.547    35.7042    35.7244    25.9728    25.9839    1515.23    1515.31         27 0.0000e+00
      47571  68.926086     33.000     32.816    18.2020    18.5761   4.707441   4.758778     1.8457     2.0147    0.01521    0.03595    88.0750     1.2318     0.3211    143.043    127.986    35.8160    35.9248    25.8468    25.8352    1517.84    1519.03         23 0.0000e+00
      47595  68.926102     32.000     31.815    19.2305    19.8896   4.813635   4.889165     2.0241     2.1956    0.03366    0.04542    87.3822     1.4542     0.3795    158.987    140.274    35.8207    35.8818    25.5903    25.4647    1520.78    1522.69         27 0.0000e+00
      47641  68.926125     31.000     30.824    18.8722    19.0226   4.772048   4.785341     1.9906     2.2625    0.12340    0.12253    87.2337     2.0040     0.4554    156.496    148.304    35.7804    35.7603    25.6497    25.5942    1519.68    1520.07         74 0.0000e+00
      47709  68.926155     30.000     29.838    20.2415    19.7332   4.921951   4.879827     2.1115     2.4573   -0.08040   -0.03057    87.5534     2.2958     0.4776    164.982    162.600    35.8509    35.9365    25.3467    25.5429    1523.58    1522.24         42 0.0000e+00
      47740  68.926170     29.000     28.844    20.4271    20.6718   4.940437   4.966654     2.3155     2.6277   -0.01192    0.02694    86.1614     2.1005     0.5420    185.317    174.250    35.8458    35.8519    25.2946    25.2335    1524.08    1524.75         27 0.0000e+00
      47764  68.926186     28.000     27.841    20.6420    20.8568   4.963733   4.988769     2.4043     2.7124    0.16387    0.16768    85.7328     2.1442     0.5789    193.607    180.645    35.8537    35.8751    25.2426    25.2007    1524.65    1525.26         24 0.0000e+00
      47789  68.926193     27.000     26.846    20.9056    21.2145   4.991286   5.024520     2.4672     2.8040    0.15477    0.13500    85.3400     1.9825     0.5878    199.056    187.075    35.8547    35.8626    25.1719    25.0934    1525.35    1526.19         26 0.0000e+00
      47819  68.926208     26.000     25.854    21.5481    21.6889   5.061585   5.083364     2.5379     2.9170    0.09446    0.08738    85.4896     1.1647     0.5082    203.863    194.679    35.8800    35.9356    25.0140    25.0169    1527.08    1527.51         34 0.0000e+00
      47852  68.926224     25.000     24.862    22.4123    22.2924   5.157063   5.145706     2.5938     3.0115    0.06267    0.08924    85.9525     0.6802     0.3987    206.298    200.364    35.9175    35.9275    24.7996    24.8414    1529.36    1529.06         32 0.0000e+00
      47884  68.926239     24.000     23.865    23.4314    23.4903   5.274154   5.289046     2.6413     3.0752    0.05031    0.08690    86.4336     0.5717     0.3172    207.279    201.354    35.9903    36.0566    24.5604    24.5928    1532.02    1532.24         29 0.0000e+00
      47925  68.926262     23.000     22.870    23.9473    23.6242   5.329479   5.291193     2.6514     3.1085    0.03847    0.05690    86.6403     0.5356     0.2295    206.442    203.650    35.9943    35.9639    24.4112    24.4834    1533.30    1532.46         56 0.0000e+00
      47975  68.926285     22.000     21.883    24.6764    24.5755   5.408087   5.403209     2.7113     3.1461   -0.00043    0.01638    86.8530     0.4795     0.1979    209.642    203.388    36.0012    36.0459    24.1979    24.2620    1535.07    1534.87         37 0.0000e+00
      48005  68.926300     21.000     20.881    25.0028    25.4024   5.445611   5.497382     2.7412     3.1763    0.02647    0.02368    87.1370     0.4096     0.1787    211.296    203.037    36.0208    36.0871    24.1128    24.0399    1535.86    1536.88         29 0.0000e+00
      48391  68.926483     20.000     19.887    25.8132    25.8097   5.520808   5.520780     2.7399     3.1818    0.01485    0.00813    86.3626     0.4144     0.1515    208.514    202.343    35.9352    35.9376    23.7983    23.8012    1537.68    1537.67         82 0.0000e+00
      49564  68.927048     19.000     18.897    26.2387    26.2278   5.551776   5.550019     2.7706     3.2169   -0.00292    0.00282    85.3952     0.3933     0.1376    210.059    203.853    35.8282    35.8240    23.5849    23.5851    1538.54    1538.51         69 0.0000e+00
      49550  68.927040     18.000     17.904    26.4787    26.3406   5.553349   5.551989     2.7731     3.2015    0.00018    0.00199    85.4226     0.3241     0.1284    209.701    202.405    35.6536    35.7508    23.3773    23.4942    1538.89    1538.68         31 0.0000e+00
      49577  68.927055     17.000     16.906    27.4723    27.7503   5.620667   5.645316     2.7162     3.1757   -0.00226   -0.00909    85.4584     0.2804     0.1202    201.605    196.771    35.3762    35.3408    22.8501    22.7333    1540.84    1541.42         25 0.0000e+00
      49603  68.927071     16.000     15.913    28.0888    28.2013   5.666317   5.674660     2.6790     3.1252    0.00424   -0.00872    85.8211     0.2194     0.1067    196.466    191.863    35.2343    35.2087    22.5429    22.4868    1542.04    1542.26         27 0.0000e+00
      49630  68.927078     15.000     14.916    28.2125    28.2702   5.676172   5.680895     2.6645     3.0966   -0.03832   -0.01371    85.8793     0.2093     0.0927    194.786    189.547    35.2112    35.2012    22.4850    22.4585    1542.27    1542.39         26 0.0000e+00
      49654  68.927094     14.000     13.924    28.2855    28.3415   5.682405   5.686921     2.6589     3.0794   -0.04286   -0.04556    85.8208     0.1958     0.0839    194.054    188.069    35.2007    35.1905    22.4530    22.4269    1542.40    1542.51         23 0.0000e+00
      49678  68.927101     13.000     12.922    28.3796    28.4004   5.689329   5.690920     2.6544     3.0732   -0.02174   -0.03345    85.7687     0.2111     0.0788    193.365    187.452    35.1792    35.1749    22.4057    22.3956    1542.57    1542.61         26 0.0000e+00
      49721  68.927124     12.000     11.931    28.3390    28.3126   5.685974   5.683744     2.6598     3.0744   -0.00691   -0.01474    85.8691     0.2071     0.0773    193.940    187.737    35.1863    35.1904    22.4244    22.4362    1542.47    1542.42         72 0.0000e+00
      49785  68.927155     11.000     10.946    28.4014    28.4040   5.690357   5.690147     2.6600     3.0739    0.00724    0.00474    85.7982     0.2226     0.0819    193.772    187.457    35.1708    35.1674    22.3921    22.3887    1542.57    1542.58         34 0.0000e+00
      49810  68.927170     10.000      9.943    28.3949    28.3886   5.689601   5.688694     2.6612     3.0756   -0.00019    0.00201    85.7470     0.2042     0.0750    193.869    187.597    35.1707    35.1690    22.3940    22.3949    1542.54    1542.53         26 0.0000e+00
      49838  68.927185      9.000      8.948    28.4032    28.3980   5.690229   5.689291     2.6610     3.0747   -0.00180   -0.00265    85.6429     0.1946     0.0723    193.811    187.484    35.1692    35.1665    22.3901    22.3898    1542.54    1542.53         30 0.0000e+00
      49869  68.927200      8.000      7.958    28.4091    28.4087   5.690567   5.689993     2.6601     3.0716    0.00105    0.00092    85.6411     0.1980     0.0766    193.693    187.208    35.1675    35.1637    22.3868    22.3841    1542.54    1542.53         30 0.0000e+00
      49899  68.927208      7.000      6.958    28.4048    28.4073   5.689959   5.689619     2.6591     3.0692   -0.00051   -0.00105    85.5929     0.1919     0.0755    193.592    187.014    35.1667    35.1624    22.3875    22.3835    1542.51    1542.51         32 0.0000e+00
      49934  68.927231      6.000      5.972    28.4086    28.3894   5.690193   5.687678     2.6592     3.0746   -0.00022   -0.00191    85.4981     0.1977     0.0740    193.564    187.441    35.1658    35.1625    22.3856    22.3894    1542.50    1542.45         33 0.0000e+00
      49960  68.927238      5.000      4.976    28.4118    28.4113   5.690429   5.689871     2.6612     3.0757   -0.00121   -0.00188    85.4269     0.1930     0.0701    193.713    187.443    35.1654    35.1618    22.3841    22.3816    1542.49    1542.49         22 0.0000e+00
      49981  68.927254      4.000      3.978    28.4142    28.4151   5.690588   5.690165     2.6608     3.0757   -0.00066    0.00259    85.3899     0.2076     0.0700    193.646    187.409    35.1650    35.1613    22.3830    22.3799    1542.48    1542.48         21 0.0000e+00
      50003  68.927261      3.000      2.974    28.4142    28.4159   5.690531   5.690115     2.6576     3.0748    0.00130    0.00440    85.3193     0.2068     0.0711    193.337    187.316    35.1648    35.1607    22.3827    22.3790    1542.46    1542.46         24 0.0000e+00
      50083  68.927299      2.000      1.987    28.4093    28.4085   5.689911   5.689217     2.6630     3.0709    0.00084    0.00001    85.0062     0.2114     0.0710    193.813    187.026    35.1645    35.1602    22.3840    22.3811    1542.43    1542.43         80 0.0000e+00
      50177  68.927345      1.000      0.997    28.4121    28.4105   5.690010   5.689334     2.6615     3.0780    0.00400   -0.00614    84.9868     0.1912     0.0714    193.647    187.523    35.1634    35.1599    22.3822    22.3801    1542.42    1542.41         28 0.0000e+00
