data-processing/CTD/data/cnv/ures018.cnv
* Sea-Bird SBE 9 Data File:
* FileName = C:\SEASOFT\PIRATA-FR32\data\fr32018.hex
* Software Version Seasave V 7.26.7.107
* Temperature SN = 6083
* Conductivity SN = 4509
* Number of Bytes Per Scan = 42
* Number of Voltage Words = 3
* Number of Scans Averaged by the Deck Unit = 1
* NMEA Latitude = 05 00.02 S
* NMEA Longitude = 010 00.06 W
* NMEA UTC (Time) = Mar 10 2022 09:06:28
** Cruise: PIRATA-FR32
** Ship: THALASSA
** Station: 018
** Bottom Depth: 3283
** Barometric pressure : 1008.9
** Temp Air: 23.7
** Operator: LWMH
** Comments:
# nquan = 25
# nvalues = 504                         
# units = specified
# name 0 = scan: Scan Count
# name 1 = timeJ: Julian Days
# name 2 = prDM: Pressure, Digiquartz [db]
# name 3 = depSM: Depth [salt water, m]
# name 4 = t090C: Temperature [ITS-90, deg C]
# name 5 = t190C: Temperature, 2 [ITS-90, deg C]
# name 6 = c0S/m: Conductivity [S/m]
# name 7 = c1S/m: Conductivity, 2 [S/m]
# name 8 = sbeox0V: Oxygen raw, SBE 43 [V]
# name 9 = sbeox1V: Oxygen raw, SBE 43, 2 [V]
# name 10 = sbox0dV/dT: Oxygen, SBE 43 [dov/dt]
# name 11 = sbox1dV/dT: Oxygen, SBE 43, 2 [dov/dt]
# name 12 = CStarTr0: Beam Transmission, WET Labs C-Star [%]
# name 13 = flECO-AFL: Fluorescence, WET Labs ECO-AFL/FL [mg/m^3]
# name 14 = flC: Fluorescence, Chelsea Aqua 3 Chl Con [ug/l]
# name 15 = sbox0Mm/Kg: Oxygen, SBE 43 [umol/kg], WS = 2
# name 16 = sbox1Mm/Kg: Oxygen, SBE 43, 2 [umol/kg], WS = 2
# name 17 = sal00: Salinity, Practical [PSU]
# name 18 = sal11: Salinity, Practical, 2 [PSU]
# name 19 = sigma-é00: Density [sigma-theta, kg/m^3]
# name 20 = sigma-é11: Density, 2 [sigma-theta, kg/m^3]
# name 21 = svCM: Sound Velocity [Chen-Millero, m/s]
# name 22 = svCM1: Sound Velocity, 2 [Chen-Millero, m/s]
# name 23 = nbin: number of scans per bin
# name 24 = flag: flag
# span 0 =      18246,      49671       
# span 1 =  69.388301,  69.403456       
# span 2 =      2.000,    505.000       
# span 3 =      1.980,    501.588       
# span 4 =     7.9569,    28.2964       
# span 5 =     7.9538,    28.2970       
# span 6 =   3.612905,   5.800903       
# span 7 =   3.612352,   5.800357       
# span 8 =     1.0414,     2.7007       
# span 9 =     1.1770,     3.1333       
# span 10 =   -0.05258,    0.07606      
# span 11 =   -0.02707,    0.07636      
# span 12 =    83.0397,    89.9681      
# span 13 =     0.0441,     0.9695      
# span 14 =     0.0281,     0.2506      
# span 15 =     72.381,    203.702      
# span 16 =     70.727,    197.462      
# span 17 =    34.7111,    36.1233      
# span 18 =    34.7083,    36.1244      
# span 19 =    23.0554,    27.0611      
# span 20 =    23.0443,    27.0594      
# span 21 =    1490.26,    1543.47      
# span 22 =    1490.25,    1543.50      
# span 23 =         10,         97      
# span 24 = 0.0000e+00, 0.0000e+00      
# interval = decibars: 1                
# start_time = Mar 10 2022 09:06:29 [System UTC, first data scan.]
# bad_flag = -9.990e-29
*END*
[from data line 58]
      22142  69.390182    447.000    444.040     8.5127     8.5211   3.667247   3.667927     1.0500     1.1868   -0.00009    0.00018    89.9302     0.0747     0.0381     76.116     74.467    34.7687    34.7677    27.0214    27.0192    1491.47    1491.50         14 0.0000e+00
      22156  69.390190    446.000    443.046     8.5224     8.5325   3.668152   3.668981     1.0502     1.1870   -0.00030   -0.00022    89.9377     0.0708     0.0379     76.120     74.462    34.7692    34.7681    27.0202    27.0178    1491.49    1491.52         15 0.0000e+00
      22172  69.390198    445.000    442.049     8.5295     8.5405   3.668818   3.669716     1.0505     1.1868   -0.00022   -0.00036    89.9302     0.0607     0.0366     76.138     74.413    34.7698    34.7684    27.0196    27.0168    1491.50    1491.54         19 0.0000e+00
      22218  69.390213    444.000    441.069     8.5179     8.5235   3.667582   3.667764     1.0507     1.1872    0.00007   -0.00030    89.9211     0.0638     0.0372     76.168     74.482    34.7686    34.7650    27.0204    27.0167    1491.44    1491.45         48 0.0000e+00
      22278  69.390244    443.000    440.093     8.5150     8.5192   3.667267   3.667539     1.0509     1.1877   -0.00014    0.00032    89.9286     0.0667     0.0394     76.198     74.536    34.7685    34.7673    27.0208    27.0192    1491.41    1491.42         15 0.0000e+00
      22289  69.390251    442.000    439.097     8.5314     8.5409   3.668924   3.669749     1.0508     1.1879   -0.00004    0.00052    89.9275     0.0734     0.0394     76.136     74.504    34.7704    34.7698    27.0197    27.0177    1491.46    1491.49         12 0.0000e+00
      22300  69.390259    441.000    438.088     8.5460     8.5606   3.670467   3.671918     1.0505     1.1878    0.00013    0.00041    89.9236     0.0768     0.0386     76.057     74.445    34.7728    34.7738    27.0193    27.0178    1491.50    1491.55         12 0.0000e+00
      22312  69.390259    440.000    437.092     8.5711     8.5864   3.672918   3.674341     1.0500     1.1873    0.00018    0.00016    89.9236     0.0811     0.0376     75.931     74.333    34.7745    34.7745    27.0167    27.0144    1491.58    1491.64         12 0.0000e+00
      22326  69.390266    439.000    436.091     8.5798     8.5963   3.673695   3.675231     1.0493     1.1868    0.00018   -0.00003    89.9236     0.0706     0.0372     75.813     74.252    34.7747    34.7747    27.0155    27.0130    1491.59    1491.66         15 0.0000e+00
      22348  69.390282    438.000    435.104     8.5682     8.5836   3.672449   3.673605     1.0480     1.1854   -0.00015    0.00002    89.9236     0.0680     0.0371     75.645     74.113    34.7734    34.7705    27.0163    27.0116    1491.53    1491.59         33 0.0000e+00
      22392  69.390297    437.000    434.128     8.5430     8.5520   3.669920   3.670626     1.0485     1.1844   -0.00124   -0.00108    89.9257     0.0613     0.0370     75.750     74.039    34.7719    34.7705    27.0190    27.0165    1491.42    1491.45         43 0.0000e+00
      22422  69.390312    436.000    433.137     8.5637     8.5813   3.671922   3.673573     1.0486     1.1846   -0.00069   -0.00113    89.9280     0.0639     0.0381     75.723     74.004    34.7732    34.7734    27.0168    27.0142    1491.48    1491.55         22 0.0000e+00
      22441  69.390327    435.000    432.142     8.5589     8.5925   3.671478   3.674759     1.0484     1.1851    0.00047   -0.00049    89.9208     0.0648     0.0373     75.692     74.032    34.7737    34.7753    27.0179    27.0139    1491.45    1491.58         18 0.0000e+00
      22459  69.390335    434.000    431.149     8.5930     8.6089   3.675064   3.676409     1.0479     1.1853    0.00043   -0.00020    89.9169     0.0640     0.0369     75.543     74.014    34.7785    34.7771    27.0164    27.0128    1491.57    1491.62         18 0.0000e+00
      22476  69.390343    433.000    430.150     8.6155     8.6271   3.677138   3.678142     1.0472     1.1850    0.00014    0.00001    89.9157     0.0633     0.0359     75.401     73.934    34.7787    34.7779    27.0130    27.0106    1491.63    1491.68         18 0.0000e+00
      22497  69.390350    432.000    429.155     8.6221     8.6336   3.677754   3.678684     1.0465     1.1839   -0.00014    0.00060    89.9123     0.0564     0.0367     75.281     73.793    34.7792    34.7778    27.0124    27.0095    1491.64    1491.68         24 0.0000e+00
      22525  69.390366    431.000    428.163     8.6056     8.6187   3.675974   3.676963     1.0461     1.1828   -0.00077    0.00004    89.9233     0.0636     0.0383     75.250     73.681    34.7772    34.7747    27.0133    27.0093    1491.56    1491.61         33 0.0000e+00
      22560  69.390381    430.000    427.180     8.5932     8.6067   3.674875   3.675950     1.0462     1.1827   -0.00073   -0.00116    89.9236     0.0559     0.0369     75.271     73.686    34.7782    34.7763    27.0160    27.0124    1491.50    1491.55         34 0.0000e+00
      22592  69.390396    429.000    426.185     8.6223     8.6262   3.677657   3.677867     1.0462     1.1828   -0.00018   -0.00054    89.9246     0.0581     0.0368     75.207     73.652    34.7794    34.7778    27.0125    27.0106    1491.59    1491.61         31 0.0000e+00
      22620  69.390411    428.000    425.195     8.6345     8.6358   3.678870   3.678748     1.0462     1.1825    0.00014   -0.00000    89.9346     0.0559     0.0372     75.176     73.588    34.7807    34.7782    27.0116    27.0094    1491.62    1491.63         24 0.0000e+00
      22643  69.390419    427.000    424.203     8.6365     8.6394   3.679036   3.679056     1.0462     1.1820   -0.00002 2.4440e-07    89.9467     0.0606     0.0374     75.163     73.511    34.7809    34.7783    27.0114    27.0089    1491.62    1491.62         21 0.0000e+00
      22662  69.390434    426.000    423.210     8.6393     8.6445   3.679274   3.679570     1.0462     1.1818   -0.00006    0.00006    89.9448     0.0668     0.0375     75.148     73.476    34.7812    34.7792    27.0112    27.0088    1491.61    1491.63         19 0.0000e+00
      22681  69.390442    425.000    422.215     8.6446     8.6540   3.679774   3.680553     1.0463     1.1823   -0.00001   -0.00035    89.9381     0.0723     0.0369     75.138     73.504    34.7817    34.7807    27.0107    27.0085    1491.61    1491.65         18 0.0000e+00
      22699  69.390450    424.000    421.218     8.6558     8.6693   3.680887   3.682112     1.0463     1.1822    0.00000   -0.00056    89.9260     0.0632     0.0373     75.108     73.458    34.7829    34.7826    27.0099    27.0075    1491.64    1491.69         18 0.0000e+00
      22718  69.390457    423.000    420.225     8.6717     8.6876   3.682473   3.683893     1.0467     1.1829    0.00000   -0.00026    89.9235     0.0639     0.0369     75.128     73.493    34.7845    34.7838    27.0086    27.0056    1491.68    1491.74         20 0.0000e+00
      22738  69.390465    422.000    419.234     8.6867     8.6996   3.683957   3.685097     1.0475     1.1831    0.00004    0.00019    89.9236     0.0624     0.0360     75.199     73.480    34.7859    34.7852    27.0074    27.0049    1491.73    1491.77         21 0.0000e+00
      22760  69.390480    421.000    418.242     8.6904     8.7070   3.684251   3.685730     1.0480     1.1839    0.00015    0.00042    89.9236     0.0627     0.0376     75.259     73.552    34.7859    34.7851    27.0068    27.0036    1491.72    1491.78         24 0.0000e+00
      22785  69.390488    420.000    417.254     8.7013     8.7127   3.685406   3.686304     1.0486     1.1845    0.00061    0.00048    89.9236     0.0637     0.0376     75.314     73.594    34.7878    34.7861    27.0065    27.0035    1491.75    1491.79         25 0.0000e+00
      22810  69.390503    419.000    416.261     8.7040     8.7190   3.685592   3.686885     1.0484     1.1856    0.00075    0.00055    89.9306     0.0638     0.0368     75.270     73.697    34.7876    34.7864    27.0059    27.0027    1491.74    1491.80         24 0.0000e+00
      22833  69.390511    418.000    415.264     8.7092     8.7230   3.686105   3.687248     1.0475     1.1858    0.00068    0.00066    89.9068     0.0624     0.0367     75.119     73.707    34.7884    34.7868    27.0057    27.0024    1491.75    1491.80         24 0.0000e+00
      22859  69.390526    417.000    414.269     8.7195     8.7298   3.687109   3.687910     1.0474     1.1851    0.00011    0.00086    89.9283     0.0698     0.0363     75.083     73.604    34.7892    34.7876    27.0048    27.0019    1491.77    1491.80         29 0.0000e+00
      22907  69.390549    416.000    413.286     8.7070     8.7069   3.685765   3.685373     1.0474     1.1842   -0.00043   -0.00017    89.9278     0.0621     0.0352     75.098     73.531    34.7878    34.7838    27.0056    27.0024    1491.70    1491.70         61 0.0000e+00
      22948  69.390572    415.000    412.305     8.7195     8.7132   3.687048   3.686486     1.0474     1.1845    0.00014   -0.00077    89.9054     0.0612     0.0349     75.063     73.541    34.7895    34.7898    27.0050    27.0062    1491.74    1491.71         21 0.0000e+00
      22964  69.390579    414.000    411.318     8.7392     8.7415   3.689021   3.689184     1.0475     1.1842   -0.00002   -0.00017    89.9031     0.0556     0.0351     75.031     73.456    34.7915    34.7910    27.0034    27.0026    1491.80    1491.80         14 0.0000e+00
      22976  69.390579    413.000    410.312     8.7608     8.7681   3.691217   3.691846     1.0470     1.1841   -0.00004    0.00005    89.9233     0.0563     0.0370     74.914     73.377    34.7938    34.7933    27.0018    27.0002    1491.86    1491.89         12 0.0000e+00
      22987  69.390587    412.000    409.312     8.7733     8.7818   3.692424   3.693090     1.0461     1.1834   -0.00003    0.00027    89.9236     0.0624     0.0381     74.752     73.272    34.7947    34.7934    27.0006    26.9982    1491.89    1491.92         10 0.0000e+00
      22998  69.390594    411.000    408.319     8.7827     8.7885   3.693320   3.693747     1.0461     1.1828   -0.00004    0.00022    89.9236     0.0627     0.0376     74.727     73.181    34.7954    34.7942    26.9996    26.9977    1491.91    1491.93         11 0.0000e+00
      23010  69.390602    410.000    407.306     8.7877     8.8040   3.693791   3.695434     1.0453     1.1822   -0.00006    0.00001    89.9217     0.0644     0.0375     74.594     73.073    34.7960    34.7972    26.9992    26.9976    1491.91    1491.98         13 0.0000e+00
      23027  69.390610    409.000    406.311     8.8015     8.8189   3.695163   3.696672     1.0449     1.1806   -0.00025   -0.00028    89.9042     0.0665     0.0375     74.517     72.857    34.7973    34.7961    26.9981    26.9944    1491.95    1492.01         23 0.0000e+00
      23126  69.390656    408.000    405.340     8.7834     8.8173   3.693273   3.696314     1.0449     1.1792   -0.00015    0.00003    89.9156     0.0690     0.0374     74.529     72.700    34.7957    34.7944    26.9997    26.9933    1491.87    1491.99         54 0.0000e+00
      23195  69.390686    407.000    404.350     8.7813     8.8034   3.693043   3.694879     1.0450     1.1790    0.00023    0.00009    89.8933     0.0567     0.0372     74.540     72.693    34.7957    34.7934    27.0000    26.9947    1491.84    1491.92         45 0.0000e+00
      23237  69.390709    406.000    403.358     8.8200     8.8355   3.697126   3.698812     1.0451     1.1807    0.00003   -0.00045    89.9121     0.0619     0.0360     74.475     72.807    34.8012    34.8037    26.9982    26.9977    1491.97    1492.04         40 0.0000e+00
      23272  69.390724    405.000    402.370     8.8408     8.8656   3.698862   3.701016     1.0460     1.1808    0.00009    0.00085    89.9172     0.0640     0.0360     74.551     72.759    34.7996    34.7978    26.9936    26.9883    1492.03    1492.12         29 0.0000e+00
      23298  69.390739    404.000    401.374     8.8305     8.8502   3.697984   3.700064     1.0470     1.1819    0.00021    0.00086    89.9191     0.0568     0.0363     74.697     72.896    34.8009    34.8034    26.9963    26.9951    1491.98    1492.06         24 0.0000e+00
      23323  69.390747    403.000    400.375     8.8744     8.9135   3.702529   3.706305     1.0489     1.1837    0.00046    0.00006    89.9235     0.0561     0.0362     74.866     72.978    34.8060    34.8074    26.9933    26.9882    1492.13    1492.28         27 0.0000e+00
      23439  69.390808    402.000    399.379     8.8801     8.9201   3.702990   3.706751     1.0508     1.1856    0.00043    0.00042    89.9203     0.0631     0.0358     75.106     73.169    34.8057    34.8061    26.9922    26.9861    1492.14    1492.29         69 0.0000e+00
      24213  69.391182    401.000    398.390     8.9388     8.9452   3.708913   3.709228     1.0533     1.1889    0.00011    0.00004    89.9073     0.0652     0.0357     75.336     73.485    34.8109    34.8080    26.9868    26.9836    1492.34    1492.36         44 0.0000e+00
      24852  69.391487    400.000    397.399     8.9544     8.9570   3.710474   3.710485     1.0548     1.1915    0.00028    0.00059    89.9052     0.0648     0.0380     75.496     73.742    34.8125    34.8100    26.9856    26.9833    1492.39    1492.39         36 0.0000e+00
      24910  69.391518    399.000    396.410     8.9555     8.9678   3.710620   3.711614     1.0549     1.1916    0.00002   -0.00004    89.9084     0.0622     0.0377     75.492     73.726    34.8134    34.8118    26.9861    26.9829    1492.38    1492.42         36 0.0000e+00
      24945  69.391533    398.000    395.419     8.9625     8.9716   3.711253   3.711930     1.0539     1.1916    0.00007    0.00013    89.9084     0.0630     0.0367     75.339     73.706    34.8136    34.8118    26.9852    26.9823    1492.38    1492.42         36 0.0000e+00
      24980  69.391548    397.000    394.421     8.9745     8.9962   3.712502   3.714719     1.0522     1.1915   -0.00024   -0.00022    89.9080     0.0624     0.0390     75.071     73.637    34.8154    34.8174    26.9847    26.9828    1492.41    1492.50         32 0.0000e+00
      25017  69.391563    396.000    393.432     8.9961     9.0174   3.714738   3.716678     1.0495     1.1896   -0.00091    0.00014    89.9036     0.0633     0.0384     74.654     73.375    34.8181    34.8177    26.9833    26.9796    1492.48    1492.56         47 0.0000e+00
      25071  69.391594    395.000    392.442     8.9882     9.0030   3.713878   3.715165     1.0479     1.1877   -0.00183   -0.00117    89.9148     0.0636     0.0394     74.447     73.182    34.8174    34.8164    26.9840    26.9808    1492.43    1492.49         45 0.0000e+00
      25098  69.391609    394.000    391.459     9.0166     9.0379   3.716939   3.718877     1.0482     1.1877   -0.00115   -0.00140    89.9203     0.0619     0.0390     74.427     73.107    34.8221    34.8215    26.9831    26.9792    1492.53    1492.61         21 0.0000e+00
      25117  69.391617    393.000    390.453     9.0391     9.0569   3.719245   3.720924     1.0482     1.1867   -0.00044   -0.00062    89.9166     0.0636     0.0381     74.370     72.952    34.8247    34.8248    26.9815    26.9787    1492.60    1492.66         17 0.0000e+00
      25135  69.391624    392.000    389.455     9.0701     9.0832   3.722225   3.723613     1.0491     1.1867 -9.390e-07   -0.00012    89.9136     0.0716     0.0381     74.432     72.903    34.8260    34.8277    26.9776    26.9768    1492.70    1492.75         19 0.0000e+00
      25157  69.391632    391.000    388.457     9.0790     9.1243   3.723206   3.727523     1.0495     1.1866    0.00001   -0.00038    89.9053     0.0652     0.0372     74.463     72.811    34.8280    34.8288    26.9777    26.9711    1492.72    1492.88         30 0.0000e+00
