data-processing/CTD/data/cnv/ures019.cnv
* Sea-Bird SBE 9 Data File:
* FileName = C:\SEASOFT\PIRATA-FR32\data\fr32019.hex
* Software Version Seasave V 7.26.7.107
* Temperature SN = 6083
* Conductivity SN = 4509
* Number of Bytes Per Scan = 42
* Number of Voltage Words = 3
* Number of Scans Averaged by the Deck Unit = 1
* NMEA Latitude = 05 29.90 S
* NMEA Longitude = 010 00.01 W
* NMEA UTC (Time) = Mar 10 2022 12:46:45
** Cruise: PIRATA-FR32
** Ship: THALASSA
** Station: 019
** Bottom Depth: 3384
** Barometric pressure : 1007.6
** Temp Air: 28.4
** Operator: SCP
** Comments:
# nquan = 25
# nvalues = 499                         
# units = specified
# name 0 = scan: Scan Count
# name 1 = timeJ: Julian Days
# name 2 = prDM: Pressure, Digiquartz [db]
# name 3 = depSM: Depth [salt water, m]
# name 4 = t090C: Temperature [ITS-90, deg C]
# name 5 = t190C: Temperature, 2 [ITS-90, deg C]
# name 6 = c0S/m: Conductivity [S/m]
# name 7 = c1S/m: Conductivity, 2 [S/m]
# name 8 = sbeox0V: Oxygen raw, SBE 43 [V]
# name 9 = sbeox1V: Oxygen raw, SBE 43, 2 [V]
# name 10 = sbox0dV/dT: Oxygen, SBE 43 [dov/dt]
# name 11 = sbox1dV/dT: Oxygen, SBE 43, 2 [dov/dt]
# name 12 = CStarTr0: Beam Transmission, WET Labs C-Star [%]
# name 13 = flECO-AFL: Fluorescence, WET Labs ECO-AFL/FL [mg/m^3]
# name 14 = flC: Fluorescence, Chelsea Aqua 3 Chl Con [ug/l]
# name 15 = sbox0Mm/Kg: Oxygen, SBE 43 [umol/kg], WS = 2
# name 16 = sbox1Mm/Kg: Oxygen, SBE 43, 2 [umol/kg], WS = 2
# name 17 = sal00: Salinity, Practical [PSU]
# name 18 = sal11: Salinity, Practical, 2 [PSU]
# name 19 = sigma-é00: Density [sigma-theta, kg/m^3]
# name 20 = sigma-é11: Density, 2 [sigma-theta, kg/m^3]
# name 21 = svCM: Sound Velocity [Chen-Millero, m/s]
# name 22 = svCM1: Sound Velocity, 2 [Chen-Millero, m/s]
# name 23 = nbin: number of scans per bin
# name 24 = flag: flag
# span 0 =      21357,      67827       
# span 1 =  69.542775,  69.565186       
# span 2 =      2.000,    500.000       
# span 3 =      1.970,    496.633       
# span 4 =     7.6210,    28.5402       
# span 5 =     7.6175,    28.5280       
# span 6 =   3.578470,   5.835674       
# span 7 =   3.577881,   5.833751       
# span 8 =     1.0843,     2.7084       
# span 9 =     1.2272,     3.1445       
# span 10 =   -0.01467,    0.06660      
# span 11 =   -0.02444,    0.06532      
# span 12 =    83.7790,    90.0643      
# span 13 =     0.0401,     1.4406      
# span 14 =     0.0233,     0.4060      
# span 15 =     80.436,    207.763      
# span 16 =     78.590,    198.480      
# span 17 =    34.6761,    36.1190      
# span 18 =    34.6732,    36.1286      
# span 19 =    23.0307,    27.0827      
# span 20 =    23.0317,    27.0809      
# span 21 =    1488.81,    1544.04      
# span 22 =    1488.81,    1544.03      
# span 23 =         14,        148      
# span 24 = 0.0000e+00, 0.0000e+00      
# interval = decibars: 1                
# start_time = Mar 10 2022 12:46:46 [System UTC, first data scan.]
# bad_flag = -9.990e-29
*END*
[from data line 464]
      61350  69.562065     36.000     35.796    28.4198    28.4214   5.823631   5.823226     2.6384     3.0558   -0.00007    0.00270    83.8504     0.1306     0.0526    191.247    185.567    36.0797    36.0757    23.0713    23.0677    1543.99    1543.99         72 0.0000e+00
      61425  69.562096     35.000     34.808    28.4192    28.4191   5.823545   5.822945     2.6389     3.0576    0.00041   -0.00309    83.8341     0.1260     0.0529    191.269    185.681    36.0799    36.0757    23.0715    23.0684    1543.97    1543.97         53 0.0000e+00
      61464  69.562119     34.000     33.809    28.4217    28.4222   5.823746   5.823221     2.6418     3.0582    0.00002    0.00313    83.8493     0.1290     0.0498    191.504    185.690    36.0797    36.0756    23.0705    23.0673    1543.96    1543.96         37 0.0000e+00
      61499  69.562134     33.000     32.814    28.4203    28.4229   5.823551   5.823267     2.6409     3.0534    0.00115   -0.00365    83.8292     0.1352     0.0476    191.400    185.318    36.0797    36.0757    23.0708    23.0670    1543.94    1543.94         32 0.0000e+00
      61529  69.562149     32.000     31.823    28.4222    28.4254   5.823723   5.823521     2.6403     3.0509    0.00127    0.00220    83.8204     0.1275     0.0473    191.320    185.104    36.0797    36.0759    23.0702    23.0663    1543.93    1543.93         29 0.0000e+00
      61557  69.562164     31.000     30.823    28.4255    28.4266   5.824037   5.823588     2.6389     3.0519   -0.00061   -0.00350    83.8171     0.1084     0.0458    191.161    185.151    36.0798    36.0758    23.0691    23.0657    1543.92    1543.92         30 0.0000e+00
      61609  69.562187     30.000     29.830    28.4268    28.4276   5.824158   5.823656     2.6404     3.0508   -0.00035   -0.00036    83.8217     0.1153     0.0445    191.270    185.048    36.0799    36.0758    23.0687    23.0653    1543.91    1543.90         78 0.0000e+00
      61685  69.562225     29.000     28.840    28.4296    28.4273   5.824441   5.823591     2.6407     3.0507    0.00048   -0.00021    83.7790     0.1133     0.0445    191.265    185.016    36.0801    36.0758    23.0678    23.0653    1543.90    1543.89         62 0.0000e+00
      61735  69.562248     28.000     27.843    28.4282    28.4291   5.824222   5.823756     2.6420     3.0549   -0.00044   -0.00123    83.8301     0.1063     0.0444    191.361    185.300    36.0799    36.0759    23.0680    23.0647    1543.88    1543.87         42 0.0000e+00
      61777  69.562271     27.000     26.849    28.4292    28.4338   5.824323   5.824264     2.6395     3.0573    0.00095    0.00285    83.8252     0.1078     0.0428    191.111    185.438    36.0801    36.0762    23.0678    23.0633    1543.86    1543.87         45 0.0000e+00
      61823  69.562294     26.000     25.854    28.4327    28.4320   5.824657   5.823991     2.6418     3.0556   -0.00141    0.00021    83.8325     0.1046     0.0403    191.281    185.299    36.0801    36.0760    23.0665    23.0637    1543.85    1543.85         44 0.0000e+00
      61863  69.562309     25.000     24.861    28.4333    28.4330   5.824696   5.824111     2.6414     3.0566    0.00102    0.00168    83.8292     0.1067     0.0386    191.229    185.349    36.0802    36.0763    23.0663    23.0635    1543.84    1543.83         36 0.0000e+00
      61916  69.562332     24.000     23.865    28.4345    28.4348   5.824778   5.824232     2.6411     3.0586    0.00039    0.00021    83.8429     0.1062     0.0396    191.167    185.470    36.0802    36.0761    23.0659    23.0627    1543.82    1543.82         82 0.0000e+00
      61993  69.562370     23.000     22.876    28.4372    28.4347   5.825055   5.824221     2.6414     3.0513   -0.00166    0.00114    83.8696     0.0989     0.0408    191.165    184.910    36.0803    36.0764    23.0650    23.0629    1543.81    1543.80         39 0.0000e+00
      62031  69.562393     22.000     21.874    28.4377    28.4417   5.825063   5.824919     2.6425     3.0564    0.00048   -0.00318    83.8864     0.0936     0.0377    191.244    185.240    36.0803    36.0762    23.0647    23.0603    1543.80    1543.80         55 0.0000e+00
      62100  69.562424     21.000     20.887    28.4369    28.4377   5.824944   5.824442     2.6435     3.0578    0.00071    0.00277    83.8722     0.0901     0.0387    191.306    185.334    36.0804    36.0762    23.0650    23.0616    1543.78    1543.78         59 0.0000e+00
      62147  69.562447     20.000     19.880    28.4400    28.4424   5.825219   5.824909     2.6421     3.0554    0.00012    0.00042    83.9201     0.0917     0.0381    191.154    185.120    36.0803    36.0762    23.0638    23.0599    1543.77    1543.77         57 0.0000e+00
      63457  69.563080     19.000     18.895    28.4429    28.4405   5.825519   5.824684     2.6428     3.0584    0.00041    0.00233    85.1303     0.0995     0.0350    191.180    185.328    36.0805    36.0764    23.0629    23.0606    1543.76    1543.75        111 0.0000e+00
      64307  69.563492     18.000     17.898    28.4478    28.4463   5.826015   5.825291     2.6443     3.0583   -0.00019    0.00082    86.0155     0.1000     0.0349    191.281    185.282    36.0805    36.0766    23.0612    23.0587    1543.75    1543.74         77 0.0000e+00
      64448  69.563553     17.000     16.908    28.4493    28.4489   5.826144   5.825545     2.6421     3.0548    0.00014    0.00269    86.1878     0.0914     0.0324    191.060    184.996    36.0805    36.0767    23.0606    23.0579    1543.74    1543.73         40 0.0000e+00
      64494  69.563576     16.000     15.909    28.4473    28.4487   5.825870   5.825480     2.6437     3.0575   -0.00063   -0.00248    86.2576     0.0914     0.0332    191.186    185.169    36.0804    36.0766    23.0612    23.0578    1543.72    1543.72         74 0.0000e+00
      64572  69.563614     15.000     14.925    28.4489    28.4480   5.826016   5.825374     2.6470     3.0619    0.00045    0.00613    86.3583     0.0930     0.0320    191.452    185.471    36.0805    36.0767    23.0606    23.0581    1543.70    1543.70         46 0.0000e+00
      64596  69.563629     14.000     13.922    28.4485    28.4480   5.825924   5.825327     2.6468     3.0645    0.00188   -0.00138    86.3964     0.0906     0.0319    191.411    185.642    36.0805    36.0767    23.0607    23.0580    1543.68    1543.68         23 0.0000e+00
      64619  69.563637     13.000     12.927    28.4478    28.4516   5.825779   5.825713     2.6470     3.0649    0.00119    0.00111    86.4351     0.0947     0.0324    191.410    185.641    36.0804    36.0770    23.0607    23.0569    1543.67    1543.67         23 0.0000e+00
      64672  69.563667     12.000     11.926    28.4507    28.4528   5.826098   5.825763     2.6457     3.0636    0.00011    0.00159    86.4840     0.0908     0.0329    191.263    185.515    36.0806    36.0767    23.0599    23.0563    1543.66    1543.66         64 0.0000e+00
      64778  69.563713     11.000     10.943    28.4597    28.4601   5.827006   5.826533     2.6463     3.0638    0.00133    0.00165    86.6484     0.0864     0.0343    191.267    185.490    36.0805    36.0768    23.0567    23.0538    1543.66    1543.66         38 0.0000e+00
      64813  69.563736     10.000      9.943    28.4554    28.4607   5.826493   5.826560     2.6465     3.0588    0.00027    0.00128    86.6922     0.0820     0.0331    191.271    185.101    36.0805    36.0768    23.0580    23.0535    1543.63    1543.64         37 0.0000e+00
      64861  69.563759      9.000      8.949    28.4589    28.4576   5.826838   5.826142     2.6444     3.0640   -0.00019   -0.00275    86.7554     0.0820     0.0320    191.048    185.470    36.0805    36.0766    23.0568    23.0543    1543.62    1543.62         60 0.0000e+00
      64915  69.563782      8.000      7.962    28.4618    28.4602   5.827120   5.826457     2.6461     3.0570   -0.00120    0.00409    86.8465     0.0899     0.0294    191.174    184.929    36.0805    36.0771    23.0558    23.0537    1543.61    1543.61         36 0.0000e+00
      64943  69.563797      7.000      6.959    28.4636    28.4659   5.827292   5.827016     2.6472     3.0595    0.00048   -0.00301    86.8770     0.0792     0.0281    191.242    185.072    36.0807    36.0770    23.0552    23.0517    1543.60    1543.60         29 0.0000e+00
      65019  69.563835      6.000      5.964    28.4674    28.4653   5.827648   5.826897     2.6445     3.0652    0.00080   -0.00030    86.9821     0.0773     0.0296    190.969    185.469    36.0806    36.0770    23.0539    23.0518    1543.59    1543.58         61 0.0000e+00
      65094  69.563866      5.000      4.978    28.4720    28.4705   5.828080   5.827450     2.6456     3.0647    0.00283    0.00317    87.0844     0.0721     0.0273    191.028    185.397    36.0804    36.0771    23.0520    23.0501    1543.58    1543.58         30 0.0000e+00
      65122  69.563881      4.000      3.973    28.4749    28.4744   5.828455   5.827911     2.6468     3.0613   -0.00174    0.00160    87.1128     0.0744     0.0273    191.104    185.114    36.0811    36.0777    23.0515    23.0491    1543.57    1543.57         29 0.0000e+00
      65185  69.563911      3.000      2.984    28.4797    28.4853   5.828863   5.828980     2.6465     3.0589   -0.00006   -0.00148    87.1928     0.0748     0.0252    191.043    184.886    36.0806    36.0772    23.0496    23.0451    1543.57    1543.58         97 0.0000e+00
      67827  69.565186      2.000      1.970    28.5402    28.5280   5.835674   5.833751     2.6501     3.0630   -0.00202   -0.00299    89.4159     0.0714     0.0233    191.157    185.048    36.0824    36.0783    23.0307    23.0317    1543.68    1543.65         43 0.0000e+00
