data-processing/CTD/data/cnv/ures015.cnv
* Sea-Bird SBE 9 Data File:
* FileName = C:\SEASOFT\PIRATA-FR32\data\fr32015.hex
* Software Version Seasave V 7.26.7.107
* Temperature SN = 6083
* Conductivity SN = 4509
* Number of Bytes Per Scan = 42
* Number of Voltage Words = 3
* Number of Scans Averaged by the Deck Unit = 1
* NMEA Latitude = 03 29.96 S
* NMEA Longitude = 010 00.06 W
* NMEA UTC (Time) = Mar 09 2022 21:40:31
** Cruise: PIRATA-FR32
** Ship: THALASSA
** Station: 015
** Bottom Depth: 3815
** Barometric pressure : 1006.9
** Temp Air: 28.5
** Operator: LWMH
** Comments:
# nquan = 25
# nvalues = 504                         
# units = specified
# name 0 = scan: Scan Count
# name 1 = timeJ: Julian Days
# name 2 = prDM: Pressure, Digiquartz [db]
# name 3 = depSM: Depth [salt water, m]
# name 4 = t090C: Temperature [ITS-90, deg C]
# name 5 = t190C: Temperature, 2 [ITS-90, deg C]
# name 6 = c0S/m: Conductivity [S/m]
# name 7 = c1S/m: Conductivity, 2 [S/m]
# name 8 = sbeox0V: Oxygen raw, SBE 43 [V]
# name 9 = sbeox1V: Oxygen raw, SBE 43, 2 [V]
# name 10 = sbox0dV/dT: Oxygen, SBE 43 [dov/dt]
# name 11 = sbox1dV/dT: Oxygen, SBE 43, 2 [dov/dt]
# name 12 = CStarTr0: Beam Transmission, WET Labs C-Star [%]
# name 13 = flECO-AFL: Fluorescence, WET Labs ECO-AFL/FL [mg/m^3]
# name 14 = flC: Fluorescence, Chelsea Aqua 3 Chl Con [ug/l]
# name 15 = sbox0Mm/Kg: Oxygen, SBE 43 [umol/kg], WS = 2
# name 16 = sbox1Mm/Kg: Oxygen, SBE 43, 2 [umol/kg], WS = 2
# name 17 = sal00: Salinity, Practical [PSU]
# name 18 = sal11: Salinity, Practical, 2 [PSU]
# name 19 = sigma-é00: Density [sigma-theta, kg/m^3]
# name 20 = sigma-é11: Density, 2 [sigma-theta, kg/m^3]
# name 21 = svCM: Sound Velocity [Chen-Millero, m/s]
# name 22 = svCM1: Sound Velocity, 2 [Chen-Millero, m/s]
# name 23 = nbin: number of scans per bin
# name 24 = flag: flag
# span 0 =      21705,      50177       
# span 1 =  68.913615,  68.927346       
# span 2 =      1.000,    504.000       
# span 3 =      0.997,    500.610       
# span 4 =     7.0778,    28.4142       
# span 5 =     7.0773,    28.4159       
# span 6 =   3.524147,   5.690588       
# span 7 =   3.523879,   5.690920       
# span 8 =     1.0073,     2.7731       
# span 9 =     1.1344,     3.2169       
# span 10 =   -0.08040,    0.16387      
# span 11 =   -0.04556,    0.16768      
# span 12 =    84.9868,    90.0230      
# span 13 =     0.0409,     2.2958      
# span 14 =     0.0303,     0.5878      
# span 15 =     67.097,    211.296      
# span 16 =     65.380,    203.853      
# span 17 =    34.6253,    36.0208      
# span 18 =    34.6228,    36.0871      
# span 19 =    22.3822,    27.1195      
# span 20 =    22.3790,    27.1187      
# span 21 =    1486.78,    1542.57      
# span 22 =    1486.77,    1542.61      
# span 23 =         13,        124      
# span 24 = 0.0000e+00, 0.0000e+00      
# interval = decibars: 1                
# start_time = Mar 09 2022 21:40:32 [System UTC, first data scan.]
# bad_flag = -9.990e-29
*END*
      21705  68.913612    504.000    500.610     7.0778     7.0773   3.524147   3.523879     1.2340     1.4050    0.00029    0.00015    89.9816     0.0603     0.0308    106.139    103.638    34.6253    34.6228    27.1195    27.1176    1486.78    1486.77         86 0.0000e+00
      21900  68.913712    503.000    499.629     7.0882     7.0885   3.525166   3.524993     1.2310     1.4044   -0.00001    0.00010    90.0230     0.0600     0.0304    105.664    103.518    34.6264    34.6243    27.1190    27.1172    1486.80    1486.80         32 0.0000e+00
      21906  68.913712    502.000    498.628     7.0928     7.0983   3.525652   3.526175     1.2299     1.4035    0.00020    0.00055    90.0176     0.0561     0.0308    105.468    103.377    34.6277    34.6278    27.1193    27.1187    1486.80    1486.83         22 0.0000e+00
      21927  68.913719    501.000    497.636     7.1174     7.1402   3.528155   3.530422     1.2266     1.4017   -0.00038    0.00035    90.0010     0.0571     0.0310    104.916    103.033    34.6308    34.6329    27.1183    27.1168    1486.89    1486.98         20 0.0000e+00
      21948  68.913734    500.000    496.641     7.1370     7.1860   3.530241   3.535139     1.2208     1.3980   -0.00055   -0.00042    90.0028     0.0631     0.0323    104.007    102.464    34.6346    34.6391    27.1185    27.1153    1486.95    1487.15         21 0.0000e+00
      21970  68.913742    499.000    495.648     7.1702     7.2200   3.533393   3.538345     1.2121     1.3930   -0.00179   -0.00102    89.9981     0.0631     0.0321    102.656    101.768    34.6363    34.6406    27.1153    27.1117    1487.06    1487.26         24 0.0000e+00
      21998  68.913757    498.000    494.653     7.2228     7.2483   3.538750   3.541134     1.2014     1.3829   -0.00522   -0.00306    90.0090     0.0696     0.0316    100.955    100.495    34.6427    34.6431    27.1130    27.1097    1487.26    1487.36         34 0.0000e+00
      22059  68.913788    497.000    493.666     7.1815     7.2706   3.534599   3.543435     1.1861     1.3691   -0.00860   -0.00784    90.0023     0.0633     0.0317     98.847     98.801    34.6391    34.6464    27.1159    27.1092    1487.08    1487.43         90 0.0000e+00
      22126  68.913818    496.000    492.687     7.2890     7.3051   3.545000   3.546610     1.1761     1.3665   -0.00296   -0.00169    90.0037     0.0689     0.0303     97.123     98.396    34.6456    34.6471    27.1059    27.1048    1487.49    1487.55         30 0.0000e+00
      22146  68.913826    495.000    491.701     7.2667     7.3006   3.542960   3.546191     1.1730     1.3580   -0.00165    0.00478    90.0048     0.0638     0.0328     96.721     97.396    34.6462    34.6475    27.1095    27.1057    1487.38    1487.52         17 0.0000e+00
      22161  68.913834    494.000    490.689     7.2926     7.3121   3.545524   3.547326     1.1712     1.3531   -0.00368    0.00330    90.0155     0.0638     0.0349     96.388     96.776    34.6487    34.6488    27.1078    27.1052    1487.47    1487.55         14 0.0000e+00
      22175  68.913841    493.000    489.703     7.3105     7.3205   3.547296   3.548171     1.1692     1.3479   -0.00442   -0.00201    89.9965     0.0689     0.0350     96.046     96.133    34.6507    34.6502    27.1068    27.1050    1487.52    1487.56         14 0.0000e+00
      22188  68.913849    492.000    488.706     7.3182     7.3300   3.548054   3.549109     1.1671     1.3435   -0.00419   -0.00694    89.9967     0.0701     0.0342     95.711     95.580    34.6517    34.6514    27.1065    27.1046    1487.54    1487.58         13 0.0000e+00
      22201  68.913857    491.000    487.715     7.3264     7.3393   3.548841   3.549955     1.1648     1.3385   -0.00362   -0.00847    89.9949     0.0630     0.0339     95.350     94.965    34.6526    34.6517    27.1061    27.1036    1487.55    1487.60         13 0.0000e+00
      22215  68.913864    490.000    486.718     7.3333     7.3450   3.549532   3.550466     1.1623     1.3337   -0.00329   -0.00823    89.9949     0.0636     0.0336     94.959     94.374    34.6536    34.6521    27.1059    27.1031    1487.57    1487.61         14 0.0000e+00
      22229  68.913864    489.000    485.720     7.3403     7.3525   3.550190   3.551221     1.1599     1.3296   -0.00324   -0.00830    89.9949     0.0632     0.0330     94.582     93.866    34.6543    34.6534    27.1054    27.1030    1487.58    1487.62         15 0.0000e+00
      22246  68.913879    488.000    484.726     7.3540     7.3742   3.551570   3.553577     1.1574     1.3250   -0.00365   -0.00854    89.9949     0.0584     0.0333     94.176     93.264    34.6561    34.6577    27.1049    27.1033    1487.62    1487.70         20 0.0000e+00
      22273  68.913887    487.000    483.738     7.3565     7.3966   3.551740   3.555345     1.1529     1.3184   -0.00410   -0.00824    89.9949     0.0592     0.0341     93.524     92.420    34.6559    34.6551    27.1044    27.0981    1487.61    1487.76         36 0.0000e+00
      22324  68.913910    486.000    482.754     7.3279     7.3458   3.548737   3.550475     1.1536     1.3146   -0.00360   -0.00605    89.9949     0.0638     0.0347     93.677     92.086    34.6523    34.6534    27.1056    27.1039    1487.48    1487.55         64 0.0000e+00
      22375  68.913940    485.000    481.769     7.4000     7.4547   3.556036   3.561450     1.1506     1.3140    0.00136   -0.00114    89.9949     0.0697     0.0331     93.056     91.745    34.6602    34.6645    27.1015    27.0972    1487.75    1487.96         32 0.0000e+00
      22400  68.913948    484.000    480.771     7.3901     7.4682   3.554915   3.563133     1.1456     1.3110    0.00174    0.00092    89.9905     0.0625     0.0329     92.364     91.342    34.6584    34.6698    27.1015    27.0993    1487.69    1488.01         22 0.0000e+00
      22421  68.913963    483.000    479.783     7.4617     7.5134   3.562581   3.567448     1.1415     1.3088   -0.00214    0.00011    89.9411     0.0642     0.0333     91.584     90.978    34.6707    34.6720    27.1010    27.0946    1487.97    1488.16         21 0.0000e+00
      22441  68.913971    482.000    478.789     7.5209     7.5420   3.568181   3.570040     1.1374     1.3042   -0.00427   -0.00225    90.0031     0.0551     0.0345     90.852     90.360    34.6730    34.6721    27.0943    27.0906    1488.18    1488.26         19 0.0000e+00
      22460  68.913979    481.000    477.793     7.5374     7.5551   3.569767   3.571377     1.1339     1.2985   -0.00444   -0.00270    89.9962     0.0561     0.0340     90.307     89.656    34.6742    34.6740    27.0929    27.0902    1488.23    1488.29         18 0.0000e+00
      22477  68.913986    480.000    476.807     7.5551     7.5843   3.571518   3.574490     1.1299     1.2928   -0.00462   -0.00234    89.9949     0.0551     0.0329     89.684     88.913    34.6760    34.6791    27.0918    27.0900    1488.28    1488.40         16 0.0000e+00
      22493  68.913994    479.000    475.812     7.5796     7.6120   3.574023   3.577109     1.1267     1.2880   -0.00485   -0.00388    89.9799     0.0638     0.0338     89.155     88.278    34.6792    34.6803    27.0907    27.0870    1488.36    1488.49         16 0.0000e+00
      22507  68.914001    478.000    474.810     7.5946     7.6336   3.575393   3.579315     1.1226     1.2839   -0.00479   -0.00596    89.9627     0.0639     0.0343     88.534     87.741    34.6795    34.6831    27.0888    27.0860    1488.40    1488.56         14 0.0000e+00
      22523  68.914009    477.000    473.822     7.6192     7.6533   3.577914   3.581178     1.1190     1.2796   -0.00475   -0.00732    89.9488     0.0637     0.0352     87.958     87.191    34.6829    34.6842    27.0879    27.0840    1488.48    1488.62         16 0.0000e+00
      22539  68.914017    476.000    472.824     7.6432     7.6735   3.580294   3.583300     1.1147     1.2750   -0.00514   -0.00769    89.9941     0.0627     0.0361     87.279     86.596    34.6852    34.6875    27.0862    27.0836    1488.56    1488.68         17 0.0000e+00
      22557  68.914024    475.000    471.832     7.6729     7.7216   3.583179   3.588274     1.1085     1.2686   -0.00558   -0.00731    89.9949     0.0627     0.0363     86.322     85.740    34.6873    34.6939    27.0836    27.0816    1488.66    1488.85         20 0.0000e+00
      22583  68.914040    474.000    470.841     7.6810     7.7464   3.583899   3.590502     1.0993     1.2598   -0.00601   -0.00681    89.9854     0.0613     0.0348     84.981     84.657    34.6874    34.6937    27.0825    27.0779    1488.68    1488.93         33 0.0000e+00
      22633  68.914063    473.000    469.854     7.6203     7.6802   3.577748   3.583389     1.0931     1.2542   -0.00786   -0.00765    89.9945     0.0586     0.0350     84.222     84.140    34.6818    34.6832    27.0868    27.0792    1488.42    1488.65         70 0.0000e+00
      22692  68.914093    472.000    468.872     7.7402     7.7742   3.590064   3.593817     1.0974     1.2539   -0.00171   -0.00138    89.9949     0.0638     0.0356     84.565     83.892    34.6961    34.7027    27.0806    27.0809    1488.88    1489.02         34 0.0000e+00
      22714  68.914101    471.000    467.876     7.7430     7.8873   3.590162   3.604677     1.0899     1.2488    0.00499    0.00274    89.9949     0.0662     0.0353     83.485     83.055    34.6948    34.7079    27.0792    27.0683    1488.87    1489.44         19 0.0000e+00
      22732  68.914108    470.000    466.891     7.8873     7.9848   3.605025   3.615507     1.0825     1.2432    0.00372    0.00137    89.9934     0.0773     0.0369     82.120     82.186    34.7121    34.7279    27.0716    27.0696    1489.42    1489.81         16 0.0000e+00
      22747  68.914116    469.000    465.885     8.0035     8.0603   3.616638   3.622541     1.0753     1.2358   -0.00011   -0.00204    89.9901     0.0757     0.0374     80.865     81.164    34.7220    34.7290    27.0622    27.0592    1489.86    1490.08         15 0.0000e+00
      22762  68.914124    468.000    464.894     8.0643     8.1139   3.622913   3.627959     1.0681     1.2270   -0.00411   -0.00408    89.9728     0.0725     0.0375     79.715     80.038    34.7295    34.7344    27.0590    27.0554    1490.08    1490.28         14 0.0000e+00
      22776  68.914131    467.000    463.898     8.0848     8.1441   3.624781   3.630746     1.0613     1.2182   -0.00733   -0.00503    89.9695     0.0585     0.0376     78.717     78.967    34.7296    34.7347    27.0560    27.0511    1490.14    1490.37         15 0.0000e+00
      22792  68.914139    466.000    462.907     8.1110     8.1595   3.627366   3.632323     1.0554     1.2096   -0.00949   -0.00724    89.9725     0.0571     0.0382     77.830     77.937    34.7318    34.7368    27.0538    27.0505    1490.23    1490.42         17 0.0000e+00
      22809  68.914146    465.000    461.913     8.1475     8.1992   3.631283   3.636562     1.0493     1.2009   -0.01105   -0.01105    89.9738     0.0715     0.0386     76.884     76.856    34.7380    34.7433    27.0532    27.0495    1490.36    1490.56         18 0.0000e+00
      22829  68.914154    464.000    460.920     8.1818     8.2515   3.634597   3.641741     1.0434     1.1924   -0.01149   -0.01389    89.9790     0.0649     0.0376     75.984     75.778    34.7400    34.7473    27.0496    27.0448    1490.47    1490.74         21 0.0000e+00
      22851  68.914169    463.000    459.931     8.2014     8.2716   3.636626   3.643794     1.0380     1.1841   -0.00989   -0.01356    89.9743     0.0622     0.0366     75.177     74.778    34.7428    34.7498    27.0487    27.0436    1490.53    1490.81         23 0.0000e+00
      22874  68.914177    462.000    458.936     8.2452     8.2960   3.641022   3.645962     1.0338     1.1769   -0.00835   -0.01191    89.9751     0.0640     0.0366     74.507     73.911    34.7468    34.7493    27.0453    27.0395    1490.69    1490.88         24 0.0000e+00
      22900  68.914192    461.000    457.944     8.2744     8.3277   3.643870   3.649134     1.0303     1.1704   -0.00667   -0.00988    89.9744     0.0639     0.0368     73.957     73.102    34.7488    34.7522    27.0424    27.0370    1490.78    1490.99         29 0.0000e+00
      22939  68.914207    460.000    456.954     8.1970     8.2618   3.635602   3.641860     1.0287     1.1651   -0.00421   -0.00719    89.9653     0.0671     0.0376     73.865     72.606    34.7376    34.7403    27.0453    27.0376    1490.46    1490.71         52 0.0000e+00
      22994  68.914238    459.000    455.973     8.1034     8.2071   3.626619   3.636883     1.0333     1.1717   -0.00116   -0.00365    89.9681     0.0561     0.0382     74.670     73.446    34.7346    34.7417    27.0570    27.0470    1490.09    1490.49         42 0.0000e+00
      23020  68.914246    458.000    454.979     8.3382     8.3612   3.650032   3.652363     1.0333     1.1733    0.00116    0.00040    89.9700     0.0555     0.0383     74.220     73.337    34.7528    34.7549    27.0358    27.0339    1490.98    1491.07         20 0.0000e+00
      23038  68.914261    457.000    453.980     8.3630     8.3885   3.652615   3.655036     1.0319     1.1710    0.00271    0.00418    89.9697     0.0628     0.0386     73.972     73.013    34.7563    34.7569    27.0348    27.0313    1491.06    1491.15         17 0.0000e+00
      23054  68.914268    456.000    452.989     8.3968     8.4160   3.656045   3.658008     1.0312     1.1688    0.00285    0.00544    89.9585     0.0644     0.0397     73.811     72.710    34.7598    34.7618    27.0323    27.0310    1491.17    1491.25         15 0.0000e+00
      23070  68.914276    455.000    451.993     8.4257     8.4646   3.658933   3.663146     1.0302     1.1669    0.00107    0.00310    89.9503     0.0636     0.0392     73.603     72.388    34.7625    34.7688    27.0300    27.0290    1491.27    1491.42         16 0.0000e+00
      23086  68.914284    454.000    451.000     8.4580     8.5060   3.662308   3.666992     1.0295     1.1659   -0.00093   -0.00065    89.9488     0.0552     0.0395     73.439     72.189    34.7669    34.7694    27.0285    27.0230    1491.38    1491.56         17 0.0000e+00
      23103  68.914291    453.000    450.006     8.4849     8.5445   3.665062   3.671219     1.0286     1.1646   -0.00145   -0.00282    89.9474     0.0481     0.0396     73.251     71.962    34.7701    34.7766    27.0268    27.0227    1491.47    1491.70         17 0.0000e+00
      23121  68.914299    452.000    449.014     8.5299     8.5596   3.669568   3.672266     1.0273     1.1632   -0.00136   -0.00318    89.9474     0.0695     0.0395     72.980     71.773    34.7740    34.7733    27.0230    27.0178    1491.62    1491.73         20 0.0000e+00
      23142  68.914307    451.000    448.023     8.5493     8.5682   3.671430   3.673044     1.0260     1.1615   -0.00129   -0.00226    89.9474     0.0712     0.0385     72.756     71.561    34.7751    34.7736    27.0208    27.0166    1491.68    1491.75         21 0.0000e+00
      23164  68.914322    450.000    447.030     8.5500     8.5653   3.671379   3.672656     1.0250     1.1592   -0.00124   -0.00158    89.9474     0.0675     0.0390     72.617     71.300    34.7744    34.7728    27.0201    27.0165    1491.66    1491.72         22 0.0000e+00
      23187  68.914330    449.000    446.040     8.5571     8.5675   3.672084   3.672852     1.0246     1.1576   -0.00163   -0.00195    89.9474     0.0590     0.0387     72.531     71.104    34.7753    34.7732    27.0197    27.0164    1491.68    1491.71         24 0.0000e+00
      23211  68.914345    448.000    445.046     8.5717     8.5811   3.673536   3.674270     1.0239     1.1565   -0.00134   -0.00217    89.9456     0.0600     0.0385     72.405     70.945    34.7768    34.7753    27.0186    27.0159    1491.71    1491.75         26 0.0000e+00
