data-processing/CTD/data/cnv/ures015.cnv
* Sea-Bird SBE 9 Data File:
* FileName = C:\SEASOFT\PIRATA-FR32\data\fr32015.hex
* Software Version Seasave V 7.26.7.107
* Temperature SN = 6083
* Conductivity SN = 4509
* Number of Bytes Per Scan = 42
* Number of Voltage Words = 3
* Number of Scans Averaged by the Deck Unit = 1
* NMEA Latitude = 03 29.96 S
* NMEA Longitude = 010 00.06 W
* NMEA UTC (Time) = Mar 09 2022 21:40:31
** Cruise: PIRATA-FR32
** Ship: THALASSA
** Station: 015
** Bottom Depth: 3815
** Barometric pressure : 1006.9
** Temp Air: 28.5
** Operator: LWMH
** Comments:
# nquan = 25
# nvalues = 504                         
# units = specified
# name 0 = scan: Scan Count
# name 1 = timeJ: Julian Days
# name 2 = prDM: Pressure, Digiquartz [db]
# name 3 = depSM: Depth [salt water, m]
# name 4 = t090C: Temperature [ITS-90, deg C]
# name 5 = t190C: Temperature, 2 [ITS-90, deg C]
# name 6 = c0S/m: Conductivity [S/m]
# name 7 = c1S/m: Conductivity, 2 [S/m]
# name 8 = sbeox0V: Oxygen raw, SBE 43 [V]
# name 9 = sbeox1V: Oxygen raw, SBE 43, 2 [V]
# name 10 = sbox0dV/dT: Oxygen, SBE 43 [dov/dt]
# name 11 = sbox1dV/dT: Oxygen, SBE 43, 2 [dov/dt]
# name 12 = CStarTr0: Beam Transmission, WET Labs C-Star [%]
# name 13 = flECO-AFL: Fluorescence, WET Labs ECO-AFL/FL [mg/m^3]
# name 14 = flC: Fluorescence, Chelsea Aqua 3 Chl Con [ug/l]
# name 15 = sbox0Mm/Kg: Oxygen, SBE 43 [umol/kg], WS = 2
# name 16 = sbox1Mm/Kg: Oxygen, SBE 43, 2 [umol/kg], WS = 2
# name 17 = sal00: Salinity, Practical [PSU]
# name 18 = sal11: Salinity, Practical, 2 [PSU]
# name 19 = sigma-é00: Density [sigma-theta, kg/m^3]
# name 20 = sigma-é11: Density, 2 [sigma-theta, kg/m^3]
# name 21 = svCM: Sound Velocity [Chen-Millero, m/s]
# name 22 = svCM1: Sound Velocity, 2 [Chen-Millero, m/s]
# name 23 = nbin: number of scans per bin
# name 24 = flag: flag
# span 0 =      21705,      50177       
# span 1 =  68.913615,  68.927346       
# span 2 =      1.000,    504.000       
# span 3 =      0.997,    500.610       
# span 4 =     7.0778,    28.4142       
# span 5 =     7.0773,    28.4159       
# span 6 =   3.524147,   5.690588       
# span 7 =   3.523879,   5.690920       
# span 8 =     1.0073,     2.7731       
# span 9 =     1.1344,     3.2169       
# span 10 =   -0.08040,    0.16387      
# span 11 =   -0.04556,    0.16768      
# span 12 =    84.9868,    90.0230      
# span 13 =     0.0409,     2.2958      
# span 14 =     0.0303,     0.5878      
# span 15 =     67.097,    211.296      
# span 16 =     65.380,    203.853      
# span 17 =    34.6253,    36.0208      
# span 18 =    34.6228,    36.0871      
# span 19 =    22.3822,    27.1195      
# span 20 =    22.3790,    27.1187      
# span 21 =    1486.78,    1542.57      
# span 22 =    1486.77,    1542.61      
# span 23 =         13,        124      
# span 24 = 0.0000e+00, 0.0000e+00      
# interval = decibars: 1                
# start_time = Mar 09 2022 21:40:32 [System UTC, first data scan.]
# bad_flag = -9.990e-29
*END*
[from data line 58]
      23288  68.914375    446.000    443.068     8.5317     8.5510   3.669455   3.671406     1.0230     1.1547   -0.00082   -0.00148    89.9329     0.0574     0.0475     72.327     70.770    34.7738    34.7755    27.0224    27.0207    1491.53    1491.60         37 0.0000e+00
      23318  68.914391    445.000    442.077     8.6148     8.6177   3.677688   3.677778     1.0216     1.1536   -0.00064   -0.00094    89.9476     0.0595     0.0406     71.975     70.530    34.7797    34.7778    27.0141    27.0122    1491.83    1491.84         25 0.0000e+00
      23340  68.914406    444.000    441.081     8.6208     8.6350   3.678259   3.679515     1.0205     1.1519    0.00049    0.00068    89.9474     0.0575     0.0391     71.813     70.292    34.7803    34.7796    27.0136    27.0109    1491.84    1491.89         21 0.0000e+00
      23360  68.914413    443.000    440.091     8.6338     8.6462   3.679592   3.680628     1.0196     1.1503   -0.00033   -0.00003    89.9474     0.0629     0.0379     71.646     70.083    34.7820    34.7808    27.0129    27.0101    1491.87    1491.91         19 0.0000e+00
      23378  68.914421    442.000    439.093     8.6477     8.6609   3.680969   3.682125     1.0195     1.1495   -0.00122   -0.00105    89.9474     0.0576     0.0379     71.603     69.956    34.7834    34.7826    27.0118    27.0092    1491.91    1491.96         18 0.0000e+00
      23396  68.914429    441.000    438.103     8.6560     8.6730   3.681833   3.683384     1.0195     1.1490   -0.00115   -0.00167    89.9419     0.0563     0.0391     71.577     69.872    34.7848    34.7845    27.0116    27.0087    1491.92    1491.99         18 0.0000e+00
      23414  68.914436    440.000    437.106     8.6719     8.6953   3.683460   3.685799     1.0195     1.1494   -0.00107   -0.00203    89.9349     0.0623     0.0389     71.538     69.870    34.7868    34.7885    27.0108    27.0084    1491.97    1492.06         17 0.0000e+00
      23431  68.914444    439.000    436.118     8.7035     8.7333   3.686750   3.689722     1.0195     1.1492   -0.00080   -0.00137    89.9431     0.0565     0.0368     71.478     69.771    34.7910    34.7929    27.0090    27.0059    1492.07    1492.19         17 0.0000e+00
      23449  68.914459    438.000    435.119     8.7342     8.7682   3.689671   3.693247     1.0196     1.1500   -0.00025   -0.00094    89.9436     0.0581     0.0372     71.422     69.792    34.7921    34.7964    27.0051    27.0031    1492.17    1492.30         19 0.0000e+00
      23470  68.914467    437.000    434.124     8.7596     8.8241   3.692266   3.698827     1.0200     1.1493   -0.00010   -0.00010    89.9331     0.0593     0.0384     71.431     69.601    34.7949    34.8007    27.0033    26.9977    1492.25    1492.50         23 0.0000e+00
      23496  68.914482    436.000    433.139     8.7499     8.8305   3.691186   3.698845     1.0200     1.1489    0.00027    0.00034    89.9293     0.0799     0.0388     71.437     69.543    34.7935    34.7951    27.0037    26.9923    1492.20    1492.50         29 0.0000e+00
      23526  68.914490    435.000    432.149     8.7390     8.7799   3.690225   3.693252     1.0203     1.1491    0.00034   -0.00023    89.9347     0.0744     0.0391     71.490     69.651    34.7946    34.7863    27.0063    26.9934    1492.14    1492.29         30 0.0000e+00
      23554  68.914505    434.000    431.159     8.8249     8.8015   3.699012   3.696507     1.0208     1.1504    0.00007   -0.00045    89.9420     0.0660     0.0404     71.397     69.738    34.8032    34.7998    26.9994    27.0005    1492.46    1492.37         27 0.0000e+00
      23584  68.914520    433.000    430.155     8.8767     8.8762   3.704011   3.703880     1.0217     1.1516    0.00023    0.00035    89.9431     0.0713     0.0403     71.418     69.742    34.8054    34.8046    26.9930    26.9924    1492.64    1492.63         34 0.0000e+00
      23619  68.914536    432.000    429.176     8.8818     8.8688   3.704813   3.703218     1.0226     1.1528    0.00049    0.00106    89.9282     0.0661     0.0402     71.520     69.873    34.8093    34.8054    26.9952    26.9942    1492.64    1492.59         33 0.0000e+00
      23648  68.914551    431.000    428.182     8.9150     8.9134   3.707956   3.707636     1.0237     1.1537    0.00071    0.00091    89.9203     0.0566     0.0390     71.606     69.891    34.8103    34.8085    26.9907    26.9896    1492.75    1492.74         24 0.0000e+00
      23669  68.914558    430.000    427.190     8.9181     8.9303   3.708259   3.709451     1.0244     1.1546    0.00053    0.00090    89.9431     0.0535     0.0380     71.694     69.948    34.8108    34.8114    26.9906    26.9892    1492.75    1492.79         19 0.0000e+00
      23687  68.914574    429.000    426.195     8.9358     8.9539   3.710167   3.711916     1.0252     1.1557    0.00081    0.00066    89.9327     0.0601     0.0387     71.753     70.022    34.8140    34.8146    26.9903    26.9879    1492.80    1492.87         18 0.0000e+00
      23704  68.914581    428.000    425.202     8.9615     8.9832   3.712759   3.714849     1.0251     1.1564    0.00095    0.00068    89.9278     0.0639     0.0390     71.694     70.037    34.8164    34.8171    26.9881    26.9852    1492.88    1492.96         17 0.0000e+00
      23722  68.914589    427.000    424.203     8.9804     9.0009   3.714683   3.716477     1.0247     1.1562    0.00089    0.00097    89.9236     0.0628     0.0380     71.599     69.982    34.8186    34.8173    26.9868    26.9825    1492.94    1493.01         18 0.0000e+00
      23740  68.914597    426.000    423.215     8.9897     9.0079   3.715496   3.717151     1.0243     1.1563    0.00080    0.00126    89.9236     0.0716     0.0384     71.512     69.976    34.8185    34.8180    26.9851    26.9819    1492.95    1493.02         19 0.0000e+00
      23759  68.914604    425.000    422.221     8.9966     9.0096   3.716165   3.717252     1.0233     1.1561    0.00045    0.00115    89.9236     0.0751     0.0402     71.354     69.936    34.8192    34.8178    26.9846    26.9815    1492.96    1493.01         19 0.0000e+00
      23779  68.914612    424.000    421.230     9.0038     9.0144   3.716902   3.717776     1.0232     1.1553   -0.00029    0.00027    89.9236     0.0556     0.0402     71.318     69.829    34.8203    34.8191    26.9843    26.9816    1492.97    1493.01         21 0.0000e+00
      23802  68.914627    423.000    420.232     9.0132     9.0221   3.717820   3.718505     1.0232     1.1553   -0.00070   -0.00001    89.9236     0.0703     0.0406     71.293     69.808    34.8212    34.8197    26.9835    26.9809    1492.99    1493.02         26 0.0000e+00
      23833  68.914642    422.000    419.243     9.0156     9.0198   3.717983   3.717781     1.0232     1.1542   -0.00060   -0.00056    89.9102     0.0621     0.0406     71.279     69.679    34.8210    34.8148    26.9829    26.9774    1492.99    1492.99         34 0.0000e+00
      23866  68.914658    421.000    418.255     8.9952     8.9872   3.716076   3.714728     1.0240     1.1541   -0.00002   -0.00036    89.9231     0.0632     0.0390     71.412     69.723    34.8215    34.8152    26.9865    26.9829    1492.89    1492.86         32 0.0000e+00
      23895  68.914673    420.000    417.263     9.0505     9.0519   3.721666   3.721708     1.0243     1.1550    0.00011   -0.00075    89.9227     0.0646     0.0382     71.349     69.697    34.8263    34.8254    26.9815    26.9805    1493.09    1493.09         28 0.0000e+00
      23924  68.914688    419.000    416.268     9.1011     9.0974   3.726802   3.726346     1.0242     1.1551    0.00057    0.00009    89.9236     0.0552     0.0390     71.236     69.615    34.8310    34.8298    26.9770    26.9767    1493.26    1493.25         29 0.0000e+00
      23951  68.914696    418.000    415.285     9.1158     9.1172   3.728277   3.728271     1.0239     1.1553    0.00030    0.00067    89.9236     0.0603     0.0389     71.166     69.596    34.8325    34.8311    26.9758    26.9744    1493.30    1493.31         24 0.0000e+00
      23971  68.914711    417.000    414.293     9.1121     9.1335   3.727815   3.729911     1.0238     1.1550   -0.00011    0.00022    89.9236     0.0649     0.0389     71.155     69.528    34.8318    34.8327    26.9758    26.9731    1493.27    1493.35         17 0.0000e+00
      23987  68.914719    416.000    413.296     9.1325     9.1528   3.730054   3.731878     1.0238     1.1551   -0.00015    0.00006    89.9236     0.0708     0.0389     71.111     69.494    34.8357    34.8349    26.9756    26.9717    1493.33    1493.41         15 0.0000e+00
      24001  68.914719    415.000    412.295     9.1565     9.1703   3.732400   3.733703     1.0240     1.1545   -0.00018    0.00013    89.9152     0.0668     0.0387     71.079     69.387    34.8372    34.8373    26.9729    26.9707    1493.41    1493.46         14 0.0000e+00
      24017  68.914726    414.000    411.292     9.1685     9.1848   3.733587   3.735062     1.0242     1.1544   -0.00014    0.00012    89.9029     0.0648     0.0385     71.078     69.350    34.8383    34.8378    26.9718    26.9688    1493.44    1493.50         17 0.0000e+00
      24036  68.914742    413.000    410.303     9.1692     9.1859   3.733586   3.734999     1.0237     1.1539   -0.00009   -0.00019    89.9225     0.0645     0.0375     70.999     69.279    34.8381    34.8365    26.9715    26.9675    1493.42    1493.48         24 0.0000e+00
      24069  68.914757    412.000    409.321     9.1520     9.1580   3.731762   3.732064     1.0236     1.1542    0.00013   -0.00040    89.9223     0.0666     0.0369     71.006     69.351    34.8363    34.8336    26.9729    26.9698    1493.34    1493.36         38 0.0000e+00
      24101  68.914772    411.000    408.332     9.1588     9.1705   3.732582   3.733568     1.0242     1.1542   -0.00034   -0.00046    89.9236     0.0581     0.0375     71.074     69.320    34.8387    34.8375    26.9736    26.9707    1493.35    1493.39         26 0.0000e+00
      24125  68.914780    410.000    407.339     9.2149     9.2249   3.738315   3.739711     1.0239     1.1551   -0.00010    0.00021    89.9236     0.0643     0.0381     70.927     69.314    34.8441    34.8488    26.9688    26.9708    1493.55    1493.59         23 0.0000e+00
      24148  68.914795    409.000    406.340     9.3018     9.3566   3.747332   3.753136     1.0206     1.1538    0.00034    0.00005    89.9236     0.0708     0.0393     70.321     68.943    34.8537    34.8605    26.9621    26.9585    1493.86    1494.07         23 0.0000e+00
      24174  68.914803    408.000    405.345     9.3548     9.3903   3.752675   3.755820     1.0150     1.1490    0.00015    0.00057    89.9236     0.0669     0.0388     69.460     68.348    34.8579    34.8561    26.9568    26.9495    1494.04    1494.17         30 0.0000e+00
      24220  68.914825    407.000    404.357     9.3071     9.2891   3.747632   3.745342     1.0123     1.1426   -0.00398   -0.00272    89.9236     0.0674     0.0382     69.164     67.803    34.8525    34.8463    26.9603    26.9583    1493.85    1493.77         59 0.0000e+00
      24287  68.914864    406.000    403.365     9.2970     9.2952   3.746567   3.745994     1.0144     1.1421   -0.00025   -0.00187    89.9236     0.0600     0.0380     69.460     67.727    34.8517    34.8475    26.9613    26.9583    1493.79    1493.78         81 0.0000e+00
      24353  68.914894    405.000    402.376     9.3603     9.4005   3.753237   3.757491     1.0133     1.1438    0.00030   -0.00010    89.9236     0.0541     0.0373     69.197     67.735    34.8598    34.8648    26.9573    26.9546    1494.02    1494.17         44 0.0000e+00
      24399  68.914917    404.000    401.381     9.4546     9.4581   3.762776   3.763029     1.0101     1.1400   -0.00070    0.00067    89.9236     0.0650     0.0371     68.593     67.208    34.8674    34.8666    26.9478    26.9465    1494.35    1494.37         57 0.0000e+00
      24465  68.914948    403.000    400.386     9.4907     9.5036   3.766581   3.767631     1.0094     1.1374   -0.00134   -0.00188    89.9236     0.0686     0.0377     68.434     66.841    34.8721    34.8704    26.9455    26.9420    1494.47    1494.52         70 0.0000e+00
      25908  68.915642    402.000    399.400     9.5556     9.5550   3.773216   3.772838     1.0119     1.1398    0.00015    0.00034    89.9119     0.0601     0.0378     68.651     67.014    34.8782    34.8748    26.9395    26.9369    1494.70    1494.70         73 0.0000e+00
      26295  68.915825    401.000    398.403     9.5619     9.5642   3.773848   3.773773     1.0115     1.1402    0.00004    0.00011    89.9160     0.0629     0.0377     68.588     67.038    34.8790    34.8760    26.9390    26.9363    1494.71    1494.71         47 0.0000e+00
      26339  68.915848    400.000    397.413     9.5619     9.5707   3.773806   3.774426     1.0121     1.1409   -0.00015    0.00019    89.9237     0.0647     0.0357     68.656     67.089    34.8791    34.8769    26.9391    26.9359    1494.69    1494.72         37 0.0000e+00
      26371  68.915863    399.000    396.424     9.5679     9.5768   3.774384   3.775006     1.0125     1.1411    0.00029   -0.00009    89.9236     0.0781     0.0354     68.684     67.100    34.8796    34.8774    26.9385    26.9353    1494.70    1494.73         27 0.0000e+00
      26393  68.915878    398.000    395.429     9.5734     9.5824   3.774935   3.775642     1.0128     1.1418    0.00036    0.00056    89.9236     0.0633     0.0368     68.706     67.151    34.8805    34.8790    26.9382    26.9356    1494.70    1494.73         20 0.0000e+00
      26412  68.915886    397.000    394.435     9.5845     9.6093   3.776084   3.778662     1.0135     1.1424    0.00015    0.00050    89.9223     0.0579     0.0373     68.777     67.165    34.8820    34.8845    26.9376    26.9354    1494.73    1494.82         18 0.0000e+00
      26431  68.915894    396.000    393.434     9.6117     9.6431   3.779008   3.782159     1.0137     1.1428    0.00027    0.00014    89.9106     0.0584     0.0372     68.756     67.141    34.8862    34.8882    26.9363    26.9327    1494.82    1494.93         20 0.0000e+00
      26454  68.915909    395.000    392.446     9.6368     9.6657   3.781613   3.784250     1.0139     1.1428    0.00049    0.00064    89.9036     0.0619     0.0381     68.729     67.096    34.8891    34.8883    26.9344    26.9290    1494.89    1495.00         26 0.0000e+00
      26489  68.915924    394.000    391.450     9.6245     9.6539   3.780088   3.782815     1.0144     1.1414    0.00047    0.00052    89.9031     0.0682     0.0388     68.811     66.964    34.8858    34.8854    26.9339    26.9287    1494.83    1494.94         44 0.0000e+00
      26529  68.915939    393.000    390.470     9.6210     9.6234   3.779876   3.779872     1.0147     1.1426    0.00029   -0.00070    89.8996     0.0661     0.0394     68.837     67.131    34.8875    34.8851    26.9357    26.9335    1494.80    1494.81         31 0.0000e+00
      26557  68.915955    392.000    389.465     9.7090     9.6870   3.789112   3.786696     1.0154     1.1441    0.00027   -0.00046    89.8998     0.0728     0.0398     68.777     67.180    34.8978    34.8942    26.9291    26.9300    1495.12    1495.03         30 0.0000e+00
      26594  68.915970    391.000    388.476     9.6672     9.7268   3.784524   3.790451     1.0151     1.1437    0.00027    0.00121    89.9029     0.0578     0.0380     68.802     67.061    34.8915    34.8948    26.9311    26.9237    1494.94    1495.16         43 0.0000e+00
      26631  68.915993    390.000    387.495     9.7000     9.7298   3.788484   3.792106     1.0150     1.1443    0.00038    0.00019    89.9070     0.0620     0.0385     68.723     67.105    34.9009    34.9092    26.9330    26.9345    1495.06    1495.17         27 0.0000e+00
