data-processing/CTD/data/cnv/ures020.cnv
* Sea-Bird SBE 9 Data File:
* FileName = C:\SEASOFT\PIRATA-FR32\data\fr32020.hex
* Software Version Seasave V 7.26.7.107
* Temperature SN = 6083
* Conductivity SN = 4509
* Number of Bytes Per Scan = 42
* Number of Voltage Words = 3
* Number of Scans Averaged by the Deck Unit = 1
* NMEA Latitude = 06 01.56 S
* NMEA Longitude = 010 00.61 W
* NMEA UTC (Time) = Mar 11 2022 01:24:21
** Cruise: PIRATA-FR32
** Ship: THALASSA
** Station: 020
** Bottom Depth: 3554
** Barometric pressure : 1008.1
** Temp Air: 28.3
** Operator: SCP
** Comments:
# nquan = 25
# nvalues = 1999                        
# units = specified
# name 0 = scan: Scan Count
# name 1 = timeJ: Julian Days
# name 2 = prDM: Pressure, Digiquartz [db]
# name 3 = depSM: Depth [salt water, m]
# name 4 = t090C: Temperature [ITS-90, deg C]
# name 5 = t190C: Temperature, 2 [ITS-90, deg C]
# name 6 = c0S/m: Conductivity [S/m]
# name 7 = c1S/m: Conductivity, 2 [S/m]
# name 8 = sbeox0V: Oxygen raw, SBE 43 [V]
# name 9 = sbeox1V: Oxygen raw, SBE 43, 2 [V]
# name 10 = sbox0dV/dT: Oxygen, SBE 43 [dov/dt]
# name 11 = sbox1dV/dT: Oxygen, SBE 43, 2 [dov/dt]
# name 12 = CStarTr0: Beam Transmission, WET Labs C-Star [%]
# name 13 = flECO-AFL: Fluorescence, WET Labs ECO-AFL/FL [mg/m^3]
# name 14 = flC: Fluorescence, Chelsea Aqua 3 Chl Con [ug/l]
# name 15 = sbox0Mm/Kg: Oxygen, SBE 43 [umol/kg], WS = 2
# name 16 = sbox1Mm/Kg: Oxygen, SBE 43, 2 [umol/kg], WS = 2
# name 17 = sal00: Salinity, Practical [PSU]
# name 18 = sal11: Salinity, Practical, 2 [PSU]
# name 19 = sigma-é00: Density [sigma-theta, kg/m^3]
# name 20 = sigma-é11: Density, 2 [sigma-theta, kg/m^3]
# name 21 = svCM: Sound Velocity [Chen-Millero, m/s]
# name 22 = svCM1: Sound Velocity, 2 [Chen-Millero, m/s]
# name 23 = nbin: number of scans per bin
# name 24 = flag: flag
# span 0 =      67939,     160335       
# span 1 =  70.091351,  70.135910       
# span 2 =      3.000,   2001.000       
# span 3 =      2.978,   1980.416       
# span 4 =     3.5604,    28.3666       
# span 5 =     3.5587,    28.3673       
# span 6 =   3.290658,   5.826707       
# span 7 =   3.290295,   5.826162       
# span 8 =     0.9954,     2.7143       
# span 9 =     1.1208,     3.1503       
# span 10 =   -0.00976,    0.04153      
# span 11 =   -0.00994,    0.05520      
# span 12 =    84.4087,    90.2803      
# span 13 =     0.0302,     1.8408      
# span 14 =     0.0097,     0.5161      
# span 15 =     66.792,    234.409      
# span 16 =     65.183,    229.389      
# span 17 =    34.5096,    36.2063      
# span 18 =    34.5057,    36.2055      
# span 19 =    23.1386,    27.8132      
# span 20 =    23.1349,    27.8107      
# span 21 =    1482.89,    1543.77      
# span 22 =    1482.89,    1543.78      
# span 23 =         15,        149      
# span 24 = 0.0000e+00, 0.0000e+00      
# interval = decibars: 1                
# start_time = Mar 11 2022 01:24:22 [System UTC, first data scan.]
# bad_flag = -9.990e-29
*END*
[from data line 348]
      80538  70.097427   1653.000   1637.330     3.9984     3.9981   3.324028   3.323699     1.7341     2.0042    0.00015    0.00028    90.2597     0.0502     0.0151    224.068    219.414    34.9582    34.9546    27.7671    27.7643    1493.89    1493.88         31 0.0000e+00
      80571  70.097443   1652.000   1636.353     3.9985     3.9984   3.323993   3.323699     1.7346     2.0039    0.00009    0.00013    90.2681     0.0471     0.0144    224.132    219.339    34.9581    34.9547    27.7671    27.7643    1493.87    1493.87         35 0.0000e+00
      80602  70.097458   1651.000   1635.369     3.9995     4.0011   3.324064   3.323948     1.7350     2.0041    0.00028   -0.00059    90.2666     0.0503     0.0162    224.176    219.325    34.9583    34.9553    27.7671    27.7645    1493.86    1493.86         26 0.0000e+00
      80625  70.097466   1650.000   1634.376     4.0023     4.0101   3.324312   3.324832     1.7352     2.0053    0.00015   -0.00027    90.2633     0.0457     0.0155    224.150    219.414    34.9589    34.9568    27.7672    27.7648    1493.85    1493.88         21 0.0000e+00
      80645  70.097481   1649.000   1633.395     4.0099     4.0195   3.324999   3.325660     1.7354     2.0055    0.00016    0.00022    90.2628     0.0525     0.0143    224.117    219.353    34.9594    34.9571    27.7668    27.7640    1493.87    1493.91         19 0.0000e+00
      80664  70.097488   1648.000   1632.399     4.0188     4.0219   3.325805   3.325798     1.7355     2.0065    0.00038    0.00039    90.2665     0.0468     0.0148    224.055    219.462    34.9599    34.9567    27.7664    27.7635    1493.89    1493.90         19 0.0000e+00
      80683  70.097496   1647.000   1631.417     4.0207     4.0239   3.325926   3.325968     1.7357     2.0066    0.00022    0.00081    90.2580     0.0484     0.0152    224.046    219.433    34.9599    34.9570    27.7661    27.7635    1493.88    1493.89         20 0.0000e+00
      80706  70.097511   1646.000   1630.425     4.0260     4.0326   3.326387   3.326736     1.7362     2.0071    0.00017    0.00076    90.2614     0.0511     0.0142    224.077    219.425    34.9602    34.9574    27.7658    27.7629    1493.89    1493.91         28 0.0000e+00
      80742  70.097527   1645.000   1629.440     4.0225     4.0394   3.325980   3.327345     1.7368     2.0064    0.00031    0.00056    90.2617     0.0445     0.0158    224.173    219.248    34.9596    34.9579    27.7657    27.7626    1493.85    1493.92         41 0.0000e+00
      80778  70.097542   1644.000   1628.462     4.0325     4.0487   3.327013   3.328228     1.7373     2.0075    0.00044    0.00012    90.2661     0.0452     0.0161    224.174    219.315    34.9617    34.9589    27.7663    27.7625    1493.88    1493.95         30 0.0000e+00
      80804  70.097557   1643.000   1627.472     4.0427     4.0545   3.327879   3.328768     1.7378     2.0083    0.00035   -0.00064    90.2577     0.0448     0.0151    224.161    219.375    34.9616    34.9597    27.7652    27.7625    1493.91    1493.95         24 0.0000e+00
      80828  70.097565   1642.000   1626.476     4.0511     4.0559   3.328641   3.328856     1.7381     2.0090    0.00031    0.00056    90.2565     0.0525     0.0178    224.138    219.445    34.9623    34.9597    27.7649    27.7624    1493.93    1493.94         23 0.0000e+00
      80852  70.097580   1641.000   1625.496     4.0560     4.0584   3.329065   3.329018     1.7387     2.0096    0.00050    0.00106    90.2565     0.0388     0.0181    224.181    219.483    34.9626    34.9595    27.7646    27.7619    1493.93    1493.94         25 0.0000e+00
      80879  70.097595   1640.000   1624.511     4.0583     4.0581   3.329261   3.328946     1.7390     2.0103    0.00033    0.00072    90.2565     0.0505     0.0163    224.200    219.555    34.9629    34.9594    27.7646    27.7619    1493.92    1493.92         28 0.0000e+00
      80905  70.097603   1639.000   1623.531     4.0597     4.0595   3.329360   3.329034     1.7395     2.0111    0.00049    0.00057    90.2565     0.0439     0.0152    224.257    219.639    34.9631    34.9595    27.7646    27.7618    1493.91    1493.91         24 0.0000e+00
      80927  70.097618   1638.000   1622.533     4.0592     4.0599   3.329246   3.329029     1.7398     2.0115    0.00033    0.00064    90.2565     0.0434     0.0166    224.283    219.674    34.9628    34.9595    27.7644    27.7617    1493.89    1493.89         20 0.0000e+00
      80947  70.097626   1637.000   1621.548     4.0600     4.0600   3.329288   3.328990     1.7402     2.0116    0.00042    0.00055    90.2565     0.0463     0.0185    224.316    219.663    34.9629    34.9595    27.7644    27.7617    1493.88    1493.88         20 0.0000e+00
      80967  70.097633   1636.000   1620.560     4.0604     4.0599   3.329268   3.328949     1.7402     2.0116    0.00040    0.00073    90.2565     0.0453     0.0188    224.295    219.634    34.9628    34.9595    27.7643    27.7617    1493.87    1493.86         23 0.0000e+00
      80995  70.097649   1635.000   1619.575     4.0604     4.0598   3.329244   3.328890     1.7404     2.0118    0.00043    0.00038    90.2565     0.0483     0.0184    224.286    219.636    34.9629    34.9594    27.7643    27.7616    1493.85    1493.84         33 0.0000e+00
      81034  70.097664   1634.000   1618.583     4.0599     4.0601   3.329159   3.328876     1.7407     2.0118    0.00012    0.00008    90.2565     0.0511     0.0185    224.328    219.601    34.9630    34.9595    27.7644    27.7616    1493.83    1493.83         46 0.0000e+00
      81084  70.097687   1633.000   1617.601     4.0602     4.0600   3.329149   3.328826     1.7415     2.0121    0.00022    0.00006    90.2565     0.0456     0.0177    224.438    219.619    34.9630    34.9595    27.7644    27.7616    1493.82    1493.81         48 0.0000e+00
      81138  70.097717   1632.000   1616.617     4.0605     4.0603   3.329134   3.328819     1.7416     2.0128    0.00028    0.00030    90.2565     0.0446     0.0164    224.417    219.686    34.9630    34.9595    27.7644    27.7616    1493.80    1493.79         66 0.0000e+00
      81200  70.097748   1631.000   1615.629     4.0625     4.0627   3.329292   3.329024     1.7418     2.0127    0.00006 -4.090e-07    90.2565     0.0456     0.0144    224.418    219.637    34.9633    34.9599    27.7644    27.7617    1493.79    1493.79         53 0.0000e+00
      81246  70.097771   1630.000   1614.641     4.0628     4.0649   3.329283   3.329191     1.7422     2.0129    0.00005    0.00007    90.2565     0.0451     0.0156    224.466    219.622    34.9634    34.9601    27.7644    27.7616    1493.78    1493.78         41 0.0000e+00
      81288  70.097786   1629.000   1613.655     4.0645     4.0659   3.329407   3.329242     1.7427     2.0129    0.00018    0.00005    90.2608     0.0453     0.0138    224.514    219.583    34.9634    34.9601    27.7643    27.7615    1493.77    1493.77         43 0.0000e+00
      81361  70.097824   1628.000   1612.671     4.0662     4.0673   3.329533   3.329335     1.7427     2.0133    0.00017    0.00003    90.2664     0.0454     0.0144    224.477    219.608    34.9636    34.9602    27.7642    27.7614    1493.76    1493.76         62 0.0000e+00
      81434  70.097862   1627.000   1611.685     4.0683     4.0691   3.329680   3.329459     1.7427     2.0148   -0.00001    0.00028    90.2666     0.0442     0.0163    224.433    219.787    34.9636    34.9602    27.7640    27.7612    1493.75    1493.75         26 0.0000e+00
      81459  70.097870   1626.000   1610.692     4.0689     4.0690   3.329695   3.329407     1.7427     2.0152    0.00007    0.00052    90.2614     0.0446     0.0158    224.402    219.820    34.9636    34.9602    27.7639    27.7612    1493.74    1493.73         25 0.0000e+00
      81516  70.097900   1625.000   1609.707     4.0686     4.0686   3.329632   3.329326     1.7428     2.0149   -0.00003    0.00035    90.2579     0.0480     0.0149    224.375    219.751    34.9637    34.9602    27.7640    27.7612    1493.72    1493.71         61 0.0000e+00
      81595  70.097939   1624.000   1608.722     4.0696     4.0691   3.329671   3.329335     1.7428     2.0144    0.00012   -0.00020    90.2565     0.0443     0.0149    224.341    219.640    34.9636    34.9602    27.7638    27.7612    1493.71    1493.70         34 0.0000e+00
      81651  70.097961   1623.000   1607.736     4.0695     4.0703   3.329635   3.329392     1.7430     2.0155    0.00002    0.00003    90.2565     0.0452     0.0153    224.351    219.769    34.9637    34.9601    27.7640    27.7610    1493.69    1493.69         90 0.0000e+00
      81725  70.098000   1622.000   1606.752     4.0724     4.0720   3.329848   3.329503     1.7435     2.0166    0.00009    0.00070    90.2565     0.0465     0.0160    224.397    219.898    34.9638    34.9601    27.7637    27.7608    1493.68    1493.68         42 0.0000e+00
      81758  70.098015   1621.000   1605.765     4.0719     4.0722   3.329749   3.329473     1.7432     2.0166    0.00041    0.00036    90.2565     0.0504     0.0171    224.328    219.859    34.9636    34.9600    27.7636    27.7607    1493.66    1493.66         28 0.0000e+00
      81783  70.098030   1620.000   1604.777     4.0730     4.0730   3.329807   3.329513     1.7433     2.0168   -0.00016    0.00007    90.2565     0.0449     0.0175    224.308    219.856    34.9636    34.9601    27.7635    27.7607    1493.65    1493.65         24 0.0000e+00
      81813  70.098045   1619.000   1603.778     4.0736     4.0734   3.329815   3.329500     1.7434     2.0165   -0.00008    0.00005    90.2565     0.0454     0.0174    224.290    219.784    34.9635    34.9601    27.7633    27.7606    1493.64    1493.63         43 0.0000e+00
      81962  70.098114   1618.000   1602.805     4.0738     4.0736   3.329787   3.329471     1.7439     2.0159    0.00024    0.00012    90.2565     0.0501     0.0170    224.346    219.661    34.9635    34.9600    27.7633    27.7605    1493.62    1493.62         25 0.0000e+00
      81991  70.098129   1617.000   1601.816     4.0742     4.0738   3.329780   3.329448     1.7438     2.0162    0.00030   -0.00001    90.2565     0.0490     0.0157    224.304    219.686    34.9635    34.9600    27.7632    27.7605    1493.61    1493.60         21 0.0000e+00
      82014  70.098137   1616.000   1600.820     4.0749     4.0745   3.329796   3.329458     1.7436     2.0160   -0.00005   -0.00012    90.2565     0.0428     0.0147    224.235    219.621    34.9634    34.9598    27.7631    27.7603    1493.59    1493.59         26 0.0000e+00
      82077  70.098167   1615.000   1599.840     4.0748     4.0744   3.329747   3.329401     1.7438     2.0155   -0.00001   -0.00006    90.2565     0.0442     0.0143    224.242    219.511    34.9635    34.9598    27.7631    27.7602    1493.58    1493.57         64 0.0000e+00
      82165  70.098213   1614.000   1598.855     4.0761     4.0759   3.329813   3.329503     1.7440     2.0148    0.00012   -0.00058    90.2565     0.0439     0.0161    224.238    219.372    34.9633    34.9599    27.7628    27.7601    1493.56    1493.56         41 0.0000e+00
      82224  70.098244   1613.000   1597.864     4.0762     4.0775   3.329785   3.329581     1.7438     2.0150    0.00001    0.00004    90.2565     0.0487     0.0157    224.171    219.365    34.9633    34.9596    27.7628    27.7597    1493.55    1493.55         87 0.0000e+00
      82292  70.098274   1612.000   1596.885     4.0773     4.0755   3.329747   3.329196     1.7427     2.0158   -0.00020    0.00007    90.2584     0.0482     0.0161    223.942    219.474    34.9623    34.9577    27.7619    27.7584    1493.53    1493.52         34 0.0000e+00
      82319  70.098289   1611.000   1595.891     4.0764     4.0735   3.329628   3.328946     1.7420     2.0156   -0.00040    0.00046    90.2683     0.0511     0.0167    223.795    219.426    34.9623    34.9574    27.7619    27.7584    1493.51    1493.50         28 0.0000e+00
      82360  70.098305   1610.000   1594.903     4.0753     4.0727   3.329444   3.328782     1.7406     2.0147   -0.00048    0.00007    90.2658     0.0487     0.0166    223.521    219.278    34.9617    34.9568    27.7616    27.7579    1493.49    1493.48         67 0.0000e+00
      82435  70.098343   1609.000   1593.918     4.0738     4.0722   3.329120   3.328472     1.7381     2.0135   -0.00078   -0.00048    90.2624     0.0489     0.0154    223.048    219.075    34.9600    34.9541    27.7604    27.7559    1493.47    1493.45         69 0.0000e+00
      82523  70.098381   1608.000   1592.935     4.0741     4.0735   3.328771   3.328413     1.7331     2.0075   -0.00130   -0.00098    90.2589     0.0482     0.0153    222.122    218.153    34.9561    34.9525    27.7572    27.7545    1493.45    1493.44         85 0.0000e+00
      82574  70.098412   1607.000   1591.945     4.0739     4.0749   3.328812   3.328496     1.7310     2.0038   -0.00130   -0.00233    90.2707     0.0492     0.0157    221.711    217.573    34.9572    34.9526    27.7582    27.7544    1493.43    1493.43         33 0.0000e+00
      82601  70.098419   1606.000   1590.962     4.0749     4.0765   3.328824   3.328583     1.7305     2.0027   -0.00081   -0.00157    90.2742     0.0451     0.0146    221.584    217.378    34.9569    34.9524    27.7577    27.7540    1493.42    1493.42         27 0.0000e+00
      82627  70.098434   1605.000   1589.971     4.0776     4.0786   3.328950   3.328701     1.7298     2.0022   -0.00112   -0.00157    90.2641     0.0442     0.0133    221.425    217.262    34.9560    34.9521    27.7568    27.7536    1493.41    1493.41         26 0.0000e+00
      82656  70.098450   1604.000   1588.981     4.0793     4.0795   3.329027   3.328733     1.7293     2.0017   -0.00058   -0.00103    90.2682     0.0454     0.0153    221.296    217.151    34.9556    34.9519    27.7563    27.7533    1493.40    1493.40         34 0.0000e+00
      82702  70.098473   1603.000   1587.994     4.0812     4.0810   3.329137   3.328811     1.7290     2.0002   -0.00046   -0.00055    90.2677     0.0471     0.0157    221.201    216.884    34.9554    34.9518    27.7559    27.7531    1493.39    1493.39         62 0.0000e+00
      82767  70.098503   1602.000   1587.014     4.0823     4.0814   3.329188   3.328808     1.7286     1.9987   -0.00011   -0.00084    90.2625     0.0387     0.0176    221.080    216.642    34.9553    34.9518    27.7557    27.7530    1493.38    1493.37         53 0.0000e+00
      82807  70.098518   1601.000   1586.027     4.0816     4.0815   3.329087   3.328768     1.7285     1.9976   -0.00027   -0.00036    90.2667     0.0450     0.0161    221.045    216.450    34.9554    34.9517    27.7558    27.7529    1493.36    1493.36         33 0.0000e+00
      82834  70.098534   1600.000   1585.048     4.0814     4.0816   3.329029   3.328731     1.7283     1.9973   -0.00003   -0.00053    90.2752     0.0445     0.0170    220.982    216.383    34.9553    34.9517    27.7558    27.7529    1493.34    1493.34         23 0.0000e+00
      82855  70.098541   1599.000   1584.049     4.0823     4.0818   3.329051   3.328712     1.7283     1.9978   -0.00022   -0.00086    90.2684     0.0485     0.0172    220.952    216.424    34.9552    34.9517    27.7556    27.7529    1493.33    1493.32         18 0.0000e+00
      82873  70.098557   1598.000   1583.070     4.0827     4.0824   3.329050   3.328728     1.7283     1.9981    0.00002   -0.00058    90.2657     0.0528     0.0164    220.921    216.434    34.9553    34.9518    27.7556    27.7528    1493.31    1493.31         18 0.0000e+00
      82892  70.098564   1597.000   1582.063     4.0831     4.0834   3.329024   3.328754     1.7285     1.9988   -0.00001   -0.00014    90.2612     0.0454     0.0167    220.918    216.500    34.9550    34.9516    27.7554    27.7526    1493.30    1493.30         20 0.0000e+00
