data-processing/CTD/data/cnv/ures020.cnv
* Sea-Bird SBE 9 Data File:
* FileName = C:\SEASOFT\PIRATA-FR32\data\fr32020.hex
* Software Version Seasave V 7.26.7.107
* Temperature SN = 6083
* Conductivity SN = 4509
* Number of Bytes Per Scan = 42
* Number of Voltage Words = 3
* Number of Scans Averaged by the Deck Unit = 1
* NMEA Latitude = 06 01.56 S
* NMEA Longitude = 010 00.61 W
* NMEA UTC (Time) = Mar 11 2022 01:24:21
** Cruise: PIRATA-FR32
** Ship: THALASSA
** Station: 020
** Bottom Depth: 3554
** Barometric pressure : 1008.1
** Temp Air: 28.3
** Operator: SCP
** Comments:
# nquan = 25
# nvalues = 1999                        
# units = specified
# name 0 = scan: Scan Count
# name 1 = timeJ: Julian Days
# name 2 = prDM: Pressure, Digiquartz [db]
# name 3 = depSM: Depth [salt water, m]
# name 4 = t090C: Temperature [ITS-90, deg C]
# name 5 = t190C: Temperature, 2 [ITS-90, deg C]
# name 6 = c0S/m: Conductivity [S/m]
# name 7 = c1S/m: Conductivity, 2 [S/m]
# name 8 = sbeox0V: Oxygen raw, SBE 43 [V]
# name 9 = sbeox1V: Oxygen raw, SBE 43, 2 [V]
# name 10 = sbox0dV/dT: Oxygen, SBE 43 [dov/dt]
# name 11 = sbox1dV/dT: Oxygen, SBE 43, 2 [dov/dt]
# name 12 = CStarTr0: Beam Transmission, WET Labs C-Star [%]
# name 13 = flECO-AFL: Fluorescence, WET Labs ECO-AFL/FL [mg/m^3]
# name 14 = flC: Fluorescence, Chelsea Aqua 3 Chl Con [ug/l]
# name 15 = sbox0Mm/Kg: Oxygen, SBE 43 [umol/kg], WS = 2
# name 16 = sbox1Mm/Kg: Oxygen, SBE 43, 2 [umol/kg], WS = 2
# name 17 = sal00: Salinity, Practical [PSU]
# name 18 = sal11: Salinity, Practical, 2 [PSU]
# name 19 = sigma-é00: Density [sigma-theta, kg/m^3]
# name 20 = sigma-é11: Density, 2 [sigma-theta, kg/m^3]
# name 21 = svCM: Sound Velocity [Chen-Millero, m/s]
# name 22 = svCM1: Sound Velocity, 2 [Chen-Millero, m/s]
# name 23 = nbin: number of scans per bin
# name 24 = flag: flag
# span 0 =      67939,     160335       
# span 1 =  70.091351,  70.135910       
# span 2 =      3.000,   2001.000       
# span 3 =      2.978,   1980.416       
# span 4 =     3.5604,    28.3666       
# span 5 =     3.5587,    28.3673       
# span 6 =   3.290658,   5.826707       
# span 7 =   3.290295,   5.826162       
# span 8 =     0.9954,     2.7143       
# span 9 =     1.1208,     3.1503       
# span 10 =   -0.00976,    0.04153      
# span 11 =   -0.00994,    0.05520      
# span 12 =    84.4087,    90.2803      
# span 13 =     0.0302,     1.8408      
# span 14 =     0.0097,     0.5161      
# span 15 =     66.792,    234.409      
# span 16 =     65.183,    229.389      
# span 17 =    34.5096,    36.2063      
# span 18 =    34.5057,    36.2055      
# span 19 =    23.1386,    27.8132      
# span 20 =    23.1349,    27.8107      
# span 21 =    1482.89,    1543.77      
# span 22 =    1482.89,    1543.78      
# span 23 =         15,        149      
# span 24 = 0.0000e+00, 0.0000e+00      
# interval = decibars: 1                
# start_time = Mar 11 2022 01:24:22 [System UTC, first data scan.]
# bad_flag = -9.990e-29
*END*
[from data line 290]
      79057  70.096710   1711.000   1694.552     3.9446     3.9449   3.322054   3.321776     1.7432     2.0163   -0.00052   -0.00064    90.2565     0.0506     0.0152    227.761    223.217    34.9635    34.9599    27.7773    27.7744    1494.64    1494.64         22 0.0000e+00
      79079  70.096725   1710.000   1693.569     3.9457     3.9479   3.322092   3.322004     1.7430     2.0157   -0.00047   -0.00050    90.2565     0.0364     0.0163    227.685    223.074    34.9632    34.9599    27.7770    27.7741    1494.63    1494.63         22 0.0000e+00
      79099  70.096733   1709.000   1692.587     3.9475     3.9511   3.322224   3.322260     1.7425     2.0155   -0.00036    0.00029    90.2633     0.0450     0.0163    227.548    223.000    34.9634    34.9599    27.7769    27.7738    1494.62    1494.63         19 0.0000e+00
      79119  70.096741   1708.000   1691.592     3.9505     3.9526   3.322445   3.322346     1.7420     2.0153   -0.00041    0.00016    90.2721     0.0453     0.0150    227.421    222.922    34.9632    34.9599    27.7765    27.7737    1494.61    1494.62         20 0.0000e+00
      79139  70.096756   1707.000   1690.603     3.9527     3.9545   3.322609   3.322490     1.7417     2.0149   -0.00046   -0.00035    90.2589     0.0453     0.0159    227.324    222.823    34.9633    34.9601    27.7763    27.7736    1494.61    1494.61         23 0.0000e+00
      79172  70.096771   1706.000   1689.619     3.9530     3.9543   3.322605   3.322413     1.7414     2.0143   -0.00048   -0.00035    90.2626     0.0496     0.0160    227.234    222.712    34.9635    34.9599    27.7764    27.7734    1494.59    1494.59         48 0.0000e+00
      79225  70.096794   1705.000   1688.646     3.9510     3.9537   3.322397   3.322366     1.7414     2.0135   -0.00036   -0.00034    90.2613     0.0440     0.0159    227.208    222.561    34.9636    34.9604    27.7767    27.7739    1494.57    1494.57         38 0.0000e+00
      79249  70.096802   1704.000   1687.653     3.9566     3.9583   3.322827   3.322711     1.7414     2.0138   -0.00015   -0.00081    90.2587     0.0453     0.0138    227.143    222.550    34.9633    34.9602    27.7759    27.7732    1494.57    1494.57         21 0.0000e+00
      79268  70.096817   1703.000   1686.670     3.9560     3.9589   3.322755   3.322734     1.7414     2.0141    0.00008   -0.00032    90.2698     0.0434     0.0153    227.117    222.566    34.9635    34.9602    27.7761    27.7732    1494.55    1494.56         18 0.0000e+00
      79285  70.096825   1702.000   1685.676     3.9584     3.9598   3.322933   3.322781     1.7414     2.0141    0.00008    0.00008    90.2580     0.0453     0.0149    227.072    222.522    34.9636    34.9603    27.7760    27.7732    1494.55    1494.55         17 0.0000e+00
      79302  70.096832   1701.000   1684.690     3.9600     3.9604   3.323039   3.322795     1.7414     2.0142    0.00009    0.00018    90.2579     0.0442     0.0145    227.032    222.508    34.9637    34.9604    27.7758    27.7732    1494.54    1494.53         18 0.0000e+00
      79321  70.096840   1700.000   1683.695     3.9605     3.9615   3.323050   3.322864     1.7414     2.0142    0.00004    0.00018    90.2566     0.0489     0.0158    227.001    222.475    34.9637    34.9604    27.7758    27.7731    1494.52    1494.52         21 0.0000e+00
      79348  70.096855   1699.000   1682.712     3.9621     3.9621   3.323170   3.322869     1.7415     2.0138    0.00003    0.00013    90.2565     0.0497     0.0167    226.983    222.386    34.9640    34.9604    27.7759    27.7730    1494.51    1494.51         33 0.0000e+00
      79386  70.096870   1698.000   1681.734     3.9610     3.9615   3.323030   3.322764     1.7419     2.0135    0.00021   -0.00011    90.2565     0.0463     0.0147    227.039    222.317    34.9639    34.9603    27.7759    27.7730    1494.49    1494.49         39 0.0000e+00
      79420  70.096886   1697.000   1680.747     3.9634     3.9647   3.323208   3.323036     1.7419     2.0135   -0.00003   -0.00004    90.2565     0.0513     0.0151    226.996    222.262    34.9640    34.9606    27.7757    27.7728    1494.48    1494.48         29 0.0000e+00
      79446  70.096901   1696.000   1679.764     3.9639     3.9656   3.323207   3.323061     1.7417     2.0135    0.00017   -0.00033    90.2565     0.0352     0.0159    226.926    222.233    34.9640    34.9604    27.7756    27.7726    1494.47    1494.47         25 0.0000e+00
      79471  70.096916   1695.000   1678.771     3.9660     3.9665   3.323350   3.323100     1.7416     2.0137    0.00006   -0.00016    90.2565     0.0302     0.0167    226.864    222.228    34.9639    34.9604    27.7754    27.7725    1494.46    1494.46         26 0.0000e+00
      79498  70.096924   1694.000   1677.784     3.9670     3.9675   3.323409   3.323140     1.7416     2.0140   -0.00017    0.00012    90.2565     0.0457     0.0158    226.819    222.238    34.9640    34.9603    27.7753    27.7723    1494.45    1494.45         26 0.0000e+00
      79523  70.096939   1693.000   1676.804     3.9682     3.9687   3.323457   3.323205     1.7418     2.0145   -0.00008    0.00017    90.2565     0.0445     0.0139    226.819    222.271    34.9638    34.9603    27.7751    27.7722    1494.44    1494.43         23 0.0000e+00
      79544  70.096947   1692.000   1675.814     3.9687     3.9699   3.323465   3.323248     1.7419     2.0149   -0.00014    0.00024    90.2565     0.0542     0.0153    226.818    222.291    34.9638    34.9600    27.7750    27.7718    1494.42    1494.42         20 0.0000e+00
      79563  70.096954   1691.000   1674.831     3.9697     3.9709   3.323512   3.323304     1.7420     2.0146   -0.00004    0.00023    90.2565     0.0477     0.0150    226.794    222.208    34.9638    34.9602    27.7749    27.7718    1494.41    1494.41         18 0.0000e+00
      79582  70.096970   1690.000   1673.837     3.9712     3.9720   3.323580   3.323347     1.7421     2.0146    0.00024    0.00045    90.2565     0.0479     0.0153    226.771    222.178    34.9635    34.9600    27.7744    27.7716    1494.40    1494.40         21 0.0000e+00
      79605  70.096977   1689.000   1672.840     3.9716     3.9726   3.323573   3.323362     1.7417     2.0140    0.00016    0.00027    90.2565     0.0509     0.0164    226.665    222.060    34.9635    34.9600    27.7744    27.7715    1494.38    1494.38         27 0.0000e+00
      79643  70.096992   1688.000   1671.868     3.9703     3.9732   3.323434   3.323356     1.7416     2.0134   -0.00004   -0.00026    90.2565     0.0410     0.0163    226.620    221.937    34.9637    34.9598    27.7747    27.7713    1494.36    1494.37         47 0.0000e+00
      79680  70.097015   1687.000   1670.888     3.9730     3.9741   3.323606   3.323401     1.7414     2.0139   -0.00021   -0.00043    90.2565     0.0452     0.0150    226.545    221.977    34.9634    34.9599    27.7742    27.7713    1494.36    1494.36         27 0.0000e+00
      79704  70.097023   1686.000   1669.901     3.9738     3.9749   3.323629   3.323425     1.7414     2.0138   -0.00008   -0.00039    90.2565     0.0451     0.0145    226.510    221.931    34.9633    34.9598    27.7740    27.7711    1494.34    1494.34         21 0.0000e+00
      79726  70.097038   1685.000   1668.900     3.9751     3.9758   3.323697   3.323466     1.7414     2.0140   -0.00012    0.00016    90.2565     0.0449     0.0161    226.474    221.915    34.9632    34.9598    27.7738    27.7710    1494.33    1494.33         22 0.0000e+00
      79748  70.097046   1684.000   1667.918     3.9761     3.9771   3.323741   3.323529     1.7412     2.0135    0.00001    0.00040    90.2565     0.0446     0.0167    226.405    221.810    34.9631    34.9597    27.7736    27.7707    1494.32    1494.32         24 0.0000e+00
      79773  70.097061   1683.000   1666.934     3.9770     3.9777   3.323792   3.323535     1.7410     2.0140   -0.00008   -0.00007    90.2565     0.0448     0.0163    226.325    221.852    34.9633    34.9595    27.7736    27.7706    1494.31    1494.30         26 0.0000e+00
      79799  70.097069   1682.000   1665.951     3.9780     3.9781   3.323821   3.323513     1.7408     2.0147   -0.00016   -0.00017    90.2565     0.0439     0.0167    226.259    221.926    34.9630    34.9594    27.7733    27.7704    1494.29    1494.29         25 0.0000e+00
      79822  70.097084   1681.000   1664.962     3.9788     3.9799   3.323839   3.323631     1.7411     2.0139   -0.00021    0.00018    90.2565     0.0453     0.0157    226.283    221.767    34.9629    34.9594    27.7731    27.7702    1494.28    1494.28         22 0.0000e+00
      79845  70.097092   1680.000   1663.970     3.9805     3.9818   3.323959   3.323790     1.7410     2.0136   -0.00017    0.00043    90.2565     0.0451     0.0163    226.222    221.675    34.9631    34.9597    27.7731    27.7702    1494.27    1494.27         22 0.0000e+00
      79867  70.097107   1679.000   1662.989     3.9824     3.9836   3.324081   3.323911     1.7411     2.0135    0.00007    0.00021    90.2565     0.0475     0.0168    226.205    221.630    34.9630    34.9597    27.7728    27.7700    1494.26    1494.26         23 0.0000e+00
      79891  70.097115   1678.000   1662.002     3.9835     3.9854   3.324148   3.324037     1.7408     2.0135    0.00010   -0.00062    90.2565     0.0513     0.0156    226.100    221.588    34.9631    34.9598    27.7728    27.7700    1494.25    1494.25         25 0.0000e+00
      79918  70.097130   1677.000   1661.012     3.9858     3.9869   3.324315   3.324117     1.7407     2.0131    0.00008   -0.00028    90.2565     0.0453     0.0152    226.046    221.489    34.9632    34.9597    27.7726    27.7697    1494.24    1494.24         30 0.0000e+00
      79955  70.097145   1676.000   1660.026     3.9860     3.9880   3.324283   3.324148     1.7405     2.0125   -0.00022   -0.00000    90.2565     0.0490     0.0163    225.977    221.366    34.9630    34.9593    27.7724    27.7693    1494.23    1494.23         42 0.0000e+00
      79992  70.097160   1675.000   1659.049     3.9872     3.9866   3.324305   3.323862     1.7403     2.0118   -0.00009   -0.00054    90.2565     0.0461     0.0155    225.912    221.241    34.9625    34.9579    27.7719    27.7683    1494.21    1494.20         30 0.0000e+00
      80017  70.097176   1674.000   1658.063     3.9864     3.9842   3.324173   3.323533     1.7397     2.0120   -0.00012   -0.00021    90.2565     0.0448     0.0153    225.774    221.260    34.9622    34.9571    27.7718    27.7679    1494.19    1494.18         22 0.0000e+00
      80037  70.097183   1673.000   1657.065     3.9866     3.9862   3.324046   3.323638     1.7392     2.0121   -0.00013   -0.00076    90.2565     0.0433     0.0143    225.652    221.231    34.9611    34.9567    27.7708    27.7673    1494.17    1494.17         19 0.0000e+00
      80056  70.097198   1672.000   1656.081     3.9870     3.9869   3.323983   3.323641     1.7388     2.0120   -0.00015   -0.00029    90.2565     0.0454     0.0150    225.552    221.189    34.9604    34.9565    27.7702    27.7671    1494.16    1494.15         19 0.0000e+00
      80075  70.097206   1671.000   1655.091     3.9879     3.9893   3.324003   3.323812     1.7384     2.0108   -0.00046    0.00019    90.2565     0.0448     0.0168    225.446    220.968    34.9602    34.9564    27.7699    27.7668    1494.15    1494.15         21 0.0000e+00
      80100  70.097214   1670.000   1654.104     3.9893     3.9921   3.324084   3.323997     1.7378     2.0100   -0.00068    0.00016    90.2565     0.0445     0.0194    225.290    220.802    34.9601    34.9562    27.7697    27.7663    1494.14    1494.14         28 0.0000e+00
      80131  70.097229   1669.000   1653.125     3.9907     3.9930   3.324174   3.324046     1.7369     2.0090   -0.00050   -0.00089    90.2565     0.0400     0.0199    225.090    220.615    34.9602    34.9562    27.7696    27.7662    1494.12    1494.13         31 0.0000e+00
      80158  70.097244   1668.000   1652.138     3.9938     3.9948   3.324377   3.324140     1.7365     2.0086   -0.00067   -0.00089    90.2565     0.0441     0.0190    224.975    220.521    34.9598    34.9560    27.7690    27.7659    1494.12    1494.12         25 0.0000e+00
      80182  70.097252   1667.000   1651.151     3.9938     3.9948   3.324322   3.324065     1.7362     2.0086   -0.00058   -0.00095    90.2565     0.0446     0.0160    224.880    220.488    34.9596    34.9555    27.7688    27.7655    1494.10    1494.10         23 0.0000e+00
      80207  70.097267   1666.000   1650.159     3.9951     3.9952   3.324358   3.324032     1.7355     2.0085   -0.00042   -0.00041    90.2653     0.0471     0.0148    224.728    220.433    34.9591    34.9552    27.7683    27.7652    1494.09    1494.09         27 0.0000e+00
      80236  70.097282   1665.000   1649.175     3.9961     3.9961   3.324380   3.324074     1.7352     2.0080   -0.00043   -0.00008    90.2563     0.0503     0.0151    224.641    220.327    34.9589    34.9553    27.7680    27.7652    1494.08    1494.07         30 0.0000e+00
      80262  70.097298   1664.000   1648.200     3.9971     3.9977   3.324414   3.324143     1.7351     2.0068   -0.00048   -0.00022    90.2654     0.0457     0.0144    224.576    220.119    34.9587    34.9549    27.7678    27.7647    1494.07    1494.06         22 0.0000e+00
      80282  70.097305   1663.000   1647.206     3.9976     3.9977   3.324401   3.324095     1.7346     2.0066   -0.00039   -0.00009    90.2754     0.0467     0.0144    224.457    220.063    34.9586    34.9548    27.7676    27.7646    1494.05    1494.05         19 0.0000e+00
      80301  70.097313   1662.000   1646.213     3.9982     3.9978   3.324402   3.324053     1.7343     2.0059   -0.00019   -0.00068    90.2640     0.0436     0.0146    224.366    219.928    34.9584    34.9547    27.7674    27.7645    1494.04    1494.03         19 0.0000e+00
      80322  70.097321   1661.000   1645.224     3.9983     3.9976   3.324365   3.323998     1.7341     2.0053   -0.00025   -0.00089    90.2751     0.0439     0.0153    224.299    219.801    34.9583    34.9547    27.7673    27.7645    1494.02    1494.01         24 0.0000e+00
      80357  70.097343   1660.000   1644.238     3.9979     3.9974   3.324296   3.323934     1.7337     2.0044   -0.00039   -0.00067    90.2662     0.0445     0.0140    224.204    219.644    34.9584    34.9547    27.7674    27.7645    1494.00    1493.99         50 0.0000e+00
      80403  70.097359   1659.000   1643.265     3.9979     3.9973   3.324255   3.323882     1.7338     2.0041   -0.00030   -0.00069    90.2670     0.0445     0.0144    224.186    219.576    34.9584    34.9547    27.7674    27.7645    1493.98    1493.98         32 0.0000e+00
      80427  70.097374   1658.000   1642.275     3.9981     3.9975   3.324210   3.323851     1.7338     2.0041   -0.00006   -0.00037    90.2633     0.0501     0.0141    224.161    219.546    34.9581    34.9546    27.7671    27.7644    1493.97    1493.96         21 0.0000e+00
      80447  70.097382   1657.000   1641.284     3.9982     3.9975   3.324175   3.323816     1.7338     2.0041   -0.00009   -0.00002    90.2666     0.0501     0.0153    224.140    219.518    34.9582    34.9547    27.7671    27.7644    1493.95    1493.94         19 0.0000e+00
      80467  70.097389   1656.000   1640.293     3.9982     3.9977   3.324136   3.323792     1.7340     2.0043    0.00018   -0.00000    90.2660     0.0440     0.0164    224.145    219.516    34.9581    34.9547    27.7671    27.7644    1493.94    1493.93         20 0.0000e+00
      80487  70.097404   1655.000   1639.309     3.9984     3.9978   3.324108   3.323761     1.7340     2.0045    0.00008   -0.00008    90.2656     0.0539     0.0177    224.116    219.520    34.9581    34.9546    27.7670    27.7644    1493.92    1493.91         21 0.0000e+00
