data-processing/CTD/data/cnv/ures004.cnv
* Sea-Bird SBE 9 Data File:
* FileName = C:\SEASOFT\PIRATA-FR32\data\fr32004.hex
* Software Version Seasave V 7.26.7.107
* Temperature SN = 6083
* Conductivity SN = 4509
* Number of Bytes Per Scan = 42
* Number of Voltage Words = 3
* Number of Scans Averaged by the Deck Unit = 1
* NMEA Latitude = 08 00.05 N
* NMEA Longitude = 018 51.14 W
* NMEA UTC (Time) = Mar 05 2022 04:57:11
** Cruise: PIRATA-FR32
** Ship: THALASSA
** Station: 004
** Bottom Depth: 4318
** Barometric pressure : 1007
** Temp Air: 25.1
** Operator: AMGE
** Comments:
# nquan = 25
# nvalues = 501                         
# units = specified
# name 0 = scan: Scan Count
# name 1 = timeJ: Julian Days
# name 2 = prDM: Pressure, Digiquartz [db]
# name 3 = depSM: Depth [salt water, m]
# name 4 = t090C: Temperature [ITS-90, deg C]
# name 5 = t190C: Temperature, 2 [ITS-90, deg C]
# name 6 = c0S/m: Conductivity [S/m]
# name 7 = c1S/m: Conductivity, 2 [S/m]
# name 8 = sbeox0V: Oxygen raw, SBE 43 [V]
# name 9 = sbeox1V: Oxygen raw, SBE 43, 2 [V]
# name 10 = sbox0dV/dT: Oxygen, SBE 43 [dov/dt]
# name 11 = sbox1dV/dT: Oxygen, SBE 43, 2 [dov/dt]
# name 12 = CStarTr0: Beam Transmission, WET Labs C-Star [%]
# name 13 = flECO-AFL: Fluorescence, WET Labs ECO-AFL/FL [mg/m^3]
# name 14 = flC: Fluorescence, Chelsea Aqua 3 Chl Con [ug/l]
# name 15 = sbox0Mm/Kg: Oxygen, SBE 43 [umol/kg], WS = 2
# name 16 = sbox1Mm/Kg: Oxygen, SBE 43, 2 [umol/kg], WS = 2
# name 17 = sal00: Salinity, Practical [PSU]
# name 18 = sal11: Salinity, Practical, 2 [PSU]
# name 19 = sigma-é00: Density [sigma-theta, kg/m^3]
# name 20 = sigma-é11: Density, 2 [sigma-theta, kg/m^3]
# name 21 = svCM: Sound Velocity [Chen-Millero, m/s]
# name 22 = svCM1: Sound Velocity, 2 [Chen-Millero, m/s]
# name 23 = nbin: number of scans per bin
# name 24 = flag: flag
# span 0 =      21265,      62684       
# span 1 =  64.216632,  64.236607       
# span 2 =      2.000,    502.000       
# span 3 =      1.992,    498.589       
# span 4 =     8.4710,    25.8793       
# span 5 =     8.4698,    25.8808       
# span 6 =   3.676221,   5.506075       
# span 7 =   3.675846,   5.506189       
# span 8 =     0.7998,     2.6076       
# span 9 =     0.8854,     3.0175       
# span 10 =   -0.02586,    0.06103      
# span 11 =   -0.02838,    0.07712      
# span 12 =    86.7798,    89.9236      
# span 13 =     0.0455,     1.0953      
# span 14 =     0.0281,     0.4238      
# span 15 =     39.286,    195.852      
# span 16 =     38.231,    189.449      
# span 17 =    34.8799,    35.9525      
# span 18 =    34.8771,    35.9678      
# span 19 =    23.6576,    27.1167      
# span 20 =    23.6542,    27.1147      
# span 21 =    1492.32,    1537.70      
# span 22 =    1492.32,    1537.73      
# span 23 =         14,        165      
# span 24 = 0.0000e+00, 0.0000e+00      
# interval = decibars: 1                
# start_time = Mar 05 2022 04:57:11 [System UTC, first data scan.]
# bad_flag = -9.990e-29
*END*
[from data line 348]
      39264  64.225311    154.000    153.074    14.4236    14.4330   4.294639   4.295444     1.3063     1.5009   -0.01814   -0.01775    89.8040     0.0483     0.0342     93.872     92.365    35.4861    35.4849    26.4774    26.4744    1507.96    1507.99         30 0.0000e+00
      39298  64.225327    153.000    152.086    14.4154    14.4187   4.293709   4.293524     1.3041     1.4913   -0.01791   -0.01732    89.7981     0.0697     0.0340     93.615     91.475    35.4854    35.4807    26.4786    26.4742    1507.92    1507.92         39 0.0000e+00
      39338  64.225349    152.000    151.097    14.4271    14.4173   4.295041   4.293704     1.3048     1.4878   -0.00509   -0.01151    89.8203     0.0613     0.0341     93.659     91.129    35.4875    35.4841    26.4777    26.4772    1507.94    1507.90         37 0.0000e+00
      39372  64.225365    151.000    150.102    14.4877    14.4599   4.301897   4.298493     1.2969     1.4771    0.00115   -0.00288    89.8067     0.0562     0.0355     92.608     90.023    35.4956    35.4897    26.4709    26.4723    1508.13    1508.03         31 0.0000e+00
      39402  64.225380    150.000    149.109    14.5306    14.5411   4.306617   4.307780     1.2853     1.4648   -0.00124   -0.00256    89.8206     0.0639     0.0355     91.163     88.685    35.5004    35.5015    26.4653    26.4638    1508.25    1508.29         29 0.0000e+00
      39428  64.225388    149.000    148.115    14.5495    14.5677   4.308724   4.310549     1.2787     1.4567   -0.00585   -0.00800    89.8276     0.0642     0.0355     90.349     87.863    35.5029    35.5031    26.4631    26.4593    1508.30    1508.36         24 0.0000e+00
      39450  64.225403    148.000    147.121    14.5708    14.5949   4.311105   4.313702     1.2772     1.4544   -0.00860   -0.00991    89.8160     0.0553     0.0359     90.130     87.580    35.5058    35.5077    26.4607    26.4569    1508.35    1508.43         21 0.0000e+00
      39470  64.225410    147.000    146.122    14.5966    14.6152   4.314072   4.315904     1.2765     1.4536   -0.00861   -0.00915    89.8235     0.0626     0.0357     89.981     87.460    35.5099    35.5099    26.4583    26.4542    1508.42    1508.48         20 0.0000e+00
      39491  64.225418    146.000    145.128    14.6207    14.6574   4.316696   4.320692     1.2756     1.4527   -0.00498   -0.00650    89.8132     0.0621     0.0366     89.818     87.285    35.5125    35.5157    26.4550    26.4495    1508.49    1508.61         23 0.0000e+00
      39520  64.225433    145.000    144.134    14.6278    14.6609   4.317401   4.320574     1.2755     1.4516   -0.00150   -0.00186    89.8088     0.0734     0.0380     89.784     87.166    35.5129    35.5119    26.4537    26.4458    1508.49    1508.60         36 0.0000e+00
      39563  64.225456    144.000    143.146    14.6073    14.6087   4.315126   4.314830     1.2757     1.4512   -0.00054   -0.00110    89.8009     0.0862     0.0391     89.834     87.213    35.5111    35.5071    26.4568    26.4534    1508.41    1508.41         46 0.0000e+00
      39601  64.225471    143.000    142.155    14.6651    14.6738   4.321655   4.322614     1.2841     1.4565    0.00006   -0.00064    89.8031     0.0904     0.0406     90.683     87.577    35.5188    35.5197    26.4501    26.4489    1508.59    1508.62         29 0.0000e+00
      39626  64.225487    142.000    141.162    14.6918    14.7054   4.324365   4.325618     1.2934     1.4650    0.00012    0.00041    89.7959     0.0876     0.0414     91.708     88.310    35.5197    35.5188    26.4451    26.4413    1508.66    1508.70         22 0.0000e+00
      39647  64.225494    141.000    140.164    14.7265    14.7541   4.328434   4.331388     1.2930     1.4714    0.00376    0.00276    89.7991     0.0786     0.0414     91.582     88.816    35.5258    35.5278    26.4421    26.4376    1508.76    1508.85         21 0.0000e+00
      39669  64.225510    140.000    139.164    14.7629    14.7885   4.332305   4.334933     1.2896     1.4727    0.00880    0.00562    89.7861     0.0717     0.0404     91.101     88.861    35.5285    35.5293    26.4363    26.4312    1508.86    1508.94         23 0.0000e+00
      39694  64.225517    139.000    138.174    14.7832    14.7974   4.334492   4.335735     1.2900     1.4692    0.00556    0.00795    89.7661     0.0776     0.0402     91.095     88.504    35.5305    35.5290    26.4333    26.4291    1508.91    1508.95         27 0.0000e+00
      39723  64.225533    138.000    137.179    14.7788    14.7873   4.334070   4.334500     1.2923     1.4697   -0.00250    0.00341    89.7815     0.0932     0.0431     91.365     88.561    35.5310    35.5273    26.4347    26.4299    1508.88    1508.90         32 0.0000e+00
      39757  64.225548    137.000    136.187    14.7866    14.7821   4.334853   4.334026     1.2955     1.4763    0.00030   -0.00250    89.7881     0.1137     0.0454     91.704     89.177    35.5315    35.5281    26.4333    26.4316    1508.89    1508.87         36 0.0000e+00
      39797  64.225571    136.000    135.195    14.7892    14.7739   4.334995   4.333176     1.3004     1.4873    0.00213    0.00288    89.7905     0.1163     0.0468     92.256     90.215    35.5308    35.5281    26.4322    26.4334    1508.88    1508.83         42 0.0000e+00
      39833  64.225586    135.000    134.210    14.8476    14.8314   4.341639   4.339869     1.3141     1.5027    0.00283    0.00627    89.7924     0.1106     0.0464     93.709     91.543    35.5389    35.5375    26.4256    26.4280    1509.06    1509.00         29 0.0000e+00
      39857  64.225601    134.000    133.211    14.8939    14.8907   4.346754   4.346035     1.3203     1.5070    0.00277    0.00675    89.7647     0.1016     0.0453     94.319     91.825    35.5439    35.5403    26.4193    26.4172    1509.19    1509.18         21 0.0000e+00
      39876  64.225609    133.000    132.217    14.9098    14.9133   4.348387   4.348835     1.3146     1.5017    0.00625    0.00862    89.7899     0.0941     0.0458     93.623     91.272    35.5448    35.5457    26.4165    26.4164    1509.23    1509.24         18 0.0000e+00
      39894  64.225616    132.000    131.215    14.9439    14.9899   4.352515   4.357534     1.3028     1.4930    0.01088    0.01084    89.7875     0.0953     0.0458     92.187     90.298    35.5519    35.5559    26.4144    26.4074    1509.33    1509.48         18 0.0000e+00
      39914  64.225624    131.000    130.215    14.9969    15.0325   4.358249   4.362021     1.2917     1.4808    0.00662    0.00521    89.7671     0.1004     0.0477     90.795     89.069    35.5565    35.5585    26.4062    26.3999    1509.48    1509.60         23 0.0000e+00
      39945  64.225639    130.000    129.229    14.9848    14.9839   4.356753   4.356058     1.2870     1.4698   -0.00905   -0.00770    89.7730     0.1048     0.0478     90.267     88.121    35.5542    35.5487    26.4071    26.4030    1509.43    1509.42         41 0.0000e+00
      39989  64.225662    129.000    128.246    14.9819    14.9593   4.356420   4.353802     1.2886     1.4649   -0.00933   -0.01226    89.7774     0.1186     0.0462     90.444     87.690    35.5542    35.5509    26.4077    26.4101    1509.40    1509.33         39 0.0000e+00
      40020  64.225677    128.000    127.240    15.0301    15.0436   4.362082   4.363281     1.2797     1.4602    0.00054   -0.00489    89.7633     0.1011     0.0456     89.319     87.089    35.5625    35.5612    26.4035    26.3995    1509.55    1509.59         26 0.0000e+00
      40044  64.225685    127.000    126.258    15.0926    15.1105   4.368978   4.371191     1.2723     1.4503    0.00142   -0.00172    89.7755     0.1093     0.0488     88.351     86.035    35.5689    35.5728    26.3946    26.3936    1509.73    1509.79         22 0.0000e+00
      40066  64.225700    126.000    125.255    15.1576    15.1800   4.376157   4.378261     1.2701     1.4428   -0.00415   -0.00207    89.7675     0.1172     0.0523     87.965     85.200    35.5756    35.5744    26.3852    26.3794    1509.93    1510.00         23 0.0000e+00
      40092  64.225708    125.000    124.259    15.1799    15.1903   4.378522   4.379222     1.2714     1.4407   -0.00810   -0.00759    89.7719     0.1190     0.0546     88.068     84.977    35.5773    35.5742    26.3816    26.3769    1509.98    1510.01         29 0.0000e+00
      40121  64.225723    124.000    123.265    15.1814    15.1651   4.378594   4.376353     1.2715     1.4438   -0.00372   -0.00851    89.7596     0.1185     0.0543     88.064     85.304    35.5770    35.5714    26.3810    26.3803    1509.97    1509.91         30 0.0000e+00
      40154  64.225739    123.000    122.274    15.1774    15.1706   4.378161   4.376886     1.2718     1.4484    0.00070   -0.00160    89.7659     0.1412     0.0570     88.095     85.704    35.5771    35.5716    26.3819    26.3792    1509.94    1509.92         37 0.0000e+00
      40195  64.225761    122.000    121.282    15.1787    15.1486   4.378174   4.374454     1.2725     1.4526    0.00004    0.00315    89.7566     0.1538     0.0587     88.157     86.130    35.5764    35.5699    26.3811    26.3827    1509.93    1509.83         43 0.0000e+00
      40234  64.225777    121.000    120.293    15.1975    15.2007   4.380267   4.380391     1.2811     1.4585    0.00014    0.00294    89.7556     0.1663     0.0580     89.094     86.570    35.5788    35.5771    26.3787    26.3767    1509.98    1509.98         32 0.0000e+00
      40260  64.225792    120.000    119.304    15.2231    15.2235   4.382934   4.382637     1.2902     1.4662    0.00088    0.00207    89.7549     0.1266     0.0594     90.079     87.241    35.5802    35.5771    26.3741    26.3716    1510.04    1510.04         22 0.0000e+00
      40279  64.225800    119.000    118.304    15.2317    15.2577   4.383832   4.386679     1.2985     1.4728    0.00423    0.00274    89.7406     0.1320     0.0619     90.991     87.772    35.5810    35.5832    26.3727    26.3686    1510.05    1510.14         17 0.0000e+00
      40295  64.225807    118.000    117.304    15.2587    15.2890   4.386825   4.389817     1.3050     1.4791    0.00707    0.00479    89.7333     0.1312     0.0638     91.668     88.295    35.5841    35.5837    26.3691    26.3620    1510.12    1510.22         16 0.0000e+00
      40313  64.225815    117.000    116.307    15.2833    15.2998   4.389445   4.390875     1.3098     1.4853    0.00812    0.00668    89.7407     0.1322     0.0644     92.157     88.844    35.5860    35.5840    26.3650    26.3598    1510.19    1510.24         19 0.0000e+00
      40334  64.225830    116.000    115.307    15.2936    15.3001   4.390498   4.390749     1.3126     1.4904    0.00959    0.00789    89.7508     0.1438     0.0653     92.451     89.299    35.5866    35.5830    26.3631    26.3589    1510.20    1510.22         25 0.0000e+00
      40399  64.225861    115.000    114.328    15.2635    15.2686   4.387083   4.387249     1.3134     1.4953    0.00370    0.00558    89.7348     0.1896     0.0675     92.587     89.803    35.5833    35.5801    26.3673    26.3637    1510.09    1510.10         92 0.0000e+00
      40458  64.225891    114.000    113.334    15.2724    15.2730   4.387991   4.387704     1.3146     1.4981   -0.00003    0.00011    89.7462     0.1687     0.0670     92.695     90.041    35.5838    35.5807    26.3656    26.3631    1510.10    1510.10         30 0.0000e+00
      40485  64.225899    113.000    112.336    15.2945    15.2984   4.390522   4.390696     1.3120     1.4983    0.00068    0.00170    89.7393     0.1575     0.0653     92.349     90.001    35.5872    35.5852    26.3633    26.3609    1510.16    1510.17         28 0.0000e+00
      40516  64.225914    112.000    111.341    15.3166    15.3296   4.392894   4.393960     1.3006     1.4936    0.00040    0.00117    89.7389     0.1533     0.0656     90.991     89.504    35.5890    35.5869    26.3597    26.3552    1510.21    1510.25         34 0.0000e+00
      40552  64.225937    111.000    110.351    15.3305    15.3350   4.394301   4.394475     1.2910     1.4822   -0.00460   -0.00069    89.7386     0.1642     0.0653     89.869     88.419    35.5896    35.5871    26.3570    26.3542    1510.24    1510.25         36 0.0000e+00
      40586  64.225952    110.000    109.355    15.3519    15.3452   4.396789   4.395722     1.2865     1.4718   -0.00890   -0.00595    89.7363     0.1711     0.0700     89.298     87.433    35.5932    35.5896    26.3550    26.3537    1510.29    1510.27         32 0.0000e+00
      40638  64.225975    109.000    108.360    15.3484    15.3462   4.396237   4.395599     1.2848     1.4641   -0.00447   -0.00665    89.7192     0.1882     0.0705     89.107     86.708    35.5918    35.5880    26.3547    26.3522    1510.26    1510.25         91 0.0000e+00
      40720  64.226013    108.000    107.375    15.3528    15.3624   4.396766   4.397579     1.2849     1.4616    0.00299   -0.00026    89.7000     0.2078     0.0713     89.098     86.436    35.5930    35.5916    26.3546    26.3514    1510.26    1510.29         41 0.0000e+00
      40751  64.226028    107.000    106.372    15.3925    15.3957   4.401111   4.401130     1.2784     1.4563    0.00097    0.00075    89.7113     0.1694     0.0724     88.278     85.872    35.5968    35.5941    26.3485    26.3458    1510.37    1510.38         35 0.0000e+00
      40804  64.226051    106.000    105.377    15.3942    15.4056   4.401120   4.401964     1.2738     1.4498   -0.00364   -0.00315    89.6989     0.2326     0.0749     87.741     85.247    35.5957    35.5930    26.3473    26.3427    1510.36    1510.39         75 0.0000e+00
      40884  64.226089    105.000    104.388    15.3816    15.3755   4.399788   4.398651     1.2772     1.4476    0.00005   -0.00137    89.7017     0.2629     0.0751     88.142     85.079    35.5954    35.5906    26.3499    26.3476    1510.31    1510.28         68 0.0000e+00
      40931  64.226112    104.000    103.398    15.4410    15.4357   4.406518   4.405767     1.2778     1.4521    0.00195   -0.00074    89.7069     0.2255     0.0833     88.091     85.378    35.6029    35.6010    26.3423    26.3420    1510.48    1510.46         34 0.0000e+00
      40960  64.226128    103.000    102.396    15.4843    15.4920   4.411040   4.411752     1.2862     1.4588    0.00037    0.00164    89.6947     0.2148     0.0916     88.946     85.888    35.6051    35.6045    26.3342    26.3320    1510.60    1510.63         27 0.0000e+00
      40995  64.226143    102.000    101.395    15.5082    15.5148   4.413646   4.413944     1.2963     1.4705    0.00169    0.00315    89.6824     0.2160     0.0850     90.032     86.919    35.6074    35.6041    26.3306    26.3266    1510.66    1510.68         40 0.0000e+00
      41145  64.226219    101.000    100.417    15.5235    15.5270   4.415217   4.415340     1.3050     1.4822   -0.00020    0.00012    89.6975     0.2204     0.0847     90.987     87.968    35.6082    35.6061    26.3277    26.3253    1510.70    1510.70         27 0.0000e+00
      41156  64.226227    100.000     99.411    15.5272    15.5333   4.415667   4.415998     1.3042     1.4820    0.00006   -0.00022    89.6729     0.2027     0.0852     90.869     87.923    35.6093    35.6068    26.3276    26.3243    1510.69    1510.71         21 0.0000e+00
      41186  64.226242     99.000     98.412    15.5393    15.5644   4.416827   4.419333     1.2991     1.4806    0.00111    0.00137    89.6620     0.2352     0.0851     90.266     87.731    35.6092    35.6092    26.3248    26.3192    1510.71    1510.79         37 0.0000e+00
      42364  64.226807     98.000     97.444    15.7071    15.7055   4.435808   4.435535     1.2821     1.4579   -0.00010   -0.00241    89.6387     0.2463     0.0962     88.026     85.382    35.6291    35.6280    26.3022    26.3017    1511.24    1511.23         26 0.0000e+00
