data-processing/CTD/data/cnv/ures018.cnv
* Sea-Bird SBE 9 Data File:
* FileName = C:\SEASOFT\PIRATA-FR32\data\fr32018.hex
* Software Version Seasave V 7.26.7.107
* Temperature SN = 6083
* Conductivity SN = 4509
* Number of Bytes Per Scan = 42
* Number of Voltage Words = 3
* Number of Scans Averaged by the Deck Unit = 1
* NMEA Latitude = 05 00.02 S
* NMEA Longitude = 010 00.06 W
* NMEA UTC (Time) = Mar 10 2022 09:06:28
** Cruise: PIRATA-FR32
** Ship: THALASSA
** Station: 018
** Bottom Depth: 3283
** Barometric pressure : 1008.9
** Temp Air: 23.7
** Operator: LWMH
** Comments:
# nquan = 25
# nvalues = 504                         
# units = specified
# name 0 = scan: Scan Count
# name 1 = timeJ: Julian Days
# name 2 = prDM: Pressure, Digiquartz [db]
# name 3 = depSM: Depth [salt water, m]
# name 4 = t090C: Temperature [ITS-90, deg C]
# name 5 = t190C: Temperature, 2 [ITS-90, deg C]
# name 6 = c0S/m: Conductivity [S/m]
# name 7 = c1S/m: Conductivity, 2 [S/m]
# name 8 = sbeox0V: Oxygen raw, SBE 43 [V]
# name 9 = sbeox1V: Oxygen raw, SBE 43, 2 [V]
# name 10 = sbox0dV/dT: Oxygen, SBE 43 [dov/dt]
# name 11 = sbox1dV/dT: Oxygen, SBE 43, 2 [dov/dt]
# name 12 = CStarTr0: Beam Transmission, WET Labs C-Star [%]
# name 13 = flECO-AFL: Fluorescence, WET Labs ECO-AFL/FL [mg/m^3]
# name 14 = flC: Fluorescence, Chelsea Aqua 3 Chl Con [ug/l]
# name 15 = sbox0Mm/Kg: Oxygen, SBE 43 [umol/kg], WS = 2
# name 16 = sbox1Mm/Kg: Oxygen, SBE 43, 2 [umol/kg], WS = 2
# name 17 = sal00: Salinity, Practical [PSU]
# name 18 = sal11: Salinity, Practical, 2 [PSU]
# name 19 = sigma-é00: Density [sigma-theta, kg/m^3]
# name 20 = sigma-é11: Density, 2 [sigma-theta, kg/m^3]
# name 21 = svCM: Sound Velocity [Chen-Millero, m/s]
# name 22 = svCM1: Sound Velocity, 2 [Chen-Millero, m/s]
# name 23 = nbin: number of scans per bin
# name 24 = flag: flag
# span 0 =      18246,      49671       
# span 1 =  69.388301,  69.403456       
# span 2 =      2.000,    505.000       
# span 3 =      1.980,    501.588       
# span 4 =     7.9569,    28.2964       
# span 5 =     7.9538,    28.2970       
# span 6 =   3.612905,   5.800903       
# span 7 =   3.612352,   5.800357       
# span 8 =     1.0414,     2.7007       
# span 9 =     1.1770,     3.1333       
# span 10 =   -0.05258,    0.07606      
# span 11 =   -0.02707,    0.07636      
# span 12 =    83.0397,    89.9681      
# span 13 =     0.0441,     0.9695      
# span 14 =     0.0281,     0.2506      
# span 15 =     72.381,    203.702      
# span 16 =     70.727,    197.462      
# span 17 =    34.7111,    36.1233      
# span 18 =    34.7083,    36.1244      
# span 19 =    23.0554,    27.0611      
# span 20 =    23.0443,    27.0594      
# span 21 =    1490.26,    1543.47      
# span 22 =    1490.25,    1543.50      
# span 23 =         10,         97      
# span 24 = 0.0000e+00, 0.0000e+00      
# interval = decibars: 1                
# start_time = Mar 10 2022 09:06:29 [System UTC, first data scan.]
# bad_flag = -9.990e-29
*END*
[from data line 406]
      37607  69.397636     99.000     98.421    14.4359    14.4527   4.293070   4.295027     1.3379     1.5357    0.00246    0.00486    89.6573     0.2700     0.0910     96.856     94.973    35.4830    35.4858    26.4707    26.4692    1507.08    1507.14         29 0.0000e+00
      37719  69.397690     98.000     97.433    14.4971    14.5032   4.299755   4.300206     1.3223     1.5115   -0.00593   -0.00325    89.6649     0.3125     0.0931     94.985     92.589    35.4892    35.4878    26.4622    26.4598    1507.27    1507.29         79 0.0000e+00
      38255  69.397949     97.000     96.434    14.5998    14.6008   4.311110   4.310825     1.3157     1.5004    0.00071    0.00001    89.6352     0.3374     0.0984     93.939     91.352    35.5004    35.4969    26.4486    26.4457    1507.60    1507.59         89 0.0000e+00
      38521  69.398079     96.000     95.439    14.6119    14.6128   4.312452   4.312198     1.3156     1.5037   -0.00041    0.00048    89.6432     0.3381     0.1001     93.888     91.579    35.5021    35.4989    26.4473    26.4446    1507.62    1507.62         55 0.0000e+00
      39048  69.398331     95.000     94.446    14.6300    14.6285   4.314426   4.313809     1.3142     1.5014   -0.00082   -0.00125    89.5713     0.3279     0.0999     93.683     91.364    35.5041    35.4998    26.4449    26.4418    1507.66    1507.65         46 0.0000e+00
      39648  69.398621     94.000     93.460    14.7079    14.7112   4.323033   4.323454     1.3120     1.4978    0.00013    0.00034    89.6271     0.3626     0.1066     93.268     90.849    35.5125    35.5133    26.4343    26.4342    1507.90    1507.92         42 0.0000e+00
      39673  69.398636     93.000     92.465    14.7468    14.7926   4.328536   4.332793     1.3120     1.4982   -0.00284   -0.00201    89.6018     0.3302     0.1100     93.168     90.716    35.5279    35.5252    26.4377    26.4257    1508.03    1508.17         24 0.0000e+00
      39705  69.398651     92.000     91.464    14.9578    14.9020   4.351106   4.344735     1.3197     1.5095   -0.00207   -0.00241    89.5985     0.3534     0.1110     93.635     91.560    35.5428    35.5353    26.4029    26.4094    1508.70    1508.51         44 0.0000e+00
      39759  69.398674     91.000     90.483    14.9718    14.9339   4.352794   4.348890     1.3241     1.5206    0.00644    0.00844    89.5753     0.4629     0.1143     94.093     92.517    35.5459    35.5447    26.4022    26.4096    1508.73    1508.61         49 0.0000e+00
      39791  69.398689     90.000     89.490    15.1117    15.1365   4.368367   4.371493     1.3290     1.5240    0.00134    0.00552    89.5561     0.4060     0.1178     94.371     92.433    35.5610    35.5670    26.3830    26.3821    1509.17    1509.26         23 0.0000e+00
      39811  69.398705     89.000     88.493    15.2044    15.2295   4.378152   4.380901     1.3295     1.5249    0.00116    0.00391    89.5428     0.3833     0.1196     94.231     92.331    35.5663    35.5686    26.3664    26.3626    1509.45    1509.53         18 0.0000e+00
      39828  69.398712     88.000     87.492    15.2811    15.2618   4.386796   4.384494     1.3285     1.5226    0.00323    0.00320    89.5317     0.3470     0.1229     93.962     92.048    35.5756    35.5723    26.3565    26.3582    1509.69    1509.62         17 0.0000e+00
      39846  69.398720     87.000     86.495    15.3477    15.3162   4.393910   4.390639     1.3253     1.5171    0.00364    0.00274    89.4969     0.3444     0.1258     93.464     91.425    35.5802    35.5792    26.3451    26.3514    1509.88    1509.78         20 0.0000e+00
      39872  69.398727     86.000     85.497    15.3352    15.3285   4.392497   4.391324     1.3230     1.5122    0.00075    0.00027    89.4893     0.4034     0.1306     93.211     90.935    35.5791    35.5746    26.3470    26.3451    1509.83    1509.80         37 0.0000e+00
      39950  69.398766     85.000     84.514    15.3515    15.3879   4.394228   4.398220     1.3244     1.5114   -0.00162   -0.00381    89.4531     0.5120     0.1331     93.326     90.744    35.5805    35.5836    26.3444    26.3386    1509.86    1509.98         94 0.0000e+00
      40026  69.398804     84.000     83.519    15.5363    15.5195   4.414835   4.412773     1.3291     1.5181    0.00106    0.00143    89.4541     0.5343     0.1379     93.486     91.104    35.6000    35.5965    26.3179    26.3190    1510.45    1510.39         68 0.0000e+00
      40074  69.398827     83.000     82.531    15.6917    15.6974   4.431959   4.432405     1.3392     1.5297    0.00102    0.00212    89.4509     0.5091     0.1370     94.319     91.823    35.6143    35.6133    26.2937    26.2917    1510.93    1510.94         31 0.0000e+00
      40100  69.398842     82.000     81.531    15.7001    15.7035   4.432708   4.432993     1.3447     1.5361    0.00403    0.00495    89.4299     0.4390     0.1361     94.910     92.392    35.6139    35.6134    26.2915    26.2903    1510.94    1510.95         23 0.0000e+00
      40121  69.398849     81.000     80.536    15.8041    15.7453   4.445238   4.437912     1.3517     1.5435    0.00572    0.00590    89.4242     0.4123     0.1381     95.474     92.976    35.6330    35.6203    26.2825    26.2861    1511.26    1511.07         22 0.0000e+00
      40147  69.398865     80.000     79.534    15.9309    15.9298   4.459227   4.458996     1.3616     1.5550    0.00524    0.00613    89.4011     0.4199     0.1400     96.331     93.661    35.6447    35.6436    26.2625    26.2619    1511.65    1511.65         34 0.0000e+00
      41209  69.399376     79.000     78.542    15.9178    15.9455   4.457489   4.460574     1.3749     1.5698    0.00248    0.00186    89.3927     0.4576     0.1479     97.824     94.970    35.6413    35.6440    26.2628    26.2586    1511.59    1511.68         37 0.0000e+00
      41607  69.399567     78.000     77.550    15.9485    15.9319   4.460926   4.458195     1.3770     1.5743    0.00279    0.00182    89.4160     0.4866     0.1443     97.994     95.399    35.6448    35.6354    26.2585    26.2550    1511.67    1511.61         52 0.0000e+00
      41708  69.399612     77.000     76.565    15.9312    15.9802   4.458920   4.465098     1.3806     1.5757   -0.00044    0.00129    89.4403     0.5753     0.1453     98.417     95.415    35.6428    35.6540    26.2609    26.2582    1511.60    1511.76         46 0.0000e+00
      41744  69.399635     76.000     75.565    16.0337    16.1531   4.470890   4.484385     1.3990     1.5850   -0.00034   -0.00006    89.3919     0.5129     0.1552    100.245     95.917    35.6581    35.6712    26.2490    26.2315    1511.92    1512.30         36 0.0000e+00
      41780  69.399651     75.000     74.575    16.2856    16.5601   4.500704   4.532273     1.4307     1.6130    0.00799    0.00269    89.3799     0.4990     0.1560    103.234     97.635    35.6978    35.7317    26.2212    26.1831    1512.72    1513.59         33 0.0000e+00
      41808  69.399666     74.000     73.581    16.8945    16.8546   4.569189   4.567410     1.4648     1.6613    0.01383    0.00821    89.3456     0.5470     0.1604    105.712    101.364    35.7589    35.7787    26.1250    26.1496    1514.61    1514.51         23 0.0000e+00
      41829  69.399673     73.000     72.587    17.4653    17.3830   4.632414   4.627855     1.4975     1.7054    0.02077    0.01638    89.3070     0.5137     0.1633    108.073    104.207    35.8043    35.8375    26.0225    26.0679    1516.35    1516.14         21 0.0000e+00
      41849  69.399681     72.000     71.588    17.5551    17.6450   4.641181   4.653214     1.5233     1.7390    0.02453    0.02919    89.2678     0.5073     0.1694    110.667    106.658    35.8012    35.8259    25.9983    25.9953    1516.59    1516.89         20 0.0000e+00
      41871  69.399696     71.000     70.586    17.7446    17.8197   4.663174   4.672070     1.5412     1.7658    0.03157    0.04429    89.2441     0.5350     0.1761    112.170    108.641    35.8245    35.8350    25.9697    25.9593    1517.16    1517.39         25 0.0000e+00
      41902  69.399712     70.000     69.598    17.8377    17.7470   4.673255   4.663054     1.5508     1.7856    0.03266    0.04353    89.2348     0.6474     0.1845    112.986    110.525    35.8297    35.8217    25.9508    25.9670    1517.42    1517.15         37 0.0000e+00
      41943  69.399727     69.000     68.609    17.8580    17.7556   4.675192   4.664212     1.5591     1.7987    0.01446    0.02378    89.2088     0.8211     0.1912    113.827    111.644    35.8288    35.8245    25.9451    25.9670    1517.46    1517.16         41 0.0000e+00
      41977  69.399742     68.000     67.618    17.9531    17.9097   4.685061   4.683082     1.5754     1.8137    0.00437    0.00909    89.1735     0.7799     0.2088    115.354    112.602    35.8304    35.8516    25.9228    25.9498    1517.73    1517.62         27 0.0000e+00
      42002  69.399757     67.000     66.615    18.1782    18.2387   4.709776   4.717557     1.6035     1.8348    0.00511    0.00726    89.0951     0.7177     0.2269    117.850    113.742    35.8449    35.8583    25.8779    25.8731    1518.38    1518.57         26 0.0000e+00
      42034  69.399773     66.000     65.623    18.4955    18.6037   4.742017   4.753693     1.6447     1.8794    0.01313    0.01124    88.9376     0.7630     0.2343    121.518    116.836    35.8425    35.8472    25.7964    25.7728    1519.28    1519.59         38 0.0000e+00
      42070  69.399788     65.000     64.638    18.6791    18.7720   4.760666   4.769354     1.6758     1.9216    0.02916    0.02505    88.9468     0.8666     0.2372    124.391    120.125    35.8410    35.8337    25.7490    25.7197    1519.79    1520.04         30 0.0000e+00
      42094  69.399803     64.000     63.640    18.8507    18.8317   4.778193   4.777160     1.6921     1.9415    0.03166    0.03499    88.8728     0.8522     0.2432    125.710    121.679    35.8403    35.8480    25.7047    25.7154    1520.26    1520.21         20 0.0000e+00
      42112  69.399811     63.000     62.648    18.8416    18.9266   4.776929   4.786826     1.7173     1.9591    0.02542    0.03147    88.7913     0.7374     0.2468    128.375    122.971    35.8379    35.8475    25.7051    25.6908    1520.21    1520.47         18 0.0000e+00
      42130  69.399818     62.000     61.638    18.9503    19.1640   4.788591   4.811537     1.7524     1.9793    0.01698    0.02482    88.8113     0.7434     0.2488    131.797    124.161    35.8421    35.8497    25.6806    25.6315    1520.51    1521.12         19 0.0000e+00
      42158  69.399834     61.000     60.645    19.0552    19.2247   4.798477   4.815341     1.7694     2.0018    0.02360    0.02250    88.8300     0.7327     0.2379    133.312    125.953    35.8347    35.8294    25.6479    25.6002    1520.78    1521.26         45 0.0000e+00
      43058  69.400269     60.000     59.658    19.6909    19.7028   4.864119   4.865360     1.9125     2.2058    0.00015   -0.00235    88.6437     0.7017     0.2154    146.590    142.098    35.8346    35.8347    25.4826    25.4794    1522.55    1522.58         55 0.0000e+00
      43687  69.400566     59.000     58.663    19.9575    19.9735   4.893142   4.895686     2.0204     2.3064   -0.00243    0.00048    88.4341     0.6930     0.2129    157.061    149.933    35.8469    35.8541    25.4221    25.4233    1523.29    1523.34         24 0.0000e+00
      43662  69.400558     58.000     57.657    20.2438    20.4811   4.924239   4.951799     2.0913     2.3483    0.01132    0.00532    88.4472     0.6751     0.2106    163.508    152.062    35.8584    35.8819    25.3546    25.3090    1524.07    1524.75         24 0.0000e+00
      43724  69.400589     57.000     56.685    20.3346    20.5808   4.932931   4.959934     2.1299     2.3778    0.02161    0.01081    88.4261     0.7161     0.2101    167.198    154.263    35.8526    35.8638    25.3258    25.2678    1524.30    1524.98         39 0.0000e+00
      43775  69.400612     56.000     55.678    20.5628    20.9559   4.961623   5.009307     2.1719     2.4195   -0.02369   -0.01712    88.4214     0.7368     0.2120    170.750    156.623    35.8933    35.9475    25.2955    25.2301    1524.95    1526.07         19 0.0000e+00
      43796  69.400620     55.000     54.675    20.8578    21.2333   4.991910   5.031226     2.2069     2.4799   -0.02521   -0.01077    88.3615     0.7216     0.2209    173.408    160.908    35.8900    35.8907    25.2132    25.1110    1525.73    1526.74         27 0.0000e+00
      43870  69.400658     54.000     53.694    20.7268    20.7754   4.974822   4.979268     2.2027     2.5103    0.01056    0.02693    88.3171     0.8010     0.2249    173.396    164.707    35.8624    35.8576    25.2275    25.2108    1525.33    1525.45         42 0.0000e+00
      43912  69.400681     53.000     52.700    20.9282    21.6950   5.000471   5.089257     2.2990     2.5570   -0.00686    0.00737    88.2769     0.7630     0.2216    182.478    165.837    35.9003    35.9682    25.2015    25.0417    1525.89    1528.01         25 0.0000e+00
      43942  69.400696     52.000     51.700    21.9783    22.3001   5.115027   5.150977     2.3482     2.6581    0.02063   -0.00250    88.1622     0.7938     0.2365    184.034    172.357    35.9366    35.9532    24.9380    24.8601    1528.70    1529.56         39 0.0000e+00
      43995  69.400719     51.000     50.716    21.1956    21.1523   5.030457   5.019953     2.2803     2.6222    0.05911    0.07636    88.1497     0.9695     0.2506    179.693    172.811    35.9171    35.8697    25.1404    25.1170    1526.59    1526.43         54 0.0000e+00
      44034  69.400734     50.000     49.717    21.7432    22.4856   5.089159   5.173769     2.3874     2.6914   -0.05258   -0.02707    88.1268     0.8948     0.2483    188.656    174.451    35.9283    35.9793    24.9979    24.8273    1528.05    1530.04         33 0.0000e+00
      44065  69.400749     49.000     48.721    22.7680    23.1171   5.205794   5.252617     2.5118     2.8251    0.02388   -0.00414    87.9657     0.8245     0.2437    197.489    183.199    35.9953    36.0709    24.7570    24.7131    1530.75    1531.72         30 0.0000e+00
      44099  69.400772     48.000     47.725    24.1247    24.8973   5.356240   5.444746     2.5934     2.9479    0.07606    0.06916    87.8421     0.7214     0.2174    200.846    187.577    36.0442    36.0898    24.3960    24.1990    1534.19    1536.13         39 0.0000e+00
      44174  69.400803     47.000     46.740    24.0693    24.6169   5.349098   5.406571     2.5884     2.9593    0.03506    0.04846    87.9464     0.7469     0.2108    200.529    189.349    36.0364    36.0289    24.4078    24.2378    1534.04    1535.37         60 0.0000e+00
      44221  69.400826     46.000     45.740    24.3587    24.8000   5.382064   5.432312     2.6161     3.0026   -0.01375   -0.01752    87.9316     0.8044     0.2143    202.172    192.086    36.0528    36.0758    24.3342    24.2184    1534.76    1535.86         29 0.0000e+00
      44257  69.400848     45.000     44.744    25.0952    25.1910   5.462282   5.472387     2.6370     3.0534    0.01282    0.01818    88.0314     0.6490     0.1850    201.690    194.831    36.0636    36.0624    24.1189    24.0889    1536.54    1536.76         48 0.0000e+00
      44304  69.400864     44.000     43.758    25.1825    25.2777   5.469826   5.480086     2.6442     3.0696    0.01903    0.04384    87.9965     0.6032     0.1667    202.081    195.811    36.0504    36.0508    24.0824    24.0535    1536.71    1536.94         35 0.0000e+00
      44332  69.400879     43.000     42.754    25.2020    25.2806   5.475014   5.484669     2.6594     3.0920    0.00724    0.01617    88.0750     0.5359     0.1587    203.393    197.462    36.0736    36.0826    24.0938    24.0764    1536.77    1536.97         28 0.0000e+00
