data-processing/CTD/data/cnv/ures019.cnv
* Sea-Bird SBE 9 Data File:
* FileName = C:\SEASOFT\PIRATA-FR32\data\fr32019.hex
* Software Version Seasave V 7.26.7.107
* Temperature SN = 6083
* Conductivity SN = 4509
* Number of Bytes Per Scan = 42
* Number of Voltage Words = 3
* Number of Scans Averaged by the Deck Unit = 1
* NMEA Latitude = 05 29.90 S
* NMEA Longitude = 010 00.01 W
* NMEA UTC (Time) = Mar 10 2022 12:46:45
** Cruise: PIRATA-FR32
** Ship: THALASSA
** Station: 019
** Bottom Depth: 3384
** Barometric pressure : 1007.6
** Temp Air: 28.4
** Operator: SCP
** Comments:
# nquan = 25
# nvalues = 499                         
# units = specified
# name 0 = scan: Scan Count
# name 1 = timeJ: Julian Days
# name 2 = prDM: Pressure, Digiquartz [db]
# name 3 = depSM: Depth [salt water, m]
# name 4 = t090C: Temperature [ITS-90, deg C]
# name 5 = t190C: Temperature, 2 [ITS-90, deg C]
# name 6 = c0S/m: Conductivity [S/m]
# name 7 = c1S/m: Conductivity, 2 [S/m]
# name 8 = sbeox0V: Oxygen raw, SBE 43 [V]
# name 9 = sbeox1V: Oxygen raw, SBE 43, 2 [V]
# name 10 = sbox0dV/dT: Oxygen, SBE 43 [dov/dt]
# name 11 = sbox1dV/dT: Oxygen, SBE 43, 2 [dov/dt]
# name 12 = CStarTr0: Beam Transmission, WET Labs C-Star [%]
# name 13 = flECO-AFL: Fluorescence, WET Labs ECO-AFL/FL [mg/m^3]
# name 14 = flC: Fluorescence, Chelsea Aqua 3 Chl Con [ug/l]
# name 15 = sbox0Mm/Kg: Oxygen, SBE 43 [umol/kg], WS = 2
# name 16 = sbox1Mm/Kg: Oxygen, SBE 43, 2 [umol/kg], WS = 2
# name 17 = sal00: Salinity, Practical [PSU]
# name 18 = sal11: Salinity, Practical, 2 [PSU]
# name 19 = sigma-é00: Density [sigma-theta, kg/m^3]
# name 20 = sigma-é11: Density, 2 [sigma-theta, kg/m^3]
# name 21 = svCM: Sound Velocity [Chen-Millero, m/s]
# name 22 = svCM1: Sound Velocity, 2 [Chen-Millero, m/s]
# name 23 = nbin: number of scans per bin
# name 24 = flag: flag
# span 0 =      21357,      67827       
# span 1 =  69.542775,  69.565186       
# span 2 =      2.000,    500.000       
# span 3 =      1.970,    496.633       
# span 4 =     7.6210,    28.5402       
# span 5 =     7.6175,    28.5280       
# span 6 =   3.578470,   5.835674       
# span 7 =   3.577881,   5.833751       
# span 8 =     1.0843,     2.7084       
# span 9 =     1.2272,     3.1445       
# span 10 =   -0.01467,    0.06660      
# span 11 =   -0.02444,    0.06532      
# span 12 =    83.7790,    90.0643      
# span 13 =     0.0401,     1.4406      
# span 14 =     0.0233,     0.4060      
# span 15 =     80.436,    207.763      
# span 16 =     78.590,    198.480      
# span 17 =    34.6761,    36.1190      
# span 18 =    34.6732,    36.1286      
# span 19 =    23.0307,    27.0827      
# span 20 =    23.0317,    27.0809      
# span 21 =    1488.81,    1544.04      
# span 22 =    1488.81,    1544.03      
# span 23 =         14,        148      
# span 24 = 0.0000e+00, 0.0000e+00      
# interval = decibars: 1                
# start_time = Mar 10 2022 12:46:46 [System UTC, first data scan.]
# bad_flag = -9.990e-29
*END*
[from data line 406]
      51716  69.557419     94.000     93.457    15.7973    15.8062   4.446807   4.447189     1.4339     1.6412    0.00367    0.00289    89.6578     0.3736     0.1070    104.873    101.947    35.6481    35.6435    26.2962    26.2906    1511.48    1511.50         70 0.0000e+00
      51811  69.557465     93.000     92.465    15.9072    15.8525   4.459755   4.453479     1.4370     1.6518   -0.00179   -0.00183    89.6508     0.3909     0.1143    104.966    102.797    35.6655    35.6586    26.2843    26.2916    1511.82    1511.64         46 0.0000e+00
      51846  69.557480     92.000     91.476    16.1938    16.0732   4.491767   4.479637     1.4485     1.6690    0.00014    0.00229    89.6162     0.4018     0.1148    105.624    103.882    35.6940    35.6943    26.2403    26.2684    1512.71    1512.34         30 0.0000e+00
      51875  69.557495     91.000     90.471    16.3395    16.2352   4.509502   4.497882     1.4613     1.6836    0.00344    0.00843    89.6112     0.3636     0.1152    106.721    104.860    35.7213    35.7117    26.2274    26.2442    1513.17    1512.84         29 0.0000e+00
      51911  69.557510     90.000     89.478    16.4540    16.3803   4.521664   4.513633     1.4732     1.6960    0.00867    0.01149    89.6199     0.3740     0.1153    107.782    105.670    35.7270    35.7219    26.2050    26.2183    1513.51    1513.28         49 0.0000e+00
      52043  69.557571     89.000     88.488    16.4001    16.4132   4.515971   4.516788     1.4844     1.7040    0.00270    0.00164    89.6073     0.4922     0.1193    109.118    106.316    35.7253    35.7207    26.2163    26.2097    1513.33    1513.36         89 0.0000e+00
      52106  69.557602     88.000     87.497    16.4802    16.5152   4.525035   4.529291     1.4928     1.7115    0.00151    0.00064    89.5928     0.4107     0.1219    109.865    106.750    35.7342    35.7406    26.2043    26.2011    1513.57    1513.68         35 0.0000e+00
      52138  69.557617     87.000     86.498    16.5882    16.6779   4.537629   4.548074     1.5043     1.7229    0.00241    0.00361    89.5890     0.3869     0.1262    110.876    107.420    35.7493    35.7613    26.1906    26.1787    1513.89    1514.18         30 0.0000e+00
      52170  69.557632     86.000     85.503    16.9417    16.8514   4.578538   4.569075     1.5191     1.7444    0.00621    0.00482    89.5130     0.3923     0.1258    111.707    108.957    35.7941    35.7915    26.1412    26.1608    1514.99    1514.72         36 0.0000e+00
      52224  69.557663     85.000     84.508    17.0817    16.9189   4.593494   4.574678     1.5289     1.7690    0.01010    0.01374    89.5427     0.5104     0.1330    112.463    111.010    35.8009    35.7810    26.1130    26.1366    1515.40    1514.89         64 0.0000e+00
      52377  69.557732     84.000     83.514    17.3925    17.4990   4.629685   4.641818     1.5699     1.7991    0.00998    0.01053    89.5048     0.4444     0.1426    116.207    112.397    35.8408    35.8517    26.0687    26.0512    1516.36    1516.68         48 0.0000e+00
      52462  69.557777     83.000     82.524    17.4834    17.5101   4.640141   4.643021     1.5769     1.8095    0.00434    0.00340    89.4952     0.5598     0.1444    116.745    113.284    35.8514    35.8527    26.0547    26.0493    1516.62    1516.70        121 0.0000e+00
      52548  69.557816     82.000     81.528    17.6691    17.7282   4.661335   4.668255     1.5887     1.8239    0.00195    0.00456    89.4715     0.5148     0.1414    117.578    114.059    35.8709    35.8785    26.0243    26.0156    1517.17    1517.36         48 0.0000e+00
      52710  69.557899     81.000     80.532    17.6959    17.7336   4.664196   4.667809     1.5926     1.8300    0.00135    0.00087    89.4664     0.4878     0.1431    117.924    114.570    35.8724    35.8703    26.0189    26.0080    1517.24    1517.35         80 0.0000e+00
      54268  69.558647     80.000     79.542    17.8641    17.8978   4.683434   4.686589     1.6050     1.8423    0.00102    0.00048    89.4599     0.5458     0.1459    118.856    115.280    35.8902    35.8876    25.9911    25.9808    1517.73    1517.83         83 0.0000e+00
      55306  69.559151     79.000     78.550    17.8582    17.8475   4.682636   4.681042     1.6043     1.8430    0.00057   -0.00097    89.4680     0.5087     0.1482    118.781    115.431    35.8889    35.8846    25.9915    25.9908    1517.70    1517.66         36 0.0000e+00
      55312  69.559151     78.000     77.551    18.0337    18.0405   4.703379   4.703879     1.6150     1.8538    0.00054    0.00011    89.4326     0.5115     0.1532    119.508    115.935    35.9127    35.9110    25.9662    25.9632    1518.22    1518.24         45 0.0000e+00
      55379  69.559181     77.000     76.564    18.0658    18.1748   4.705983   4.717789     1.6259     1.8640    0.00735    0.00724    89.4124     0.6160     0.1595    120.598    116.520    35.9073    35.9126    25.9542    25.9311    1518.29    1518.61         63 0.0000e+00
      55413  69.559196     76.000     75.565    18.2955    18.3265   4.732412   4.735239     1.6337     1.8751    0.00270    0.00217    89.4153     0.5588     0.1634    120.882    117.142    35.9319    35.9288    25.9156    25.9055    1518.97    1519.05         27 0.0000e+00
      55440  69.559212     75.000     74.566    18.4468    18.4270   4.749058   4.747320     1.6421     1.8862    0.00243    0.00304    89.3987     0.5236     0.1655    121.410    117.865    35.9414    35.9440    25.8849    25.8919    1519.40    1519.34         30 0.0000e+00
      55500  69.559242     74.000     73.578    18.3713    18.3983   4.740358   4.742535     1.6432     1.8882    0.00443    0.00559    89.3818     0.6987     0.1712    121.687    118.092    35.9339    35.9288    25.8981    25.8874    1519.16    1519.23         97 0.0000e+00
      55576  69.559280     73.000     72.586    18.3581    18.4081   4.739056   4.745299     1.6501     1.8966   -0.00210   -0.00050    89.4191     0.7400     0.1888    122.439    118.776    35.9348    35.9441    25.9021    25.8966    1519.10    1519.26         35 0.0000e+00
      55603  69.559288     72.000     71.593    18.8445    18.7418   4.794109   4.783243     1.6885     1.9479   -0.00002    0.00085    89.3798     0.7357     0.2118    125.347    122.446    35.9766    35.9745    25.8108    25.8355    1520.53    1520.23         27 0.0000e+00
      55633  69.559303     71.000     70.589    19.9910    19.8545   4.913822   4.903177     1.7883     2.0454    0.00845    0.00965    89.2269     0.7853     0.2326    133.056    128.227    35.9840    36.0130    25.5181    25.5758    1523.73    1523.38         35 0.0000e+00
      55700  69.559341     70.000     69.599    19.6493    19.6476   4.875286   4.873820     1.7964     2.0718    0.03061    0.03593    89.2167     0.9635     0.2451    134.731    130.988    35.9592    35.9485    25.5891    25.5812    1522.74    1522.72        106 0.0000e+00
      55789  69.559380     69.000     68.609    19.5424    19.4971   4.863048   4.857611     1.7927     2.0836   -0.00352    0.00540    89.2217     0.9463     0.2556    134.604    132.324    35.9501    35.9441    25.6101    25.6176    1522.41    1522.28         58 0.0000e+00
      55838  69.559402     68.000     67.614    19.8541    20.0640   4.897826   4.921550     1.8710     2.1205   -0.00100   -0.00258    89.0726     0.9296     0.2715    141.914    134.067    35.9705    35.9862    25.5439    25.5004    1523.29    1523.89         43 0.0000e+00
      55876  69.559425     67.000     66.619    20.8577    20.9099   5.001182   5.008302     1.9951     2.2622    0.02746    0.00308    88.9827     0.9454     0.2772    152.028    143.875    35.9607    35.9741    25.2676    25.2636    1526.01    1526.16         33 0.0000e+00
      55909  69.559441     66.000     65.621    21.1132    21.1626   5.027434   5.032351     2.0618     2.3616    0.06660    0.06148    88.8435     0.9616     0.2910    158.098    151.473    35.9573    35.9552    25.1954    25.1802    1526.67    1526.80         36 0.0000e+00
      55966  69.559464     65.000     64.628    21.1222    21.1302   5.027764   5.028630     2.0821     2.4091    0.04684    0.06532    88.9040     1.0939     0.3039    160.117    155.470    35.9527    35.9529    25.1893    25.1873    1526.68    1526.70         87 0.0000e+00
      56039  69.559502     64.000     63.636    21.1246    21.1417   5.027787   5.030177     2.0961     2.4144   -0.00852   -0.00673    88.8792     1.1483     0.3013    161.504    155.856    35.9513    35.9561    25.1876    25.1865    1526.66    1526.72         48 0.0000e+00
      56098  69.559532     63.000     62.642    21.1488    21.2246   5.029760   5.038201     2.1180     2.4353    0.01220    0.00698    88.7468     1.1724     0.3191    163.642    157.349    35.9471    35.9511    25.1777    25.1599    1526.71    1526.92         67 0.0000e+00
      56149  69.559555     62.000     61.652    21.4667    21.6905   5.064733   5.093964     2.2082     2.5082    0.00319    0.00441    88.7281     1.3087     0.3433    171.765    161.996    35.9607    36.0060    25.1002    25.0723    1527.55    1528.19         35 0.0000e+00
      56181  69.559570     61.000     60.649    22.3651    22.6031   5.164231   5.194346     2.3388     2.6514    0.02211    0.01872    88.4821     1.3973     0.3842    181.993    171.038    36.0001    36.0390    24.8775    24.8392    1529.93    1530.59         34 0.0000e+00
      56457  69.559700     60.000     59.658    23.1915    23.4061   5.250858   5.276140     2.4649     2.8028    0.03988    0.03532    87.9113     1.4406     0.4060    191.775    180.881    35.9944    36.0138    24.6354    24.5876    1532.02    1532.58         89 0.0000e+00
      57774  69.560341     59.000     58.663    24.1448    24.2322   5.353502   5.362274     2.5932     2.9971    0.00899    0.00177    87.0351     1.0396     0.2807    201.053    193.759    36.0051    36.0009    24.3629    24.3335    1534.40    1534.61         97 0.0000e+00
      58117  69.560501     58.000     57.675    24.3781    24.7283   5.377994   5.419128     2.6408     3.0307    0.00193    0.00649    86.9784     0.7987     0.1759    204.835    194.823    36.0027    36.0305    24.2914    24.2067    1534.95    1535.84         55 0.0000e+00
      58125  69.560509     57.000     56.680    24.5961    25.2436   5.406116   5.479168     2.6800     3.0850    0.00778    0.00174    87.0737     0.5460     0.1715    207.763    197.393    36.0390    36.0667    24.2527    24.0767    1535.50    1537.09         25 0.0000e+00
      58149  69.560516     56.000     55.680    25.7471    26.0459   5.532520   5.566997     2.6953     3.1315    0.01458    0.00122    87.1490     0.4844     0.1696    205.301    198.480    36.0615    36.0786    23.9168    23.8368    1538.26    1538.98         25 0.0000e+00
      58189  69.560539     55.000     54.684    25.7562    25.9834   5.532408   5.557019     2.6801     3.1084    0.01646    0.02703    87.1788     0.4927     0.1705    203.837    196.916    36.0538    36.0550    23.9082    23.8383    1538.26    1538.79         73 0.0000e+00
      58284  69.560585     54.000     53.696    25.4033    25.5143   5.493204   5.506128     2.6781     3.0928   -0.01268   -0.02444    86.9502     0.5689     0.1778    204.791    197.115    36.0448    36.0521    24.0107    23.9819    1537.40    1537.67         70 0.0000e+00
      58333  69.560608     53.000     52.701    25.6634    25.9205   5.521154   5.550925     2.6934     3.1038    0.00976    0.01012    86.9346     0.5399     0.1720    205.344    196.700    36.0453    36.0608    23.9308    23.8625    1538.00    1538.62         47 0.0000e+00
      58376  69.560631     52.000     51.704    26.2427    26.6027   5.589896   5.632160     2.7084     3.1445    0.00315    0.00113    86.9595     0.4724     0.1596    204.781    197.658    36.0912    36.1161    23.7831    23.6889    1539.38    1540.24         42 0.0000e+00
      58417  69.560646     51.000     50.712    27.1815    27.3622   5.695053   5.716133     2.6918     3.1408    0.01305    0.02028    86.9408     0.3931     0.1377    200.165    195.109    36.1180    36.1286    23.5054    23.4552    1541.54    1541.96         39 0.0000e+00
      58453  69.560669     50.000     49.718    27.3666    27.8168   5.715226   5.765268     2.6692     3.1186   -0.00644    0.01290    87.0304     0.3391     0.1205    197.498    192.130    36.1190    36.1269    23.4465    23.3062    1541.95    1542.96         32 0.0000e+00
      58513  69.560692     49.000     48.717    27.5898    27.8505   5.738016   5.766044     2.6568     3.0984   -0.00534   -0.00946    87.0716     0.2933     0.1029    195.678    190.542    36.1090    36.1066    23.3665    23.2796    1542.42    1542.99         53 0.0000e+00
      58608  69.560738     48.000     47.738    27.4260    27.6499   5.720971   5.746560     2.6760     3.1136    0.00101    0.00545    86.8553     0.3024     0.0982    197.890    192.192    36.1145    36.1236    23.4236    23.3579    1542.04    1542.55         23 0.0000e+00
      58628  69.560753     47.000     46.732    27.9511    28.0908   5.777550   5.792313     2.6591     3.1035    0.00414   -0.00111    86.9747     0.2451     0.0911    194.729    190.193    36.1113    36.1082    23.2503    23.2021    1543.19    1543.49         21 0.0000e+00
      58650  69.560760     46.000     45.732    28.1285    28.2715   5.795377   5.810012     2.6449     3.0847    0.00932    0.00721    87.0478     0.2057     0.0836    192.902    188.303    36.1011    36.0945    23.1843    23.1322    1543.55    1543.85         24 0.0000e+00
      58711  69.560791     45.000     44.742    28.0769    28.1849   5.789046   5.799688     2.6458     3.0741   -0.00411   -0.00453    86.9494     0.2165     0.0845    193.119    187.744    36.0965    36.0885    23.1977    23.1562    1543.41    1543.64         95 0.0000e+00
      58814  69.560837     44.000     43.751    28.1109    28.1568   5.792114   5.796485     2.6477     3.0690    0.00027   -0.00011    86.6947     0.1862     0.0934    193.172    187.424    36.0923    36.0878    23.1833    23.1648    1543.47    1543.56        100 0.0000e+00
      58894  69.560875     43.000     42.760    28.0505    28.0885   5.784964   5.787557     2.6506     3.0656   -0.00309   -0.00590    86.6290     0.1559     0.0641    193.595    187.353    36.0885    36.0777    23.2002    23.1796    1543.31    1543.39         41 0.0000e+00
      58930  69.560898     42.000     41.762    28.1535    28.1422   5.796350   5.794865     2.6500     3.0734    0.00097   -0.00056    86.6244     0.1576     0.0585    193.212    187.740    36.0900    36.0883    23.1674    23.1698    1543.52    1543.50         42 0.0000e+00
      59022  69.560936     41.000     40.767    28.1354    28.1992   5.793753   5.800308     2.6462     3.0637    0.00109    0.00496    86.4638     0.1462     0.0637    192.905    186.855    36.0859    36.0832    23.1702    23.1472    1543.46    1543.60         84 0.0000e+00
      59624  69.561234     40.000     39.776    28.3172    28.3270   5.812827   5.813228     2.6394     3.0571   -0.00051   -0.00092    85.5310     0.1422     0.0555    191.732    186.004    36.0811    36.0765    23.1066    23.0999    1543.84    1543.85        113 0.0000e+00
      61174  69.561981     39.000     38.778    28.4178    28.4171   5.823565   5.822938     2.6390     3.0512    0.00050    0.00174    83.9141     0.1488     0.0513    191.373    185.300    36.0799    36.0760    23.0723    23.0697    1544.04    1544.03         39 0.0000e+00
      61244  69.562012     38.000     37.786    28.4154    28.4179   5.823246   5.822923     2.6371     3.0532   -0.00004    0.00019    83.8731     0.1418     0.0537    191.189    185.427    36.0798    36.0756    23.0730    23.0690    1544.02    1544.02         86 0.0000e+00
