data-processing/CTD/data/cnv/ures016.cnv
* Sea-Bird SBE 9 Data File:
* FileName = C:\SEASOFT\PIRATA-FR32\data\fr32016.hex
* Software Version Seasave V 7.26.7.107
* Temperature SN = 6083
* Conductivity SN = 4509
* Number of Bytes Per Scan = 42
* Number of Voltage Words = 3
* Number of Scans Averaged by the Deck Unit = 1
* NMEA Latitude = 03 59.85 S
* NMEA Longitude = 010 00.12 W
* NMEA UTC (Time) = Mar 10 2022 01:27:56
** Cruise: PIRATA-FR32
** Ship: THALASSA
** Station: 016
** Bottom Depth: 3584
** Barometric pressure : 1006.4
** Temp Air: 28.1
** Operator: SCP
** Comments:
# nquan = 25
# nvalues = 538                         
# units = specified
# name 0 = scan: Scan Count
# name 1 = timeJ: Julian Days
# name 2 = prDM: Pressure, Digiquartz [db]
# name 3 = depSM: Depth [salt water, m]
# name 4 = t090C: Temperature [ITS-90, deg C]
# name 5 = t190C: Temperature, 2 [ITS-90, deg C]
# name 6 = c0S/m: Conductivity [S/m]
# name 7 = c1S/m: Conductivity, 2 [S/m]
# name 8 = sbeox0V: Oxygen raw, SBE 43 [V]
# name 9 = sbeox1V: Oxygen raw, SBE 43, 2 [V]
# name 10 = sbox0dV/dT: Oxygen, SBE 43 [dov/dt]
# name 11 = sbox1dV/dT: Oxygen, SBE 43, 2 [dov/dt]
# name 12 = CStarTr0: Beam Transmission, WET Labs C-Star [%]
# name 13 = flECO-AFL: Fluorescence, WET Labs ECO-AFL/FL [mg/m^3]
# name 14 = flC: Fluorescence, Chelsea Aqua 3 Chl Con [ug/l]
# name 15 = sbox0Mm/Kg: Oxygen, SBE 43 [umol/kg], WS = 2
# name 16 = sbox1Mm/Kg: Oxygen, SBE 43, 2 [umol/kg], WS = 2
# name 17 = sal00: Salinity, Practical [PSU]
# name 18 = sal11: Salinity, Practical, 2 [PSU]
# name 19 = sigma-é00: Density [sigma-theta, kg/m^3]
# name 20 = sigma-é11: Density, 2 [sigma-theta, kg/m^3]
# name 21 = svCM: Sound Velocity [Chen-Millero, m/s]
# name 22 = svCM1: Sound Velocity, 2 [Chen-Millero, m/s]
# name 23 = nbin: number of scans per bin
# name 24 = flag: flag
# span 0 =      33623,      72890       
# span 1 =  69.077291,  69.096227       
# span 2 =      0.000,    537.000       
# span 3 =     -0.030,    533.344       
# span 4 =     7.3159,    28.7480       
# span 5 =     7.3089,    28.7483       
# span 6 =   3.549632,   5.775414       
# span 7 =   3.548680,   5.774946       
# span 8 =     1.0383,     2.7474       
# span 9 =     1.1731,     3.1855       
# span 10 =   -0.01507,    0.13191      
# span 11 =   -0.04197,    0.17420      
# span 12 =    68.4788,    90.0188      
# span 13 =     0.0419,     1.3433      
# span 14 =     0.0294,     0.3644      
# span 15 =     73.545,    207.006      
# span 16 =     71.535,    200.337      
# span 17 =    23.6562,    36.1182      
# span 18 =    22.9213,    36.1341      
# span 19 =    13.6822,    27.1059      
# span 20 =    13.1393,    27.1042      
# span 21 =    1488.27,    1543.66      
# span 22 =    1488.24,    1543.66      
# span 23 =         11,        126      
# span 24 = 0.0000e+00, 0.0000e+00      
# interval = decibars: 1                
# start_time = Mar 10 2022 01:27:57 [System UTC, first data scan.]
# bad_flag = -9.990e-29
*END*
      33623  69.077293    537.000    533.344     7.3159     7.3089   3.549632   3.548680     1.1581     1.3129    0.00033    0.00023    90.0188     0.0609     0.0323     94.969     92.579    34.6496    34.6462    27.1059    27.1042    1488.27    1488.24         94 0.0000e+00
      34219  69.077576    536.000    532.348     7.3204     7.3199   3.550056   3.549745     1.1577     1.3133    0.00015    0.00004    90.0153     0.0565     0.0328     94.894     92.594    34.6501    34.6473    27.1056    27.1035    1488.27    1488.27         55 0.0000e+00
      34636  69.077782    535.000    531.361     7.3259     7.3265   3.550564   3.550381     1.1565     1.3127   -0.00029   -0.00018    90.0090     0.0654     0.0316     94.686     92.500    34.6507    34.6482    27.1053    27.1032    1488.28    1488.28         49 0.0000e+00
      34682  69.077805    534.000    530.372     7.3288     7.3378   3.550827   3.551548     1.1549     1.3118   -0.00075   -0.00060    90.0175     0.0561     0.0338     94.438     92.345    34.6512    34.6500    27.1052    27.1031    1488.27    1488.30         32 0.0000e+00
      34711  69.077812    533.000    529.378     7.3373     7.3441   3.551672   3.552041     1.1529     1.3109   -0.00078   -0.00056    90.0187     0.0566     0.0330     94.126     92.215    34.6523    34.6496    27.1049    27.1018    1488.29    1488.31         28 0.0000e+00
      34737  69.077827    532.000    528.383     7.3469     7.3554   3.552581   3.553238     1.1511     1.3085   -0.00100   -0.00057    90.0187     0.0612     0.0323     93.827     91.888    34.6531    34.6518    27.1042    27.1019    1488.31    1488.34         27 0.0000e+00
      34766  69.077843    531.000    527.391     7.3589     7.3648   3.553754   3.554110     1.1482     1.3060   -0.00151   -0.00079    90.0187     0.0567     0.0333     93.369     91.563    34.6544    34.6524    27.1035    27.1011    1488.34    1488.36         30 0.0000e+00
      34802  69.077858    530.000    526.398     7.3664     7.3716   3.554499   3.554765     1.1447     1.3016   -0.00192   -0.00200    90.0133     0.0585     0.0328     92.831     91.018    34.6555    34.6532    27.1033    27.1007    1488.36    1488.37         45 0.0000e+00
      34851  69.077881    529.000    525.414     7.3725     7.3752   3.555014   3.555094     1.1413     1.2971   -0.00242   -0.00274    90.0044     0.0604     0.0336     92.321     90.469    34.6555    34.6537    27.1024    27.1006    1488.36    1488.37         43 0.0000e+00
      34882  69.077896    528.000    524.431     7.3741     7.3881   3.555238   3.556589     1.1400     1.2950   -0.00195   -0.00275    90.0160     0.0565     0.0330     92.111     90.179    34.6568    34.6575    27.1031    27.1017    1488.35    1488.41         23 0.0000e+00
      34901  69.077904    527.000    523.426     7.4197     7.4490   3.560006   3.563050     1.1370     1.2941   -0.00171   -0.00199    90.0173     0.0634     0.0334     91.567     89.914    34.6636    34.6674    27.1021    27.1009    1488.52    1488.64         17 0.0000e+00
      34917  69.077911    526.000    522.438     7.4722     7.4951   3.565065   3.567194     1.1329     1.2908   -0.00119   -0.00178    90.0084     0.0627     0.0333     90.838     89.410    34.6667    34.6669    27.0970    27.0939    1488.71    1488.80         16 0.0000e+00
      34934  69.077927    525.000    521.434     7.4996     7.5170   3.567741   3.569404     1.1277     1.2860   -0.00096   -0.00173    90.0062     0.0632     0.0327     90.016     88.795    34.6688    34.6696    27.0948    27.0929    1488.80    1488.87         17 0.0000e+00
      34952  69.077934    524.000    520.439     7.5158     7.5334   3.569335   3.570974     1.1221     1.2804   -0.00228   -0.00137    90.0019     0.0625     0.0338     89.160     88.086    34.6705    34.6707    27.0937    27.0914    1488.85    1488.92         21 0.0000e+00
      34977  69.077942    523.000    519.457     7.5280     7.5433   3.570498   3.571829     1.1161     1.2724   -0.00543   -0.00386    89.9976     0.0627     0.0344     88.267     87.120    34.6714    34.6706    27.0927    27.0898    1488.88    1488.94         27 0.0000e+00
      35007  69.077957    522.000    518.461     7.5165     7.5427   3.569280   3.571661     1.1113     1.2657   -0.00725   -0.00700    89.9957     0.0665     0.0356     87.597     86.325    34.6702    34.6699    27.0934    27.0894    1488.82    1488.92         33 0.0000e+00
      35038  69.077972    521.000    517.477     7.5282     7.5495   3.570533   3.572361     1.1084     1.2622   -0.00583   -0.00750    89.9949     0.0616     0.0353     87.142     85.891    34.6725    34.6712    27.0935    27.0894    1488.85    1488.93         29 0.0000e+00
      35067  69.077988    520.000    516.482     7.5633     7.5651   3.574003   3.574103     1.1064     1.2583   -0.00350   -0.00501    89.9949     0.0616     0.0348     86.756     85.384    34.6756    34.6749    27.0909    27.0901    1488.97    1488.98         29 0.0000e+00
      35097  69.078003    519.000    515.486     7.5870     7.5976   3.576261   3.577256     1.1033     1.2535   -0.00216   -0.00271    90.0001     0.0626     0.0358     86.250     84.734    34.6770    34.6772    27.0885    27.0871    1489.05    1489.09         32 0.0000e+00
      35129  69.078018    518.000    514.498     7.6027     7.6194   3.577825   3.579351     1.0993     1.2488   -0.00182   -0.00343    89.9998     0.0634     0.0351     85.635     84.138    34.6788    34.6787    27.0876    27.0852    1489.09    1489.16         29 0.0000e+00
      35154  69.078026    517.000    513.513     7.6077     7.6325   3.578334   3.580590     1.0971     1.2460   -0.00241   -0.00380    90.0026     0.0620     0.0340     85.304     83.769    34.6797    34.6795    27.0877    27.0839    1489.10    1489.19         22 0.0000e+00
      35173  69.078041    516.000    512.519     7.6260     7.6416   3.580092   3.581501     1.0958     1.2443   -0.00293   -0.00356    89.9963     0.0560     0.0346     85.071     83.539    34.6811    34.6808    27.0861    27.0836    1489.15    1489.21         18 0.0000e+00
      35190  69.078049    515.000    511.525     7.6387     7.6537   3.581347   3.582637     1.0953     1.2433   -0.00297   -0.00350    90.0028     0.0557     0.0334     84.956     83.387    34.6825    34.6815    27.0853    27.0824    1489.18    1489.24         15 0.0000e+00
      35205  69.078056    514.000    510.535     7.6500     7.6601   3.582411   3.583177     1.0948     1.2420   -0.00242   -0.00296    90.0023     0.0554     0.0333     84.847     83.213    34.6832    34.6814    27.0842    27.0814    1489.21    1489.25         16 0.0000e+00
      35221  69.078064    513.000    509.531     7.6590     7.6663   3.583271   3.583785     1.0946     1.2413   -0.00185   -0.00254    89.9998     0.0600     0.0340     84.787     83.104    34.6840    34.6823    27.0836    27.0811    1489.23    1489.26         15 0.0000e+00
      35236  69.078072    512.000    508.538     7.6663     7.6730   3.583956   3.584421     1.0946     1.2407   -0.00147   -0.00211    90.0052     0.0617     0.0331     84.758     83.005    34.6846    34.6830    27.0830    27.0807    1489.24    1489.27         16 0.0000e+00
      35253  69.078079    511.000    507.549     7.6731     7.6794   3.584605   3.584999     1.0946     1.2400   -0.00103   -0.00165    90.0016     0.0559     0.0327     84.740     82.906    34.6853    34.6833    27.0825    27.0800    1489.25    1489.27         18 0.0000e+00
      35273  69.078087    510.000    506.553     7.6787     7.6857   3.585119   3.585540     1.0944     1.2396   -0.00061   -0.00156    89.9951     0.0595     0.0339     84.688     82.839    34.6858    34.6834    27.0820    27.0792    1489.26    1489.28         22 0.0000e+00
      35306  69.078102    509.000    505.563     7.6682     7.6833   3.584004   3.585178     1.0944     1.2390   -0.00011   -0.00098    89.9945     0.0557     0.0352     84.699     82.761    34.6847    34.6823    27.0827    27.0786    1489.20    1489.26         50 0.0000e+00
      35359  69.078125    508.000    504.590     7.6502     7.6507   3.582154   3.581960     1.0944     1.2382   -0.00011   -0.00042    89.9950     0.0507     0.0355     84.728     82.729    34.6831    34.6805    27.0840    27.0820    1489.11    1489.11         37 0.0000e+00
      35382  69.078140    507.000    503.588     7.6794     7.6921   3.585029   3.586297     1.0944     1.2386   -0.00006   -0.00039    89.9949     0.0605     0.0340     84.655     82.664    34.6856    34.6866    27.0818    27.0807    1489.21    1489.26         20 0.0000e+00
      35401  69.078148    506.000    502.593     7.7041     7.7186   3.587634   3.588976     1.0945     1.2386    0.00002   -0.00054    89.9949     0.0624     0.0338     84.599     82.601    34.6896    34.6897    27.0814    27.0792    1489.29    1489.35         19 0.0000e+00
      35421  69.078156    505.000    501.595     7.7281     7.7386   3.589860   3.590621     1.0952     1.2386    0.00003   -0.00028    89.9918     0.0653     0.0333     84.645     82.550    34.6903    34.6880    27.0783    27.0751    1489.37    1489.41         22 0.0000e+00
      35449  69.078171    504.000    500.606     7.7437     7.7438   3.591419   3.591194     1.0967     1.2395    0.00005    0.00030    89.9846     0.0680     0.0343     84.803     82.630    34.6920    34.6895    27.0774    27.0754    1489.42    1489.41         34 0.0000e+00
      35481  69.078186    503.000    499.625     7.7466     7.7485   3.591660   3.591602     1.0987     1.2419    0.00070    0.00002    89.9868     0.0662     0.0352     85.073     82.896    34.6922    34.6897    27.0772    27.0749    1489.41    1489.41         26 0.0000e+00
      35502  69.078194    502.000    498.640     7.7593     7.7620   3.592842   3.593025     1.0994     1.2438    0.00121    0.00053    89.9924     0.0652     0.0347     85.140     83.066    34.6928    34.6921    27.0757    27.0748    1489.44    1489.45         18 0.0000e+00
      35518  69.078201    501.000    497.630     7.7893     7.8070   3.596009   3.597828     1.1004     1.2454    0.00136    0.00143    89.9950     0.0559     0.0349     85.205     83.150    34.6976    34.6996    27.0751    27.0741    1489.55    1489.62         15 0.0000e+00
      35533  69.078209    500.000    496.639     7.8236     7.8322   3.599236   3.599917     1.1006     1.2460    0.00146    0.00181    89.9949     0.0554     0.0336     85.142     83.151    34.6988    34.6976    27.0710    27.0688    1489.66    1489.69         15 0.0000e+00
      35548  69.078217    499.000    495.650     7.8349     7.8421   3.600261   3.600805     1.1011     1.2465    0.00142    0.00188    89.9855     0.0551     0.0329     85.187     83.184    34.6991    34.6978    27.0695    27.0675    1489.69    1489.71         15 0.0000e+00
      35563  69.078224    498.000    494.648     7.8384     7.8461   3.600594   3.601143     1.1018     1.2461    0.00109    0.00211    89.9889     0.0614     0.0331     85.257     83.119    34.6997    34.6980    27.0695    27.0670    1489.69    1489.71         16 0.0000e+00
      35580  69.078232    497.000    493.658     7.8408     7.8473   3.600811   3.601199     1.1018     1.2472    0.00094    0.00208    89.9866     0.0638     0.0340     85.247     83.227    34.7001    34.6978    27.0695    27.0667    1489.68    1489.70         17 0.0000e+00
      35600  69.078247    496.000    492.664     7.8455     7.8482   3.601243   3.601232     1.1018     1.2475    0.00069    0.00114    89.9881     0.0614     0.0343     85.226     83.259    34.7005    34.6977    27.0691    27.0665    1489.68    1489.69         23 0.0000e+00
      35628  69.078255    495.000    491.675     7.8459     7.8455   3.601212   3.600872     1.1018     1.2476    0.00053    0.00050    89.9946     0.0565     0.0343     85.214     83.267    34.7003    34.6971    27.0688    27.0664    1489.67    1489.66         36 0.0000e+00
      35673  69.078278    494.000    490.690     7.8168     7.8163   3.598231   3.597821     1.1018     1.2472    0.00007    0.00041    89.9949     0.0628     0.0345     85.266     83.263    34.6976    34.6937    27.0710    27.0680    1489.53    1489.53         49 0.0000e+00
      35712  69.078300    493.000    489.697     7.8288     7.8312   3.599442   3.599510     1.1018     1.2472    0.00007   -0.00033    89.9893     0.0615     0.0344     85.235     83.221    34.6992    34.6975    27.0704    27.0688    1489.57    1489.57         31 0.0000e+00
      35743  69.078316    492.000    488.704     7.8473     7.8472   3.601222   3.600935     1.1018     1.2472    0.00007   -0.00004    89.9829     0.0635     0.0348     85.185     83.176    34.7004    34.6975    27.0687    27.0664    1489.62    1489.62         30 0.0000e+00
      35771  69.078323    491.000    487.717     7.8505     7.8520   3.601500   3.601391     1.1021     1.2466    0.00020    0.00002    89.9895     0.0563     0.0346     85.204     83.091    34.7007    34.6981    27.0684    27.0662    1489.62    1489.62         25 0.0000e+00
      35792  69.078339    490.000    486.726     7.8515     7.8532   3.601555   3.601432     1.1021     1.2471    0.00015    0.00015    89.9706     0.0546     0.0345     85.197     83.137    34.7008    34.6978    27.0684    27.0657    1489.60    1489.61         18 0.0000e+00
      35809  69.078346    489.000    485.740     7.8541     7.8566   3.601770   3.601804     1.1023     1.2469   -0.00017   -0.00023    89.9842     0.0563     0.0337     85.202     83.096    34.7010    34.6989    27.0681    27.0661    1489.60    1489.61         15 0.0000e+00
      35823  69.078354    488.000    484.736     7.8610     7.8670   3.602491   3.602904     1.1027     1.2469   -0.00008   -0.00050    89.9916     0.0615     0.0349     85.230     83.061    34.7024    34.7009    27.0682    27.0661    1489.61    1489.63         14 0.0000e+00
      35836  69.078362    487.000    483.740     7.8810     7.8967   3.604505   3.606114     1.1028     1.2472   -0.00008   -0.00015    89.9898     0.0611     0.0352     85.188     83.016    34.7047    34.7064    27.0670    27.0660    1489.67    1489.73         14 0.0000e+00
      35851  69.078362    486.000    482.740     7.8992     7.9173   3.606301   3.607919     1.1023     1.2472    0.00012    0.00020    89.9803     0.0571     0.0357     85.079     82.963    34.7064    34.7059    27.0657    27.0626    1489.73    1489.79         16 0.0000e+00
      35869  69.078377    485.000    481.751     7.9166     7.9233   3.607928   3.608408     1.1017     1.2472    0.00035 -1.551e-07    89.9750     0.0503     0.0361     84.948     82.941    34.7071    34.7056    27.0636    27.0614    1489.78    1489.80         19 0.0000e+00
      35890  69.078384    484.000    480.767     7.9141     7.9310   3.607726   3.609148     1.1015     1.2472    0.00021    0.00011    89.9804     0.0470     0.0352     84.904     82.913    34.7079    34.7064    27.0646    27.0609    1489.75    1489.81         23 0.0000e+00
      35912  69.078392    483.000    479.772     7.9180     7.9371   3.608015   3.609749     1.1011     1.2472   -0.00034    0.00015    89.9787     0.0461     0.0337     84.828     82.893    34.7076    34.7073    27.0638    27.0607    1489.75    1489.82         22 0.0000e+00
      35934  69.078407    482.000    478.781     7.9336     7.9447   3.609635   3.610608     1.1005     1.2472   -0.00066    0.00007    89.9722     0.0634     0.0337     84.705     82.873    34.7100    34.7095    27.0634    27.0613    1489.80    1489.84         22 0.0000e+00
      35960  69.078415    481.000    477.783     7.9651     7.9730   3.612685   3.613280     1.0998     1.2455   -0.00037   -0.00010    89.9803     0.0563     0.0351     84.530     82.587    34.7120    34.7105    27.0602    27.0579    1489.90    1489.93         30 0.0000e+00
