data-processing/CTD/data/cnv/ures017.cnv
* Sea-Bird SBE 9 Data File:
* FileName = C:\SEASOFT\PIRATA-FR32\data\fr32017.hex
* Software Version Seasave V 7.26.7.107
* Temperature SN = 6083
* Conductivity SN = 4509
* Number of Bytes Per Scan = 42
* Number of Voltage Words = 3
* Number of Scans Averaged by the Deck Unit = 1
* NMEA Latitude = 04 29.91 S
* NMEA Longitude = 010 00.04 W
* NMEA UTC (Time) = Mar 10 2022 05:28:45
** Cruise: PIRATA-FR32
** Ship: THALASSA
** Station: 017
** Bottom Depth: 3684
** Barometric pressure : 1005.9
** Temp Air: 27.7
** Operator: AMGE
** Comments:
# nquan = 25
# nvalues = 500                         
# units = specified
# name 0 = scan: Scan Count
# name 1 = timeJ: Julian Days
# name 2 = prDM: Pressure, Digiquartz [db]
# name 3 = depSM: Depth [salt water, m]
# name 4 = t090C: Temperature [ITS-90, deg C]
# name 5 = t190C: Temperature, 2 [ITS-90, deg C]
# name 6 = c0S/m: Conductivity [S/m]
# name 7 = c1S/m: Conductivity, 2 [S/m]
# name 8 = sbeox0V: Oxygen raw, SBE 43 [V]
# name 9 = sbeox1V: Oxygen raw, SBE 43, 2 [V]
# name 10 = sbox0dV/dT: Oxygen, SBE 43 [dov/dt]
# name 11 = sbox1dV/dT: Oxygen, SBE 43, 2 [dov/dt]
# name 12 = CStarTr0: Beam Transmission, WET Labs C-Star [%]
# name 13 = flECO-AFL: Fluorescence, WET Labs ECO-AFL/FL [mg/m^3]
# name 14 = flC: Fluorescence, Chelsea Aqua 3 Chl Con [ug/l]
# name 15 = sbox0Mm/Kg: Oxygen, SBE 43 [umol/kg], WS = 2
# name 16 = sbox1Mm/Kg: Oxygen, SBE 43, 2 [umol/kg], WS = 2
# name 17 = sal00: Salinity, Practical [PSU]
# name 18 = sal11: Salinity, Practical, 2 [PSU]
# name 19 = sigma-é00: Density [sigma-theta, kg/m^3]
# name 20 = sigma-é11: Density, 2 [sigma-theta, kg/m^3]
# name 21 = svCM: Sound Velocity [Chen-Millero, m/s]
# name 22 = svCM1: Sound Velocity, 2 [Chen-Millero, m/s]
# name 23 = nbin: number of scans per bin
# name 24 = flag: flag
# span 0 =      18646,      47369       
# span 1 =  69.237302,  69.251154       
# span 2 =      2.000,    501.000       
# span 3 =      1.985,    497.636       
# span 4 =     7.8146,    28.5973       
# span 5 =     7.8106,    28.5970       
# span 6 =   3.598376,   5.798379       
# span 7 =   3.597739,   5.797607       
# span 8 =     1.0011,     2.7271       
# span 9 =     1.1293,     3.1639       
# span 10 =   -0.01772,    0.06414      
# span 11 =   -0.01725,    0.06333      
# span 12 =    83.5286,    89.9949      
# span 13 =     0.0458,     1.1343      
# span 14 =     0.0316,     0.3321      
# span 15 =     67.036,    205.419      
# span 16 =     65.609,    199.656      
# span 17 =    34.6980,    36.0927      
# span 18 =    34.6951,    36.1268      
# span 19 =    22.7799,    27.0717      
# span 20 =    22.7766,    27.0700      
# span 21 =    1489.62,    1543.62      
# span 22 =    1489.62,    1543.61      
# span 23 =         15,        143      
# span 24 = 0.0000e+00, 0.0000e+00      
# interval = decibars: 1                
# start_time = Mar 10 2022 05:28:46 [System UTC, first data scan.]
# bad_flag = -9.990e-29
*END*
[from data line 406]
      38469  69.246864     95.000     94.452    14.7768    14.8015   4.330937   4.333459     1.3318     1.5199   -0.00006   -0.00048    89.4550     0.3619     0.1303     95.420     92.755    35.5219    35.5224    26.4266    26.4217    1508.15    1508.23         27 0.0000e+00
      38497  69.246872     94.000     93.456    14.7934    14.8227   4.332679   4.335474     1.3307     1.5220    0.00117   -0.00172    89.4853     0.3701     0.1337     95.245     92.898    35.5231    35.5220    26.4239    26.4166    1508.19    1508.28         29 0.0000e+00
      38532  69.246895     93.000     92.464    14.8129    14.8118   4.334728   4.334018     1.3304     1.5208   -0.00039    0.00158    89.5051     0.3988     0.1319     95.158     92.800    35.5245    35.5190    26.4207    26.4167    1508.23    1508.22         44 0.0000e+00
      38578  69.246918     92.000     91.472    14.8157    14.7942   4.335007   4.332463     1.3310     1.5204   -0.00048   -0.00044    89.4969     0.4664     0.1333     95.216     92.782    35.5249    35.5212    26.4204    26.4222    1508.23    1508.16         43 0.0000e+00
      38618  69.246933     91.000     90.477    14.8394    14.8750   4.337661   4.341227     1.3300     1.5193    0.00035   -0.00004    89.4754     0.4270     0.1364     95.032     92.513    35.5280    35.5282    26.4176    26.4099    1508.29    1508.40         40 0.0000e+00
      38659  69.246956     90.000     89.482    14.8821    14.8907   4.342391   4.343135     1.3300     1.5198   -0.00031   -0.00062    89.4645     0.4376     0.1406     94.945     92.518    35.5328    35.5318    26.4118    26.4092    1508.41    1508.44         40 0.0000e+00
      38705  69.246979     89.000     88.488    14.9196    14.9226   4.346375   4.346234     1.3294     1.5191   -0.00018    0.00007    89.4558     0.4622     0.1454     94.787     92.384    35.5356    35.5315    26.4057    26.4019    1508.52    1508.52         57 0.0000e+00
      38757  69.247002     88.000     87.506    14.9185    14.9345   4.346191   4.347885     1.3294     1.5206   -0.00037   -0.00030    89.4501     0.5687     0.1438     94.836     92.482    35.5353    35.5362    26.4057    26.4029    1508.50    1508.55         36 0.0000e+00
      38782  69.247009     87.000     86.509    14.9838    14.9835   4.353311   4.352988 -9.990e-29     1.5220   -0.00030   -0.00089    89.4296     0.4452     0.1475 -9.990e-29     92.509    35.5413    35.5386    26.3959    26.3939    1508.70    1508.69         20 0.0000e+00
      38801  69.247025     86.000     85.506    15.0021    15.0041   4.355456   4.355591 -9.990e-29     1.5221    0.00017    0.00053    89.4042     0.4251     0.1508 -9.990e-29     92.469    35.5446    35.5441    26.3944    26.3936    1508.74    1508.75         18 0.0000e+00
      38818  69.247032     85.000     84.510    15.0302    15.0465   4.358508   4.359931 -9.990e-29     1.5215    0.00024    0.00200    89.3680     0.4195     0.1535 -9.990e-29     92.322    35.5473    35.5455    26.3903    26.3853    1508.82    1508.86         18 0.0000e+00
      38839  69.247040     84.000     83.507    15.0476    15.0569   4.360255   4.360889 -9.990e-29     1.5200    0.00054    0.00127    89.3508     0.4294     0.1551 -9.990e-29     92.153    35.5479    35.5452    26.3868    26.3827    1508.85    1508.88         25 0.0000e+00
      38885  69.247063     83.000     82.523    15.0325    15.0335   4.358520   4.358156     1.3296     1.5207    0.00007   -0.00063    89.3466     0.5085     0.1600     94.522     92.254    35.5462    35.5420    26.3889    26.3853    1508.79    1508.79         68 0.0000e+00
      38956  69.247093     82.000     81.531    15.0384    15.0309   4.359112   4.357919     1.3303     1.5214    0.00002    0.00031    89.3698     0.5618     0.1571     94.605     92.307    35.5467    35.5426    26.3879    26.3863    1508.79    1508.76         88 0.0000e+00
      39040  69.247139     81.000     80.541    15.0517    15.0457   4.360456   4.359365     1.3317     1.5221    0.00014   -0.00018    89.3451     0.5576     0.1598     94.686     92.335    35.5472    35.5427    26.3853    26.3831    1508.82    1508.79         47 0.0000e+00
      39073  69.247154     80.000     79.540    15.0842    15.1017   4.364164   4.366284     1.3332     1.5234   -0.00012    0.00042    89.2863     0.5060     0.1660     94.787     92.327    35.5518    35.5552    26.3816    26.3804    1508.91    1508.97         35 0.0000e+00
      39437  69.247330     79.000     78.543    15.3629    15.3736   4.393841   4.395613     1.3365     1.5265    0.00073    0.00052    89.2238     0.5484     0.1759     94.608     92.097    35.5690    35.5755    26.3328    26.3354    1509.79    1509.83         53 0.0000e+00
      40251  69.247719     78.000     77.555    15.4872    15.4963   4.407816   4.408525     1.3417     1.5319    0.00027    0.00088    89.1887     0.5373     0.1891     94.948     92.354    35.5834    35.5816    26.3160    26.3125    1510.17    1510.20         34 0.0000e+00
      40295  69.247742     77.000     76.562    15.5028    15.5128   4.409597   4.410214     1.3431     1.5329    0.00046    0.00071    89.1950     0.5539     0.1923     95.062     92.401    35.5858    35.5823    26.3143    26.3094    1510.21    1510.24         39 0.0000e+00
      40328  69.247757     76.000     75.569    15.5636    15.5453   4.416166   4.413922     1.3451     1.5381    0.00079   -0.00036    89.1763     0.5917     0.1902     95.154     92.804    35.5906    35.5869    26.3042    26.3055    1510.39    1510.33         27 0.0000e+00
      40354  69.247772     75.000     74.567    15.5872    15.5820   4.418526   4.417865     1.3475     1.5413    0.00089    0.00104    89.1757     0.5357     0.1876     95.375     93.017    35.5909    35.5896    26.2991    26.2993    1510.44    1510.43         29 0.0000e+00
      40401  69.247795     74.000     73.576    15.5785    15.5851   4.417570   4.417834     1.3496     1.5439    0.00179    0.00313    89.1918     0.6258     0.1913     95.605     93.241    35.5906    35.5870    26.3008    26.2965    1510.40    1510.42         68 0.0000e+00
      40458  69.247818     73.000     72.588    15.5848    15.5906   4.418347   4.418648     1.3509     1.5443    0.00083    0.00103    89.1921     0.6677     0.1957     95.727     93.258    35.5923    35.5898    26.3007    26.2974    1510.40    1510.42         37 0.0000e+00
      40490  69.247833     72.000     71.592    15.6365    15.6483   4.423884   4.425349     1.3555     1.5484    0.00015    0.00001    89.1741     0.5980     0.1993     96.141     93.507    35.5959    35.5984    26.2917    26.2909    1510.55    1510.59         30 0.0000e+00
      40517  69.247849     71.000     70.601    15.7107    15.7650   4.432117   4.437647     1.3632     1.5545    0.00091    0.00022    89.1744     0.6049     0.1974     96.843     93.838    35.6035    35.6042    26.2807    26.2688    1510.77    1510.94         24 0.0000e+00
      40541  69.247864     70.000     69.600    15.7950    15.8704   4.440918   4.450505     1.3780     1.5624    0.00293    0.00239    89.1724     0.5700     0.2012     98.332     94.339    35.6070    35.6250    26.2641    26.2608    1511.02    1511.28         24 0.0000e+00
      40565  69.247871     69.000     68.605    15.9335    16.3162   4.456038   4.499259     1.4104     1.5752    0.00581    0.00489    89.1246     0.6104     0.2136    101.664     94.648    35.6181    35.6600    26.2410    26.1847    1511.45    1512.67         28 0.0000e+00
      40613  69.247894     68.000     67.610    15.9897    16.2192   4.461605   4.484727     1.4205     1.5921    0.02035    0.00985    89.0979     0.7504     0.2203    102.665     96.381    35.6179    35.6180    26.2279    26.1748    1511.60    1512.30         72 0.0000e+00
      40681  69.247925     67.000     66.620    15.9817    15.9946   4.460894   4.462277     1.4024     1.5977   -0.00574    0.00537    89.1379     0.8516     0.2252    100.643     97.292    35.6191    35.6199    26.2306    26.2283    1511.56    1511.60         57 0.0000e+00
      40731  69.247955     66.000     65.631    16.0738    16.2162   4.472550   4.487355     1.4308     1.6151   -0.00625    0.00052    89.0418     0.8934     0.2331    103.593     98.422    35.6408    35.6448    26.2260    26.1961    1511.85    1512.29         35 0.0000e+00
      40756  69.247963     65.000     64.635    16.7136    16.9132   4.541833   4.565329     1.4999     1.6723    0.00076    0.00154    88.9955     0.7739     0.2378    109.875    102.165    35.6830    35.7120    26.1091    26.0840    1513.83    1514.46         22 0.0000e+00
      40777  69.247978     64.000     63.637    17.1378    17.3992   4.585015   4.616451     1.5653     1.7357    0.01200    0.00610    88.8970     0.7720     0.2471    116.107    106.813    35.6852    35.7277    26.0099    25.9794    1515.09    1515.91         20 0.0000e+00
      40797  69.247986     63.000     62.635    17.4625    17.6548   4.620293   4.640799     1.6170     1.8002    0.03807    0.02674    88.7847     0.8748     0.2577    120.963    111.979    35.7056    35.7136    25.9471    25.9064    1516.06    1516.64         23 0.0000e+00
      40833  69.248001     62.000     61.644    17.4783    17.5645   4.620956   4.629367     1.6378     1.8561    0.06414    0.06306    88.7481     0.9164     0.2623    123.171    117.105    35.6978    35.6946    25.9372    25.9137    1516.08    1516.33         56 0.0000e+00
      40928  69.248047     61.000     60.654    17.4132    17.4379   4.613530   4.615972     1.6407     1.8822    0.00505    0.02209    88.7342     0.9968     0.2594    123.617    119.669    35.6911    35.6905    25.9477    25.9413    1515.86    1515.94         92 0.0000e+00
      41208  69.248184     60.000     59.656    17.6553    17.6792   4.639341   4.641585     1.6966     1.9543   -0.00041    0.00221    88.5197     0.9943     0.2932    129.065    125.445    35.7016    35.7000    25.8968    25.8897    1516.57    1516.64         82 0.0000e+00
      42012  69.248573     59.000     58.658    17.8488    17.8494   4.660252   4.659916     1.7376     2.0049    0.00035    0.00136    88.4091     0.9459     0.3066    132.980    129.474    35.7123    35.7089    25.8576    25.8549    1517.14    1517.14         32 0.0000e+00
      42156  69.248642     58.000     57.672    17.8679    17.8713   4.662285   4.662214     1.7426     2.0087    0.00114    0.00088    88.3704     1.0659     0.3073    133.452    129.735    35.7134    35.7099    25.8538    25.8502    1517.18    1517.18         82 0.0000e+00
      42216  69.248665     57.000     56.681    17.8705    17.8717   4.662527   4.662241     1.7431     2.0085   -0.00055   -0.00148    88.3995     1.0336     0.3013    133.492    129.704    35.7136    35.7101    25.8532    25.8502    1517.17    1517.17         35 0.0000e+00
      42247  69.248680     56.000     55.682    17.9219    17.8982   4.668741   4.665469     1.7506     2.0203    0.00000   -0.00107    88.3687     0.9432     0.3096    134.144    130.654    35.7223    35.7150    25.8471    25.8474    1517.31    1517.24         30 0.0000e+00
      42276  69.248695     55.000     54.692    18.0444    18.0886   4.681570   4.686570     1.7763     2.0421    0.00095    0.00205    88.3154     0.9388     0.3268    136.567    132.065    35.7254    35.7296    25.8192    25.8114    1517.66    1517.79         28 0.0000e+00
      42303  69.248711     54.000     53.696    18.2213    18.2784   4.701274   4.708473     1.8040     2.0724    0.00583    0.00887    88.2671     0.9222     0.3092    139.041    134.208    35.7396    35.7512    25.7859    25.7806    1518.17    1518.35         26 0.0000e+00
      42329  69.248726     53.000     52.697    18.3833    18.3151   4.719066   4.712188     1.8270     2.1024    0.01899    0.01702    88.2679     0.9070     0.3003    141.043    136.706    35.7503    35.7512    25.7536    25.7713    1518.63    1518.44         26 0.0000e+00
      42355  69.248734     52.000     51.706    18.5412    18.5571   4.736598   4.739275     1.8539     2.1365    0.02439    0.02461    88.2446     0.9011     0.2973    143.456    139.013    35.7620    35.7710    25.7228    25.7256    1519.08    1519.14         28 0.0000e+00
      42386  69.248749     51.000     50.707    18.6610    18.6235   4.749545   4.745090     1.8717     2.1706    0.02234    0.02818    88.1944     0.9339     0.2985    144.998    141.780    35.7680    35.7628    25.6970    25.7026    1519.42    1519.31         35 0.0000e+00
      42427  69.248772     50.000     49.719    18.7780    18.4141   4.761724   4.720417     1.8537     2.1989    0.02023    0.02956    88.1927     1.0585     0.3057    142.770    144.782    35.7697    35.7360    25.6686    25.7347    1519.74    1518.66         45 0.0000e+00
      42469  69.248787     49.000     48.725    18.9417    18.4439   4.780759   4.727359     1.8679     2.2342   -0.00431    0.01824    88.0858     1.0693     0.3148    143.798    147.710    35.7886    35.7690    25.6412    25.7521    1520.21    1518.76         38 0.0000e+00
      42510  69.248810     48.000     47.726    19.1196    19.2463   4.798701   4.812605     1.9526     2.2737   -0.00410    0.01830    88.0760     1.0654     0.3239    152.191    148.921    35.7858    35.7929    25.5935    25.5661    1520.69    1521.06         45 0.0000e+00
      42552  69.248833     47.000     46.738    19.7072    19.4393   4.865751   4.836684     2.0138     2.3627    0.05152    0.02266    88.0061     1.0971     0.3321    156.852    155.919    35.8390    35.8278    25.4810    25.5427    1522.38    1521.62         37 0.0000e+00
      42585  69.248848     46.000     45.742    20.2682    19.7443   4.925342   4.866990     2.0538     2.4509    0.03733    0.03233    87.8918     1.0510     0.3316    159.360    162.534    35.8512    35.8180    25.3421    25.4555    1523.93    1522.45         31 0.0000e+00
      42614  69.248863     45.000     44.748    20.3619    19.9845   4.934420   4.897686     2.0922     2.4984    0.03403    0.06333    87.8038     1.0263     0.3280    163.023    165.780    35.8462    35.8663    25.3132    25.4288    1524.17    1523.15         28 0.0000e+00
      42642  69.248871     44.000     43.750    20.6978    20.2032   4.973813   4.920546     2.1407     2.5455    0.02887    0.06249    87.7543     1.0093     0.3250    166.933    169.072    35.8825    35.8679    25.2503    25.3721    1525.10    1523.74         27 0.0000e+00
      42670  69.248886     43.000     42.755    21.0304    20.7795   5.009769   4.984464     2.2010     2.6036    0.03116    0.04041    87.8334     0.9938     0.3190    172.033    172.166    35.8930    35.9002    25.1678    25.2417    1526.00    1525.33         30 0.0000e+00
      42705  69.248901     42.000     41.761    21.3407    21.1238   5.042799   5.020146     2.2487     2.6512    0.04455    0.04398    87.7538     1.0123     0.3140    175.873    175.063    35.8980    35.8983    25.0864    25.1462    1526.82    1526.24         41 0.0000e+00
      42790  69.248947     41.000     40.769    21.4763    21.1163   5.059476   5.019434     2.2711     2.6648    0.01899    0.01407    87.8131     1.1343     0.3168    177.636    176.170    35.9154    35.8970    25.0590    25.1454    1527.15    1526.18        109 0.0000e+00
      43398  69.249237     40.000     39.774    24.1948    24.2722   5.363462   5.372775     2.5746     2.9947    0.01499    0.02360    87.4690     0.9518     0.2760    198.623    192.967    36.0468    36.0555    24.3786    24.3629    1534.25    1534.46        110 0.0000e+00
      44083  69.249573     39.000     38.779    24.9762    25.0503   5.449309   5.456449     2.6534     3.0790    0.00661    0.00737    87.2177     0.5513     0.1769    203.488    197.101    36.0642    36.0582    24.1558    24.1286    1536.15    1536.32         48 0.0000e+00
