data-processing/CTD/data/cnv/ures019.cnv
* Sea-Bird SBE 9 Data File:
* FileName = C:\SEASOFT\PIRATA-FR32\data\fr32019.hex
* Software Version Seasave V 7.26.7.107
* Temperature SN = 6083
* Conductivity SN = 4509
* Number of Bytes Per Scan = 42
* Number of Voltage Words = 3
* Number of Scans Averaged by the Deck Unit = 1
* NMEA Latitude = 05 29.90 S
* NMEA Longitude = 010 00.01 W
* NMEA UTC (Time) = Mar 10 2022 12:46:45
** Cruise: PIRATA-FR32
** Ship: THALASSA
** Station: 019
** Bottom Depth: 3384
** Barometric pressure : 1007.6
** Temp Air: 28.4
** Operator: SCP
** Comments:
# nquan = 25
# nvalues = 499                         
# units = specified
# name 0 = scan: Scan Count
# name 1 = timeJ: Julian Days
# name 2 = prDM: Pressure, Digiquartz [db]
# name 3 = depSM: Depth [salt water, m]
# name 4 = t090C: Temperature [ITS-90, deg C]
# name 5 = t190C: Temperature, 2 [ITS-90, deg C]
# name 6 = c0S/m: Conductivity [S/m]
# name 7 = c1S/m: Conductivity, 2 [S/m]
# name 8 = sbeox0V: Oxygen raw, SBE 43 [V]
# name 9 = sbeox1V: Oxygen raw, SBE 43, 2 [V]
# name 10 = sbox0dV/dT: Oxygen, SBE 43 [dov/dt]
# name 11 = sbox1dV/dT: Oxygen, SBE 43, 2 [dov/dt]
# name 12 = CStarTr0: Beam Transmission, WET Labs C-Star [%]
# name 13 = flECO-AFL: Fluorescence, WET Labs ECO-AFL/FL [mg/m^3]
# name 14 = flC: Fluorescence, Chelsea Aqua 3 Chl Con [ug/l]
# name 15 = sbox0Mm/Kg: Oxygen, SBE 43 [umol/kg], WS = 2
# name 16 = sbox1Mm/Kg: Oxygen, SBE 43, 2 [umol/kg], WS = 2
# name 17 = sal00: Salinity, Practical [PSU]
# name 18 = sal11: Salinity, Practical, 2 [PSU]
# name 19 = sigma-é00: Density [sigma-theta, kg/m^3]
# name 20 = sigma-é11: Density, 2 [sigma-theta, kg/m^3]
# name 21 = svCM: Sound Velocity [Chen-Millero, m/s]
# name 22 = svCM1: Sound Velocity, 2 [Chen-Millero, m/s]
# name 23 = nbin: number of scans per bin
# name 24 = flag: flag
# span 0 =      21357,      67827       
# span 1 =  69.542775,  69.565186       
# span 2 =      2.000,    500.000       
# span 3 =      1.970,    496.633       
# span 4 =     7.6210,    28.5402       
# span 5 =     7.6175,    28.5280       
# span 6 =   3.578470,   5.835674       
# span 7 =   3.577881,   5.833751       
# span 8 =     1.0843,     2.7084       
# span 9 =     1.2272,     3.1445       
# span 10 =   -0.01467,    0.06660      
# span 11 =   -0.02444,    0.06532      
# span 12 =    83.7790,    90.0643      
# span 13 =     0.0401,     1.4406      
# span 14 =     0.0233,     0.4060      
# span 15 =     80.436,    207.763      
# span 16 =     78.590,    198.480      
# span 17 =    34.6761,    36.1190      
# span 18 =    34.6732,    36.1286      
# span 19 =    23.0307,    27.0827      
# span 20 =    23.0317,    27.0809      
# span 21 =    1488.81,    1544.04      
# span 22 =    1488.81,    1544.03      
# span 23 =         14,        148      
# span 24 = 0.0000e+00, 0.0000e+00      
# interval = decibars: 1                
# start_time = Mar 10 2022 12:46:46 [System UTC, first data scan.]
# bad_flag = -9.990e-29
*END*
[from data line 232]
      37741  69.550674    268.000    266.329    10.2380    10.2414   3.838540   3.838603     1.1923     1.3539    0.00063    0.00020    90.0030     0.0625     0.0328     89.830     87.468    34.9486    34.9459    26.8763    26.8736    1495.04    1495.04         15 0.0000e+00
      37756  69.550682    267.000    265.341    10.2436    10.2539   3.839115   3.840005     1.1953     1.3546    0.00096    0.00084    90.0019     0.0585     0.0325     90.197     87.501    34.9495    34.9487    26.8760    26.8736    1495.04    1495.08         17 0.0000e+00
      37776  69.550697    266.000    264.347    10.2536    10.2716   3.840076   3.841553     1.2041     1.3572    0.00118    0.00071    89.9982     0.0548     0.0329     91.307     87.729    34.9501    34.9478    26.8747    26.8698    1495.06    1495.12         23 0.0000e+00
      37806  69.550705    265.000    263.358    10.2454    10.2581   3.839166   3.839901     1.2121     1.3620    0.00269    0.00065    90.0015     0.0506     0.0335     92.360     88.256    34.9492    34.9444    26.8754    26.8695    1495.01    1495.05         36 0.0000e+00
      37843  69.550728    264.000    262.370    10.2333    10.2494   3.837886   3.839094     1.2102     1.3612    0.00926    0.00342    89.9987     0.0511     0.0310     92.127     88.183    34.9483    34.9450    26.8768    26.8715    1494.95    1495.01         37 0.0000e+00
      37880  69.550743    263.000    261.375    10.2557    10.2476   3.840121   3.839058     1.2101     1.3661    0.00153    0.00143    90.0106     0.0520     0.0298     92.053     88.685    34.9499    34.9469    26.8741    26.8732    1495.02    1494.99         39 0.0000e+00
      37920  69.550766    262.000    260.389    10.2798    10.2825   3.842301   3.842167     1.2331     1.3899   -0.00222   -0.00018    90.0042     0.0453     0.0299     94.971     91.126    34.9493    34.9454    26.8695    26.8660    1495.09    1495.09         35 0.0000e+00
      37947  69.550774    261.000    259.396    10.2781    10.2816   3.842077   3.842002     1.2500     1.4085    0.00332    0.00673    90.0109     0.0401     0.0301     97.155     93.080    34.9491    34.9450    26.8696    26.8658    1495.06    1495.07         21 0.0000e+00
      37965  69.550789    260.000    258.406    10.2796    10.2807   3.842151   3.841846     1.2575     1.4167    0.01306    0.01356    90.0189     0.0413     0.0298     98.114     93.937    34.9489    34.9447    26.8692    26.8657    1495.05    1495.05         16 0.0000e+00
      37980  69.550789    259.000    257.407    10.2810    10.2819   3.842197   3.841923     1.2624     1.4224    0.01708    0.01694    90.0033     0.0464     0.0292     98.729     94.523    34.9484    34.9448    26.8685    26.8656    1495.04    1495.04         14 0.0000e+00
      37994  69.550797    258.000    256.411    10.2827    10.2877   3.842317   3.842553     1.2662     1.4284    0.01658    0.01764    90.0051     0.0458     0.0287     99.209     95.134    34.9485    34.9461    26.8683    26.8655    1495.03    1495.05         14 0.0000e+00
      38008  69.550804    257.000    255.408    10.2885    10.2940   3.842895   3.843217     1.2694     1.4345    0.01401    0.01533    90.0138     0.0469     0.0293     99.590     95.745    34.9492    34.9472    26.8678    26.8653    1495.04    1495.05         15 0.0000e+00
      38024  69.550812    256.000    254.417    10.3006    10.3221   3.844149   3.846534     1.2722     1.4406    0.01072    0.01180    90.0018     0.0452     0.0303     99.918     96.313    34.9508    34.9543    26.8669    26.8659    1495.06    1495.14         18 0.0000e+00
      38047  69.550827    255.000    253.420    10.3069    10.3586   3.844648   3.850129     1.2750     1.4469    0.00779    0.01011    90.0092     0.0568     0.0298    100.247     96.884    34.9502    34.9561    26.8654    26.8609    1495.07    1495.26         29 0.0000e+00
      38082  69.550842    254.000    252.439    10.2889    10.3182   3.842794   3.845350     1.2765     1.4520    0.00477    0.00926    90.0151     0.0511     0.0291    100.471     97.508    34.9492    34.9470    26.8676    26.8608    1494.99    1495.09         40 0.0000e+00
      38121  69.550858    253.000    251.444    10.3038    10.3596   3.844376   3.850171     1.2771     1.4550    0.00188    0.00515    89.9759     0.0510     0.0304    100.508     97.705    34.9514    34.9565    26.8667    26.8611    1495.03    1495.23         37 0.0000e+00
      38160  69.550880    252.000    250.452    10.3965    10.4159   3.854372   3.856334     1.2796     1.4591    0.00041    0.00191    90.0108     0.0462     0.0320    100.593     97.996    34.9640    34.9653    26.8605    26.8580    1495.36    1495.43         39 0.0000e+00
      38191  69.550896    251.000    249.465    10.4430    10.4747   3.859120   3.862535     1.2805     1.4620    0.00085    0.00202    90.0188     0.0558     0.0309    100.587     98.147    34.9679    34.9720    26.8553    26.8530    1495.51    1495.63         24 0.0000e+00
      38211  69.550903    250.000    248.471    10.4513    10.4956   3.860174   3.864604     1.2804     1.4631    0.00166    0.00266    90.0253     0.0554     0.0297    100.545     98.203    34.9710    34.9733    26.8563    26.8503    1495.53    1495.69         18 0.0000e+00
      38228  69.550911    249.000    247.477    10.4963    10.5268   3.864933   3.868296     1.2802     1.4634    0.00157    0.00292    90.0204     0.0586     0.0298    100.394     98.152    34.9764    34.9810    26.8525    26.8508    1495.68    1495.79         15 0.0000e+00
      38243  69.550919    248.000    246.475    10.5444    10.5796   3.870189   3.874243     1.2780     1.4626    0.00086    0.00233    90.0187     0.0602     0.0298     99.986     97.930    34.9838    34.9909    26.8498    26.8492    1495.84    1495.97         15 0.0000e+00
      38259  69.550926    247.000    245.477    10.5926    10.6593   3.875191   3.883008     1.2741     1.4614    0.00017    0.00167    90.0078     0.0488     0.0287     99.362     97.604    34.9884    35.0033    26.8449    26.8447    1496.00    1496.25         17 0.0000e+00
      38278  69.550934    246.000    244.480    10.6652    10.7162   3.883242   3.888174     1.2683     1.4569   -0.00017    0.00107    90.0068     0.0469     0.0289     98.429     96.990    35.0004    35.0012    26.8414    26.8330    1496.25    1496.43         22 0.0000e+00
      38304  69.550949    245.000    243.498    10.5801    10.6945   3.874072   3.885344     1.2637     1.4526   -0.00273   -0.00067    90.0170     0.0461     0.0295     98.018     96.585    34.9900    34.9939    26.8483    26.8311    1495.92    1496.33         29 0.0000e+00
      38332  69.550964    244.000    242.503    10.6401    10.7369   3.880830   3.890715     1.2610     1.4520   -0.00655   -0.00391    90.0090     0.0504     0.0307     97.529     96.411    35.0011    35.0078    26.8463    26.8343    1496.13    1496.48         27 0.0000e+00
      38359  69.550972    243.000    241.511    10.7546    10.7983   3.892878   3.897505     1.2567     1.4465   -0.00482   -0.00429    90.0077     0.0507     0.0310     96.702     95.685    35.0131    35.0177    26.8353    26.8310    1496.53    1496.69         28 0.0000e+00
      38391  69.550987    242.000    240.515    10.8001    10.8378   3.897514   3.901363     1.2519     1.4380   -0.00259   -0.00135    90.0122     0.0519     0.0302     95.978     94.696    35.0165    35.0191    26.8298    26.8251    1496.68    1496.82         37 0.0000e+00
      38429  69.551010    241.000    239.528    10.7950    10.8302   3.897177   3.900498     1.2493     1.4323   -0.00397   -0.00588    89.9703     0.0491     0.0307     95.634     94.111    35.0185    35.0181    26.8323    26.8256    1496.65    1496.77         35 0.0000e+00
      38459  69.551025    240.000    238.537    10.8379    10.8489   3.901422   3.902330     1.2475     1.4290   -0.00303   -0.00580    90.0105     0.0551     0.0312     95.306     93.720    35.0205    35.0191    26.8261    26.8230    1496.79    1496.82         26 0.0000e+00
      38483  69.551033    239.000    237.539    10.8403    10.8521   3.901645   3.902565     1.2466     1.4262   -0.00156   -0.00345    90.0079     0.0537     0.0300     95.170     93.408    35.0208    35.0188    26.8259    26.8222    1496.78    1496.82         22 0.0000e+00
      38504  69.551048    238.000    236.550    10.8459    10.8553   3.902192   3.902907     1.2463     1.4241   -0.00141   -0.00237    90.0140     0.0452     0.0310     95.104     93.164    35.0215    35.0196    26.8254    26.8222    1496.78    1496.81         20 0.0000e+00
      38522  69.551056    237.000    235.555    10.8556    10.8696   3.903261   3.904615     1.2462     1.4225   -0.00124   -0.00291    90.0004     0.0445     0.0311     95.063     92.960    35.0233    35.0235    26.8250    26.8227    1496.80    1496.85         17 0.0000e+00
      38539  69.551064    236.000    234.556    10.8734    10.8912   3.905225   3.906985     1.2452     1.4212   -0.00093   -0.00290    90.0005     0.0512     0.0315     94.880     92.757    35.0264    35.0271    26.8242    26.8216    1496.85    1496.92         17 0.0000e+00
      38556  69.551071    235.000    233.561    10.8942    10.9278   3.907542   3.911150     1.2431     1.4207   -0.00069   -0.00254    89.9991     0.0631     0.0305     94.557     92.621    35.0302    35.0342    26.8235    26.8205    1496.91    1497.04         17 0.0000e+00
      38574  69.551079    234.000    232.569    10.9275    10.9763   3.911059   3.916267     1.2412     1.4196   -0.00024   -0.00228    90.0002     0.0554     0.0307     94.224     92.385    35.0341    35.0395    26.8205    26.8159    1497.02    1497.20         18 0.0000e+00
      38594  69.551086    233.000    231.570    10.9596    11.0153   3.914425   3.920298     1.2376     1.4168   -0.00078   -0.00191    89.9991     0.0506     0.0311     93.691     92.004    35.0375    35.0430    26.8173    26.8115    1497.12    1497.32         23 0.0000e+00
      38623  69.551102    232.000    230.580    10.9459    10.9779   3.912902   3.915563     1.2356     1.4142   -0.00265   -0.00128    89.9950     0.0465     0.0301     93.457     91.806    35.0358    35.0319    26.8184    26.8096    1497.05    1497.16         36 0.0000e+00
      38662  69.551125    231.000    229.593    10.9083    10.9492   3.908753   3.912348     1.2365     1.4137   -0.00316   -0.00271    89.9949     0.0565     0.0314     93.641     91.805    35.0307    35.0275    26.8212    26.8113    1496.90    1497.04         41 0.0000e+00
      38699  69.551140    230.000    228.605    10.9539    10.9561   3.913877   3.914183     1.2389     1.4144   -0.00024   -0.00122    89.9941     0.0454     0.0316     93.829     91.841    35.0388    35.0397    26.8193    26.8196    1497.05    1497.06         30 0.0000e+00
      38723  69.551147    229.000    227.607    11.0562    11.0818   3.924895   3.927836     1.2369     1.4120    0.00097    0.00022    90.0052     0.0468     0.0297     93.345     91.309    35.0517    35.0566    26.8108    26.8100    1497.41    1497.50         21 0.0000e+00
      38742  69.551163    228.000    226.614    11.0960    11.1219   3.929083   3.931442     1.2354     1.4098    0.00212    0.00067    90.0042     0.0465     0.0304     93.055     90.994    35.0559    35.0548    26.8068    26.8012    1497.54    1497.62         18 0.0000e+00
      38761  69.551170    227.000    225.613    11.1142    11.1276   3.930892   3.931984     1.2351     1.4093    0.00072   -0.00013    89.9962     0.0534     0.0295     92.963     90.916    35.0571    35.0552    26.8044    26.8005    1497.58    1497.63         20 0.0000e+00
      38784  69.551178    226.000    224.619    11.1157    11.1311   3.930989   3.932291     1.2359     1.4090   -0.00159   -0.00218    90.0026     0.0480     0.0303     93.051     90.869    35.0571    35.0554    26.8041    26.7999    1497.57    1497.62         27 0.0000e+00
      38815  69.551193    225.000    223.633    11.1082    11.1283   3.930198   3.931800     1.2377     1.4090   -0.00121   -0.00166    90.0065     0.0598     0.0309     93.286     90.863    35.0568    35.0535    26.8052    26.7990    1497.53    1497.60         31 0.0000e+00
      38842  69.551208    224.000    222.645    11.1162    11.1294   3.931010   3.932003     1.2387     1.4098    0.00070   -0.00037    89.9804     0.0454     0.0292     93.380     90.927    35.0577    35.0550    26.8044    26.8000    1497.54    1497.59         24 0.0000e+00
      38862  69.551216    223.000    221.650    11.1342    11.1477   3.932769   3.933915     1.2411     1.4112    0.00149   -0.00004    89.9725     0.0448     0.0285     93.642     91.027    35.0585    35.0571    26.8018    26.7982    1497.59    1497.64         18 0.0000e+00
      38880  69.551224    222.000    220.653    11.1458    11.1541   3.933852   3.934333     1.2437     1.4142    0.00111    0.00015    90.0074     0.0466     0.0285     93.925     91.308    35.0587    35.0555    26.7998    26.7958    1497.61    1497.64         17 0.0000e+00
      38897  69.551231    221.000    219.658    11.1520    11.1569   3.934407   3.934511     1.2465     1.4185    0.00087    0.00058    89.9949     0.0461     0.0297     94.255     91.736    35.0588    35.0551    26.7987    26.7950    1497.62    1497.63         17 0.0000e+00
      38915  69.551247    220.000    218.653    11.1547    11.1582   3.934571   3.934560     1.2496     1.4219    0.00206    0.00126    89.9949     0.0465     0.0309     94.627     92.075    35.0583    35.0548    26.7978    26.7945    1497.61    1497.62         19 0.0000e+00
      38936  69.551254    219.000    217.665    11.1534    11.1629   3.934408   3.934919     1.2522     1.4253    0.00320    0.00330    89.9949     0.0507     0.0308     94.950     92.402    35.0584    35.0544    26.7981    26.7932    1497.59    1497.62         25 0.0000e+00
      38972  69.551270    218.000    216.674    11.1510    11.1539   3.934125   3.934005     1.2530     1.4276    0.00382    0.00485    89.9949     0.0522     0.0311     95.043     92.639    35.0583    35.0543    26.7984    26.7948    1497.57    1497.57         46 0.0000e+00
      39013  69.551292    217.000    215.691    11.1518    11.1480   3.934164   3.933400     1.2516     1.4279    0.00189    0.00264    89.9949     0.0505     0.0309     94.857     92.678    35.0583    35.0543    26.7982    26.7958    1497.55    1497.53         32 0.0000e+00
      39039  69.551300    216.000    214.693    11.1608    11.1575   3.934903   3.934259     1.2529     1.4309   -0.00044    0.00078    89.9949     0.0495     0.0301     94.994     92.951    35.0576    35.0543    26.7960    26.7941    1497.57    1497.55         23 0.0000e+00
      39061  69.551315    215.000    213.701    11.1646    11.1669   3.935090   3.934919     1.2557     1.4342   -0.00097    0.00007    89.9949     0.0474     0.0297     95.320     93.265    35.0562    35.0523    26.7942    26.7908    1497.56    1497.56         21 0.0000e+00
      39082  69.551323    214.000    212.706    11.1658    11.1733   3.935133   3.935599     1.2596     1.4364   -0.00017    0.00106    89.9949     0.0459     0.0299     95.806     93.465    35.0560    35.0534    26.7938    26.7905    1497.55    1497.57         21 0.0000e+00
      39104  69.551338    213.000    211.709    11.1699    11.1813   3.935500   3.936381     1.2646     1.4381    0.00168    0.00315    89.9995     0.0456     0.0303     96.413     93.609    35.0561    35.0541    26.7932    26.7895    1497.55    1497.58         22 0.0000e+00
      39126  69.551346    212.000    210.713    11.1764    11.1872   3.936150   3.936962     1.2696     1.4423    0.00335    0.00328    89.9980     0.0446     0.0302     97.015     94.020    35.0568    35.0547    26.7925    26.7889    1497.55    1497.59         23 0.0000e+00
