data-processing/CTD/data/cnv/ures020.cnv
* Sea-Bird SBE 9 Data File:
* FileName = C:\SEASOFT\PIRATA-FR32\data\fr32020.hex
* Software Version Seasave V 7.26.7.107
* Temperature SN = 6083
* Conductivity SN = 4509
* Number of Bytes Per Scan = 42
* Number of Voltage Words = 3
* Number of Scans Averaged by the Deck Unit = 1
* NMEA Latitude = 06 01.56 S
* NMEA Longitude = 010 00.61 W
* NMEA UTC (Time) = Mar 11 2022 01:24:21
** Cruise: PIRATA-FR32
** Ship: THALASSA
** Station: 020
** Bottom Depth: 3554
** Barometric pressure : 1008.1
** Temp Air: 28.3
** Operator: SCP
** Comments:
# nquan = 25
# nvalues = 1999                        
# units = specified
# name 0 = scan: Scan Count
# name 1 = timeJ: Julian Days
# name 2 = prDM: Pressure, Digiquartz [db]
# name 3 = depSM: Depth [salt water, m]
# name 4 = t090C: Temperature [ITS-90, deg C]
# name 5 = t190C: Temperature, 2 [ITS-90, deg C]
# name 6 = c0S/m: Conductivity [S/m]
# name 7 = c1S/m: Conductivity, 2 [S/m]
# name 8 = sbeox0V: Oxygen raw, SBE 43 [V]
# name 9 = sbeox1V: Oxygen raw, SBE 43, 2 [V]
# name 10 = sbox0dV/dT: Oxygen, SBE 43 [dov/dt]
# name 11 = sbox1dV/dT: Oxygen, SBE 43, 2 [dov/dt]
# name 12 = CStarTr0: Beam Transmission, WET Labs C-Star [%]
# name 13 = flECO-AFL: Fluorescence, WET Labs ECO-AFL/FL [mg/m^3]
# name 14 = flC: Fluorescence, Chelsea Aqua 3 Chl Con [ug/l]
# name 15 = sbox0Mm/Kg: Oxygen, SBE 43 [umol/kg], WS = 2
# name 16 = sbox1Mm/Kg: Oxygen, SBE 43, 2 [umol/kg], WS = 2
# name 17 = sal00: Salinity, Practical [PSU]
# name 18 = sal11: Salinity, Practical, 2 [PSU]
# name 19 = sigma-é00: Density [sigma-theta, kg/m^3]
# name 20 = sigma-é11: Density, 2 [sigma-theta, kg/m^3]
# name 21 = svCM: Sound Velocity [Chen-Millero, m/s]
# name 22 = svCM1: Sound Velocity, 2 [Chen-Millero, m/s]
# name 23 = nbin: number of scans per bin
# name 24 = flag: flag
# span 0 =      67939,     160335       
# span 1 =  70.091351,  70.135910       
# span 2 =      3.000,   2001.000       
# span 3 =      2.978,   1980.416       
# span 4 =     3.5604,    28.3666       
# span 5 =     3.5587,    28.3673       
# span 6 =   3.290658,   5.826707       
# span 7 =   3.290295,   5.826162       
# span 8 =     0.9954,     2.7143       
# span 9 =     1.1208,     3.1503       
# span 10 =   -0.00976,    0.04153      
# span 11 =   -0.00994,    0.05520      
# span 12 =    84.4087,    90.2803      
# span 13 =     0.0302,     1.8408      
# span 14 =     0.0097,     0.5161      
# span 15 =     66.792,    234.409      
# span 16 =     65.183,    229.389      
# span 17 =    34.5096,    36.2063      
# span 18 =    34.5057,    36.2055      
# span 19 =    23.1386,    27.8132      
# span 20 =    23.1349,    27.8107      
# span 21 =    1482.89,    1543.77      
# span 22 =    1482.89,    1543.78      
# span 23 =         15,        149      
# span 24 = 0.0000e+00, 0.0000e+00      
# interval = decibars: 1                
# start_time = Mar 11 2022 01:24:22 [System UTC, first data scan.]
# bad_flag = -9.990e-29
*END*
[from data line 522]
      88142  70.101097   1479.000   1465.591     4.1973     4.1972   3.333313   3.332989     1.7136     1.9788   -0.00003   -0.00029    90.2746     0.0540     0.0154    214.265    209.658    34.9429    34.9392    27.7327    27.7298    1491.79    1491.78         25 0.0000e+00
      88166  70.101105   1478.000   1464.601     4.1978     4.1984   3.333312   3.333071     1.7140     1.9796    0.00004   -0.00036    90.2688     0.0546     0.0147    214.298    209.731    34.9428    34.9394    27.7326    27.7298    1491.77    1491.77         23 0.0000e+00
      88188  70.101120   1477.000   1463.618     4.1990     4.2006   3.333387   3.333208     1.7137     1.9799    0.00007   -0.00022    90.2701     0.0502     0.0156    214.221    209.730    34.9429    34.9391    27.7325    27.7294    1491.76    1491.76         21 0.0000e+00
      88208  70.101128   1476.000   1462.618     4.2012     4.2054   3.333515   3.333525     1.7133     1.9799    0.00006    0.00049    90.2661     0.0455     0.0161    214.099    209.677    34.9426    34.9384    27.7321    27.7283    1491.75    1491.77         20 0.0000e+00
      88230  70.101135   1475.000   1461.635     4.2043     4.2109   3.333709   3.333928     1.7128     1.9803    0.00018    0.00070    90.2658     0.0460     0.0165    213.979    209.675    34.9421    34.9378    27.7313    27.7272    1491.75    1491.77         23 0.0000e+00
      88256  70.101151   1474.000   1460.645     4.2091     4.2149   3.334033   3.334242     1.7118     1.9797   -0.00031    0.00019    90.2591     0.0457     0.0148    213.735    209.544    34.9414    34.9377    27.7302    27.7267    1491.75    1491.77         32 0.0000e+00
      88294  70.101166   1473.000   1459.666     4.2125     4.2184   3.334287   3.334492     1.7107     1.9785   -0.00066    0.00009    90.2626     0.0534     0.0160    213.499    209.314    34.9412    34.9375    27.7297    27.7261    1491.75    1491.77         40 0.0000e+00
      88329  70.101181   1472.000   1458.675     4.2201     4.2204   3.334889   3.334621     1.7102     1.9771   -0.00096   -0.00055    90.2616     0.0476     0.0185    213.331    209.085    34.9409    34.9374    27.7286    27.7258    1491.76    1491.76         28 0.0000e+00
      88353  70.101196   1471.000   1457.691     4.2161     4.2218   3.334521   3.334689     1.7099     1.9765   -0.00050   -0.00085    90.2653     0.0456     0.0175    213.285    208.963    34.9412    34.9372    27.7293    27.7256    1491.73    1491.75         22 0.0000e+00
      88374  70.101204   1470.000   1456.705     4.2200     4.2227   3.334804   3.334726 -9.990e-29     1.9763   -0.00033   -0.00115    90.2673     0.0501     0.0166 -9.990e-29    208.892    34.9409    34.9372    27.7287    27.7254    1491.73    1491.74         22 0.0000e+00
      88397  70.101219   1469.000   1455.705     4.2229     4.2237   3.334990   3.334731 -9.990e-29     1.9760   -0.00042   -0.00072    90.2632     0.0505     0.0168 -9.990e-29    208.828    34.9406    34.9367    27.7281    27.7249    1491.73    1491.72         26 0.0000e+00
      88431  70.101234   1468.000   1454.723     4.2228     4.2241   3.334936   3.334701 -9.990e-29     1.9764   -0.00013   -0.00038    90.2631     0.0456     0.0169 -9.990e-29    208.852    34.9406    34.9364    27.7281    27.7247    1491.71    1491.71         40 0.0000e+00
      88466  70.101250   1467.000   1453.743     4.2236     4.2242   3.334939   3.334679     1.7092     1.9753   -0.00023    0.00007    90.2663     0.0450     0.0173    213.009    208.666    34.9403    34.9365    27.7277    27.7247    1491.69    1491.69         27 0.0000e+00
      88489  70.101265   1466.000   1452.760     4.2242     4.2246   3.334947   3.334658     1.7089     1.9746   -0.00025    0.00022    90.2679     0.0519     0.0166    212.922    208.530    34.9402    34.9363    27.7276    27.7245    1491.68    1491.68         21 0.0000e+00
      88509  70.101273   1465.000   1451.765     4.2248     4.2248   3.334943   3.334630     1.7085     1.9742   -0.00018   -0.00063    90.2628     0.0468     0.0167    212.812    208.453    34.9400    34.9363    27.7274    27.7244    1491.67    1491.66         19 0.0000e+00
      88528  70.101280   1464.000   1450.768     4.2254     4.2252   3.334950   3.334614     1.7084     1.9741    0.00002   -0.00081    90.2652     0.0459     0.0164    212.780    208.404    34.9399    34.9362    27.7272    27.7243    1491.65    1491.65         19 0.0000e+00
      88548  70.101288   1463.000   1449.783     4.2260     4.2260   3.334944   3.334634     1.7084     1.9740   -0.00028   -0.00065    90.2656     0.0460     0.0167    212.747    208.356    34.9397    34.9361    27.7270    27.7241    1491.64    1491.63         21 0.0000e+00
      88572  70.101303   1462.000   1448.797     4.2270     4.2275   3.334994   3.334717     1.7081     1.9733   -0.00042   -0.00047    90.2592     0.0534     0.0164    212.663    208.217    34.9398    34.9360    27.7269    27.7239    1491.62    1491.62         28 0.0000e+00
      88603  70.101318   1461.000   1447.813     4.2283     4.2283   3.335049   3.334749     1.7078     1.9733   -0.00003   -0.00023    90.2592     0.0506     0.0164    212.566    208.195    34.9395    34.9360    27.7266    27.7238    1491.61    1491.61         35 0.0000e+00
      88642  70.101334   1460.000   1446.823     4.2298     4.2299   3.335153   3.334865     1.7073     1.9730   -0.00030   -0.00031    90.2662     0.0442     0.0146    212.441    208.107    34.9396    34.9361    27.7265    27.7237    1491.60    1491.60         40 0.0000e+00
      88676  70.101349   1459.000   1445.844     4.2308     4.2321   3.335196   3.335032 -9.990e-29     1.9725   -0.00035   -0.00023    90.2726     0.0446     0.0153 -9.990e-29    207.997    34.9396    34.9363    27.7264    27.7236    1491.59    1491.59         27 0.0000e+00
      88700  70.101364   1458.000   1444.859     4.2315     4.2328   3.335229   3.335050 -9.990e-29     1.9719   -0.00031   -0.00007    90.2749     0.0447     0.0158 -9.990e-29    207.878    34.9397    34.9362    27.7264    27.7235    1491.58    1491.58         22 0.0000e+00
      88720  70.101372   1457.000   1443.856     4.2333     4.2335   3.335343   3.335068 -9.990e-29     1.9716   -0.00005   -0.00016    90.2778     0.0447     0.0159 -9.990e-29    207.802    34.9397    34.9363    27.7262    27.7234    1491.57    1491.56         19 0.0000e+00
      88739  70.101379   1456.000   1442.874     4.2339     4.2337   3.335354   3.335042 -9.990e-29     1.9716    0.00006   -0.00055    90.2565     0.0469     0.0170 -9.990e-29    207.773    34.9396    34.9362    27.7261    27.7234    1491.55    1491.55         19 0.0000e+00
      88760  70.101395   1455.000   1441.886     4.2340     4.2340   3.335327   3.335009     1.7074     1.9722    0.00006   -0.00063    90.2759     0.0455     0.0175    212.295    207.831    34.9397    34.9360    27.7261    27.7232    1491.54    1491.53         23 0.0000e+00
      88785  70.101402   1454.000   1440.897     4.2349     4.2351   3.335360   3.335057     1.7074     1.9724   -0.00004   -0.00018    90.2706     0.0477     0.0167    212.261    207.826    34.9396    34.9359    27.7259    27.7230    1491.52    1491.52         29 0.0000e+00
      88817  70.101418   1453.000   1439.909     4.2365     4.2369   3.335447   3.335160     1.7075     1.9716    0.00009    0.00031    90.2746     0.0487     0.0159    212.238    207.679    34.9395    34.9357    27.7256    27.7226    1491.51    1491.51         33 0.0000e+00
      88850  70.101433   1452.000   1438.922     4.2379     4.2383   3.335514   3.335230     1.7074     1.9710    0.00004    0.00012    90.2674     0.0499     0.0162    212.198    207.571    34.9392    34.9355    27.7253    27.7223    1491.50    1491.50         33 0.0000e+00
      88881  70.101448   1451.000   1437.940     4.2381     4.2389   3.335469   3.335207 -9.990e-29 -9.990e-29   -0.00003   -0.00068    90.2738     0.0452     0.0187 -9.990e-29 -9.990e-29    34.9391    34.9352    27.7251    27.7219    1491.49    1491.48         29 0.0000e+00
      88909  70.101463   1450.000   1436.953     4.2389     4.2393   3.335474   3.335186 -9.990e-29 -9.990e-29   -0.00009   -0.00035    90.2688     0.0452     0.0178 -9.990e-29 -9.990e-29    34.9388    34.9350    27.7248    27.7217    1491.47    1491.47         25 0.0000e+00
      88932  70.101479   1449.000   1435.964     4.2395     4.2398   3.335477   3.335172 -9.990e-29 -9.990e-29   -0.00013   -0.00021    90.2761     0.0456     0.0191 -9.990e-29 -9.990e-29    34.9386    34.9348    27.7246    27.7215    1491.46    1491.45         22 0.0000e+00
      88953  70.101486   1448.000   1434.973     4.2404     4.2405   3.335493   3.335181     1.7065     1.9717   -0.00018    0.00005    90.2690     0.0438     0.0209    211.907    207.534    34.9384    34.9346    27.7243    27.7213    1491.44    1491.44         21 0.0000e+00
      88975  70.101494   1447.000   1433.981     4.2413     4.2417   3.335494   3.335161     1.7062     1.9716   -0.00011    0.00043    90.2625     0.0443     0.0214    211.818    207.487    34.9379    34.9336    27.7238    27.7204    1491.43    1491.43         24 0.0000e+00
      89001  70.101509   1446.000   1432.996     4.2422     4.2432   3.335464   3.335173     1.7059     1.9711   -0.00021    0.00007    90.2741     0.0447     0.0192    211.741    207.386    34.9372    34.9327    27.7231    27.7194    1491.42    1491.42         28 0.0000e+00
      89029  70.101524   1445.000   1432.014     4.2452     4.2458   3.335596   3.335314     1.7050     1.9704   -0.00034    0.00017    90.2777     0.0448     0.0191    211.536    207.251    34.9360    34.9321    27.7218    27.7187    1491.41    1491.41         27 0.0000e+00
      89055  70.101532   1444.000   1431.024     4.2457     4.2473   3.335608   3.335403     1.7043     1.9690   -0.00038   -0.00027    90.2687     0.0451     0.0198    211.379    207.007    34.9361    34.9321    27.7219    27.7185    1491.40    1491.40         25 0.0000e+00
      89080  70.101547   1443.000   1430.035     4.2466     4.2482   3.335634   3.335442     1.7036     1.9681   -0.00059   -0.00069    90.2641     0.0497     0.0181    211.236    206.851    34.9359    34.9321    27.7216    27.7184    1491.38    1491.39         25 0.0000e+00
      89105  70.101555   1442.000   1429.047     4.2479     4.2494   3.335701   3.335521     1.7029     1.9675   -0.00071   -0.00104    90.2648     0.0499     0.0180    211.076    206.725    34.9359    34.9322    27.7215    27.7184    1491.37    1491.37         26 0.0000e+00
      89134  70.101570   1441.000   1428.056     4.2498     4.2500   3.335828   3.335538     1.7025     1.9669   -0.00068   -0.00096    90.2703     0.0446     0.0172    210.965    206.609    34.9358    34.9323    27.7212    27.7183    1491.36    1491.36         31 0.0000e+00
      89167  70.101585   1440.000   1427.074     4.2509     4.2506   3.335876   3.335531     1.7026     1.9661   -0.00058   -0.00061    90.2625     0.0438     0.0148    210.955    206.478    34.9357    34.9321    27.7210    27.7182    1491.35    1491.35         35 0.0000e+00
      89199  70.101601   1439.000   1426.093     4.2515     4.2513   3.335885   3.335561 -9.990e-29 -9.990e-29   -0.00029   -0.00056    90.2668     0.0447     0.0154 -9.990e-29 -9.990e-29    34.9357    34.9322    27.7209    27.7181    1491.34    1491.33         28 0.0000e+00
      89225  70.101616   1438.000   1425.095     4.2512     4.2517   3.335819   3.335540 -9.990e-29 -9.990e-29   -0.00015   -0.00058    90.2572     0.0447     0.0158 -9.990e-29 -9.990e-29    34.9357    34.9320    27.7210    27.7179    1491.32    1491.32         23 0.0000e+00
      89246  70.101624   1437.000   1424.117     4.2522     4.2523   3.335860   3.335543     1.7021     1.9661   -0.00017   -0.00029    90.2650     0.0447     0.0151    210.766    206.363    34.9356    34.9318    27.7207    27.7177    1491.31    1491.30         20 0.0000e+00
      89265  70.101639   1436.000   1423.126     4.2529     4.2528   3.335859   3.335547     1.7020     1.9664   -0.00001   -0.00022    90.2698     0.0456     0.0154    210.724    206.395    34.9354    34.9319    27.7205    27.7177    1491.29    1491.29         18 0.0000e+00
      89283  70.101646   1435.000   1422.131     4.2534     4.2535   3.335850   3.335553     1.7021     1.9665    0.00005    0.00024    90.2567     0.0459     0.0149    210.718    206.370    34.9353    34.9317    27.7204    27.7175    1491.28    1491.27         19 0.0000e+00
      89305  70.101654   1434.000   1421.137     4.2541     4.2545   3.335859   3.335588     1.7021     1.9659   -0.00011    0.00024    90.2593     0.0445     0.0151    210.672    206.261    34.9352    34.9315    27.7202    27.7172    1491.26    1491.26         27 0.0000e+00
      89349  70.101677   1433.000   1420.160     4.2531     4.2534   3.335755   3.335453     1.7015     1.9653    0.00000   -0.00005    90.2564     0.0446     0.0156    210.558    206.151    34.9354    34.9316    27.7205    27.7174    1491.24    1491.24         55 0.0000e+00
      89387  70.101692   1432.000   1419.182     4.2574     4.2586   3.336014   3.335783     1.7017     1.9650   -0.00034   -0.00058    90.2565     0.0453     0.0156    210.539    206.043    34.9344    34.9306    27.7192    27.7160    1491.24    1491.24         23 0.0000e+00
      89407  70.101707   1431.000   1418.188     4.2562     4.2610   3.335900   3.335922     1.7012     1.9657   -0.00022   -0.00038    90.2565     0.0456     0.0151    210.422    206.110    34.9349    34.9301    27.7197    27.7154    1491.22    1491.24         19 0.0000e+00
      89426  70.101715   1430.000   1417.192     4.2611     4.2643   3.336194   3.336099     1.7009     1.9647 9.8049e-07   -0.00017    90.2565     0.0452     0.0159    210.323    205.925    34.9337    34.9292    27.7182    27.7143    1491.22    1491.23         19 0.0000e+00
      89447  70.101723   1429.000   1416.203     4.2642     4.2656   3.336364   3.336153     1.6999     1.9647    0.00001    0.00002    90.2565     0.0497     0.0167    210.095    205.888    34.9329    34.9290    27.7173    27.7140    1491.22    1491.22         23 0.0000e+00
      89472  70.101738   1428.000   1415.214     4.2655     4.2663   3.336413   3.336149     1.6990     1.9638   -0.00039    0.00009    90.2565     0.0482     0.0167    209.910    205.725    34.9327    34.9287    27.7169    27.7137    1491.21    1491.21         27 0.0000e+00
      89501  70.101753   1427.000   1414.237     4.2673     4.2673   3.336486   3.336159     1.6982     1.9628   -0.00086   -0.00045    90.2565     0.0463     0.0176    209.735    205.559    34.9320    34.9283    27.7162    27.7132    1491.20    1491.19         29 0.0000e+00
      89527  70.101761   1426.000   1413.249     4.2673     4.2678   3.336433   3.336136     1.6974     1.9613   -0.00094   -0.00079    90.2565     0.0455     0.0175    209.575    205.308    34.9319    34.9279    27.7161    27.7129    1491.18    1491.18         24 0.0000e+00
      89550  70.101776   1425.000   1412.254     4.2676     4.2682   3.336397   3.336080     1.6970     1.9602   -0.00064   -0.00079    90.2565     0.0443     0.0176    209.468    205.128    34.9317    34.9274    27.7159    27.7124    1491.17    1491.16         24 0.0000e+00
      89575  70.101784   1424.000   1411.266     4.2687     4.2694   3.336399   3.336072     1.6963     1.9594   -0.00071   -0.00104    90.2565     0.0446     0.0173    209.307    204.983    34.9310    34.9265    27.7152    27.7116    1491.15    1491.15         27 0.0000e+00
      89608  70.101799   1423.000   1410.282     4.2696     4.2695   3.336372   3.336012     1.6952     1.9582   -0.00055   -0.00115    90.2565     0.0450     0.0176    209.087    204.783    34.9303    34.9262    27.7145    27.7113    1491.14    1491.13         38 0.0000e+00
