data-processing/CTD/data/cnv/ures003.cnv
* Sea-Bird SBE 9 Data File:
* FileName = C:\SEASOFT\PIRATA-FR32\data\fr32003.hex
* Software Version Seasave V 7.26.7.107
* Temperature SN = 6083
* Conductivity SN = 4509
* Number of Bytes Per Scan = 42
* Number of Voltage Words = 3
* Number of Scans Averaged by the Deck Unit = 1
* NMEA Latitude = 08 29.97 N
* NMEA Longitude = 019 27.09 W
* NMEA UTC (Time) = Mar 04 2022 23:37:48
** Cruise: PIRATA-FR32
** Ship: THALASSA
** Station: 003
** Bottom Depth: 4492
** Barometric pressure : 1009
** Temp Air: 25.8
** Operator: LWMH
** Comments:
# nquan = 25
# nvalues = 501                         
# units = specified
# name 0 = scan: Scan Count
# name 1 = timeJ: Julian Days
# name 2 = prDM: Pressure, Digiquartz [db]
# name 3 = depSM: Depth [salt water, m]
# name 4 = t090C: Temperature [ITS-90, deg C]
# name 5 = t190C: Temperature, 2 [ITS-90, deg C]
# name 6 = c0S/m: Conductivity [S/m]
# name 7 = c1S/m: Conductivity, 2 [S/m]
# name 8 = sbeox0V: Oxygen raw, SBE 43 [V]
# name 9 = sbeox1V: Oxygen raw, SBE 43, 2 [V]
# name 10 = sbox0dV/dT: Oxygen, SBE 43 [dov/dt]
# name 11 = sbox1dV/dT: Oxygen, SBE 43, 2 [dov/dt]
# name 12 = CStarTr0: Beam Transmission, WET Labs C-Star [%]
# name 13 = flECO-AFL: Fluorescence, WET Labs ECO-AFL/FL [mg/m^3]
# name 14 = flC: Fluorescence, Chelsea Aqua 3 Chl Con [ug/l]
# name 15 = sbox0Mm/Kg: Oxygen, SBE 43 [umol/kg], WS = 2
# name 16 = sbox1Mm/Kg: Oxygen, SBE 43, 2 [umol/kg], WS = 2
# name 17 = sal00: Salinity, Practical [PSU]
# name 18 = sal11: Salinity, Practical, 2 [PSU]
# name 19 = sigma-é00: Density [sigma-theta, kg/m^3]
# name 20 = sigma-é11: Density, 2 [sigma-theta, kg/m^3]
# name 21 = svCM: Sound Velocity [Chen-Millero, m/s]
# name 22 = svCM1: Sound Velocity, 2 [Chen-Millero, m/s]
# name 23 = nbin: number of scans per bin
# name 24 = flag: flag
# span 0 =      20754,      65247       
# span 1 =  63.994603,  64.016060       
# span 2 =      1.000,    501.000       
# span 3 =      0.982,    497.584       
# span 4 =     9.3705,    25.7965       
# span 5 =     9.3710,    25.8052       
# span 6 =   3.772837,   5.515045       
# span 7 =   3.772628,   5.515237       
# span 8 =     0.7717,     2.6257       
# span 9 =     0.8525,     3.0360       
# span 10 =   -0.04044,    0.05416      
# span 11 =   -0.04728,    0.04945      
# span 12 =    83.6947,    89.9028      
# span 13 =     0.0406,     2.3894      
# span 14 =     0.0262,     0.7545      
# span 15 =     36.019,    197.836      
# span 16 =     35.149,    191.211      
# span 17 =    35.0104,    36.0026      
# span 18 =    35.0075,    36.0179      
# span 19 =    23.7829,    27.0753      
# span 20 =    23.7760,    27.0742      
# span 21 =    1495.77,    1537.65      
# span 22 =    1495.77,    1537.67      
# span 23 =         14,        152      
# span 24 = 0.0000e+00, 0.0000e+00      
# interval = decibars: 1                
# start_time = Mar 04 2022 23:37:49 [System UTC, first data scan.]
# bad_flag = -9.990e-29
*END*
[from data line 232]
      33258  64.000633    269.000    267.307    12.9063    12.9530   4.131470   4.136459     1.1629     1.3177    0.00008   -0.00039    89.8331     0.0495     0.0337     80.907     78.548    35.3066    35.3107    26.6568    26.6506    1504.69    1504.85         15 0.0000e+00
      33274  64.000641    268.000    266.322    12.9510    12.9936   4.136765   4.141136     1.1642     1.3195    0.00127   -0.00015    89.8284     0.0506     0.0336     80.973     78.642    35.3159    35.3179    26.6550    26.6480    1504.83    1504.98         17 0.0000e+00
      33293  64.000648    267.000    265.321    12.9888    13.0326   4.140308   4.144960     1.1671     1.3217    0.00253    0.00035    89.8341     0.0623     0.0335     81.246     78.785    35.3149    35.3185    26.6467    26.6406    1504.94    1505.09         22 0.0000e+00
      33330  64.000671    266.000    264.333    12.9486    13.0024   4.135904   4.141366     1.1690     1.3224    0.00240    0.00192    89.8294     0.0540     0.0347     81.539     78.898    35.3107    35.3127    26.6514    26.6422    1504.79    1504.97         64 0.0000e+00
      33405  64.000702    265.000    263.360    12.9581    12.9714   4.136852   4.137983     1.1681     1.3235    0.00082   -0.00019    89.8358     0.0576     0.0340     81.405     79.049    35.3113    35.3098    26.6500    26.6461    1504.80    1504.85         42 0.0000e+00
      33421  64.000710    264.000    262.364    12.9201    12.9716   4.133081   4.138673     1.1718     1.3254   -0.00143   -0.00033    89.8419     0.0563     0.0339     81.913     79.227    35.3112    35.3166    26.6574    26.6513    1504.66    1504.84         18 0.0000e+00
      33436  64.000717    263.000    261.364    12.9857    13.0765   4.140413   4.150277     1.1826     1.3288   -0.00068    0.00027    89.8280     0.0563     0.0333     83.091     79.369    35.3204    35.3300    26.6514    26.6406    1504.87    1505.19         14 0.0000e+00
      33450  64.000725    262.000    260.372    13.0702    13.1233   4.149376   4.154400     1.1965     1.3366    0.00016    0.00095    89.8354     0.0563     0.0329     84.621     80.056    35.3276    35.3261    26.6400    26.6281    1505.15    1505.32         14 0.0000e+00
      33464  64.000732    261.000    259.363    13.1086    13.1365   4.153122   4.155750     1.2094     1.3493    0.00094    0.00145    89.8506     0.0563     0.0327     86.109     81.276    35.3280    35.3270    26.6325    26.6261    1505.26    1505.35         14 0.0000e+00
      33479  64.000740    260.000    258.367    13.1273    13.1475   4.155036   4.156921     1.2202     1.3640    0.00425    0.00202    89.8496     0.0563     0.0327     87.378     82.699    35.3293    35.3284    26.6297    26.6249    1505.30    1505.37         18 0.0000e+00
      33500  64.000748    259.000    257.377    13.1387    13.1582   4.156126   4.158019     1.2291     1.3796    0.01550    0.00713    89.8495     0.0563     0.0330     88.418     84.218    35.3294    35.3293    26.6274    26.6234    1505.33    1505.39         26 0.0000e+00
      33530  64.000763    258.000    256.399    13.1291    13.1589   4.155126   4.158140     1.2338     1.3914    0.02082    0.01983    89.8384     0.0563     0.0324     88.996     85.374    35.3293    35.3302    26.6292    26.6240    1505.28    1505.38         30 0.0000e+00
      33556  64.000778    257.000    255.407    13.1461    13.1516   4.156971   4.157310     1.2358     1.3976    0.01255    0.01976    89.8398     0.0563     0.0346     89.201     85.982    35.3315    35.3296    26.6275    26.6249    1505.32    1505.34         21 0.0000e+00
      33574  64.000786    256.000    254.408    13.1720    13.1952   4.160079   4.162627     1.2396     1.4037    0.00689    0.01370    89.8508     0.0563     0.0335     89.593     86.491    35.3373    35.3400    26.6268    26.6241    1505.40    1505.48         16 0.0000e+00
      33590  64.000793    255.000    253.416    13.2217    13.2473   4.165261   4.167669     1.2458     1.4098    0.00323    0.00867    89.8507     0.0563     0.0329     90.241     86.984    35.3408    35.3398    26.6193    26.6134    1505.55    1505.63         16 0.0000e+00
      33606  64.000801    254.000    252.414    13.2373    13.2592   4.166821   4.168880     1.2515     1.4147    0.00194    0.00628    89.8522     0.0563     0.0329     90.891     87.436    35.3415    35.3407    26.6167    26.6116    1505.58    1505.65         17 0.0000e+00
      33624  64.000809    253.000    251.421    13.2531    13.2709   4.168475   4.170071     1.2558     1.4208    0.00317    0.00682    89.8522     0.0617     0.0329     91.362     88.003    35.3429    35.3416    26.6145    26.6099    1505.62    1505.68         20 0.0000e+00
      33649  64.000824    252.000    250.427    13.2706    13.2799   4.170236   4.170959     1.2589     1.4282    0.00740    0.00834    89.8522     0.0570     0.0330     91.693     88.707    35.3439    35.3420    26.6117    26.6083    1505.66    1505.69         31 0.0000e+00
      33688  64.000839    251.000    249.440    13.2755    13.2745   4.170725   4.170303     1.2614     1.4338    0.00567    0.00780    89.8522     0.0496     0.0324     91.975     89.256    35.3443    35.3412    26.6110    26.6088    1505.66    1505.66         45 0.0000e+00
      33728  64.000862    250.000    248.450    13.2759    13.2813   4.170739   4.170923     1.2634     1.4374    0.00197    0.00473    89.8194     0.0565     0.0332     92.208     89.591    35.3445    35.3412    26.6111    26.6074    1505.65    1505.66         33 0.0000e+00
      33756  64.000870    249.000    247.464    13.2754    13.2864   4.170730   4.171778     1.2695     1.4396    0.00105    0.00239    89.8625     0.0563     0.0311     92.931     89.779    35.3453    35.3451    26.6117    26.6093    1505.63    1505.67         23 0.0000e+00
      33776  64.000885    248.000    246.467    13.3047    13.3365   4.173913   4.177023     1.2828     1.4478    0.00115    0.00237    89.8602     0.0563     0.0316     94.471     90.477    35.3487    35.3486    26.6084    26.6018    1505.72    1505.82         18 0.0000e+00
      33793  64.000893    247.000    245.470    13.3238    13.3522   4.175890   4.178589     1.2957     1.4583    0.00162    0.00173    89.7901     0.0562     0.0318     95.975     91.473    35.3502    35.3493    26.6056    26.5991    1505.76    1505.86         16 0.0000e+00
      33809  64.000900    246.000    244.474    13.3502    13.3645   4.178666   4.179865     1.3061     1.4704    0.00425    0.00169    89.6991     0.0406     0.0316     97.161     92.622    35.3523    35.3504    26.6018    26.5974    1505.84    1505.88         17 0.0000e+00
      33826  64.000908    245.000    243.476    13.3585    13.3720   4.179539   4.180636     1.3154     1.4830    0.01054    0.00546    89.8564     0.0430     0.0311     98.249     93.831    35.3533    35.3512    26.6008    26.5964    1505.85    1505.89         17 0.0000e+00
      33844  64.000916    244.000    242.483    13.3763    13.3850   4.181360   4.181995     1.3239     1.4957    0.01652    0.01150    89.8699     0.0485     0.0317     99.226     95.041    35.3545    35.3524    26.5981    26.5947    1505.89    1505.92         20 0.0000e+00
      33865  64.000923    243.000    241.494    13.3755    13.3940   4.181217   4.182907     1.3313     1.5069    0.01654    0.01630    89.8588     0.0488     0.0322    100.110     96.106    35.3543    35.3531    26.5981    26.5934    1505.87    1505.93         22 0.0000e+00
      33889  64.000938    242.000    240.500    13.3846    13.4020   4.182136   4.183720     1.3372     1.5160    0.01337    0.01776    89.8592     0.0618     0.0315    100.782     96.970    35.3550    35.3538    26.5967    26.5922    1505.89    1505.94         24 0.0000e+00
      33914  64.000946    241.000    239.509    13.4019    13.4176   4.184033   4.185426     1.3419     1.5242    0.01009    0.01503    89.8708     0.0506     0.0309    101.305     97.733    35.3573    35.3559    26.5950    26.5906    1505.93    1505.98         27 0.0000e+00
      33942  64.000961    240.000    238.514    13.4119    13.4313   4.185088   4.186849     1.3473     1.5318    0.00680    0.01036    89.8624     0.0475     0.0310    101.914     98.441    35.3584    35.3571    26.5937    26.5887    1505.95    1506.01         28 0.0000e+00
      33968  64.000977    239.000    237.525    13.4228    13.4431   4.186181   4.188173     1.3488     1.5360    0.00469    0.00797    89.8692     0.0466     0.0313    102.064     98.816    35.3591    35.3591    26.5920    26.5879    1505.97    1506.03         24 0.0000e+00
      33991  64.000984    238.000    236.534    13.4384    13.4673   4.187874   4.190960     1.3409     1.5370    0.00471    0.00736    89.8716     0.0466     0.0308    101.059     98.847    35.3610    35.3634    26.5903    26.5861    1506.00    1506.10         21 0.0000e+00
      34011  64.000999    237.000    235.534    13.4507    13.4881   4.189538   4.193257     1.3279     1.5337    0.00394    0.00558    89.8520     0.0518     0.0310     99.456     98.464    35.3658    35.3662    26.5914    26.5841    1506.03    1506.16         20 0.0000e+00
      34031  64.001007    236.000    234.541    13.4804    13.5083   4.192739   4.195358     1.3174     1.5247   -0.00011    0.00339    89.8522     0.0567     0.0326     98.124     97.525    35.3689    35.3677    26.5876    26.5810    1506.12    1506.21         20 0.0000e+00
      34052  64.001015    235.000    233.548    13.5002    13.5194   4.194772   4.196525     1.3123     1.5153   -0.00847    0.00071    89.8522     0.0543     0.0326     97.458     96.569    35.3702    35.3689    26.5846    26.5797    1506.17    1506.23         22 0.0000e+00
      34074  64.001030    234.000    232.549    13.5150    13.5269   4.196248   4.197277     1.3143     1.5086   -0.01417   -0.00482    89.8522     0.0469     0.0323     97.655     95.891    35.3708    35.3695    26.5820    26.5785    1506.20    1506.24         24 0.0000e+00
      34102  64.001038    233.000    231.561    13.5310    13.5365   4.198027   4.198291     1.3234     1.5081   -0.00942   -0.01049    89.8638     0.0504     0.0314     98.697     95.805    35.3732    35.3706    26.5805    26.5773    1506.24    1506.26         32 0.0000e+00
      34136  64.001053    232.000    230.572    13.5387    13.5494   4.198841   4.199678     1.3324     1.5170    0.00216   -0.00671    89.8634     0.0643     0.0292     99.748     96.635    35.3741    35.3721    26.5796    26.5758    1506.25    1506.28         34 0.0000e+00
      34165  64.001068    231.000    229.584    13.5383    13.5674   4.198766   4.201716     1.3363     1.5211    0.00809    0.00093    89.8611     0.0466     0.0291    100.202     96.989    35.3742    35.3751    26.5797    26.5744    1506.23    1506.33         24 0.0000e+00
      34186  64.001083    230.000    228.589    13.5521    13.5898   4.200325   4.204109     1.3419     1.5229    0.00692    0.00625    89.8722     0.0490     0.0301    100.832     97.104    35.3766    35.3773    26.5787    26.5715    1506.26    1506.39         18 0.0000e+00
      34203  64.001091    229.000    227.590    13.5794    13.6038   4.203297   4.205572     1.3500     1.5275    0.00487    0.00614    89.8746     0.0557     0.0297    101.723     97.513    35.3797    35.3786    26.5754    26.5695    1506.34    1506.42         17 0.0000e+00
      34219  64.001099    228.000    226.595    13.5966    13.6240   4.205099   4.207771     1.3572     1.5345    0.00340    0.00387    89.8760     0.0505     0.0300    102.536     98.136    35.3812    35.3810    26.5730    26.5671    1506.38    1506.47         16 0.0000e+00
      34236  64.001106    227.000    225.598    13.6169    13.6402   4.207311   4.209390     1.3632     1.5435    0.00436    0.00220    89.8692     0.0475     0.0296    103.198     98.970    35.3836    35.3817    26.5706    26.5643    1506.44    1506.51         17 0.0000e+00
      34254  64.001114    226.000    224.608    13.6362    13.6536   4.209144   4.210859     1.3684     1.5532    0.00841    0.00377    89.8559     0.0480     0.0301    103.766     99.870    35.3834    35.3835    26.5665    26.5629    1506.48    1506.54         20 0.0000e+00
      34276  64.001122    225.000    223.610    13.6463    13.6709   4.210186   4.212687     1.3711     1.5617    0.01063    0.00874    89.8630     0.0536     0.0304    104.052    100.648    35.3844    35.3852    26.5651    26.5606    1506.50    1506.58         24 0.0000e+00
      34301  64.001137    224.000    222.624    13.6608    13.6790   4.211851   4.213485     1.3710     1.5662    0.00863    0.01232    89.8611     0.0566     0.0307    103.992    101.061    35.3870    35.3856    26.5641    26.5592    1506.53    1506.59         24 0.0000e+00
      34326  64.001152    223.000    221.629    13.6717    13.6834   4.213061   4.213921     1.3692     1.5662    0.00498    0.01116    89.8549     0.0507     0.0306    103.742    101.041    35.3888    35.3861    26.5632    26.5586    1506.55    1506.59         27 0.0000e+00
      34352  64.001160    222.000    220.635    13.6748    13.6877   4.213241   4.214316     1.3667     1.5663    0.00097    0.00613    89.8595     0.0463     0.0303    103.420    101.028    35.3880    35.3862    26.5619    26.5578    1506.55    1506.59         26 0.0000e+00
      34380  64.001175    221.000    219.643    13.6815    13.6921   4.213976   4.214797     1.3634     1.5652   -0.00134    0.00114    89.8641     0.0461     0.0289    102.997    100.895    35.3892    35.3870    26.5614    26.5575    1506.55    1506.59         28 0.0000e+00
      34408  64.001190    220.000    218.650    13.6908    13.7022   4.214916   4.215857     1.3606     1.5617   -0.00234   -0.00016    89.8665     0.0533     0.0303    102.631    100.524    35.3898    35.3881    26.5599    26.5562    1506.57    1506.60         30 0.0000e+00
      34437  64.001205    219.000    217.660    13.6933    13.7123   4.215168   4.216932     1.3609     1.5586   -0.00282   -0.00078    89.8528     0.0499     0.0304    102.646    100.181    35.3903    35.3893    26.5597    26.5550    1506.56    1506.62         25 0.0000e+00
      34460  64.001213    218.000    216.670    13.7036    13.7193   4.216347   4.217653     1.3673     1.5582   -0.00250   -0.00279    89.8557     0.0469     0.0287    103.377    100.118    35.3922    35.3900    26.5591    26.5541    1506.58    1506.63         21 0.0000e+00
      34479  64.001221    217.000    215.672    13.7140    13.7288   4.217364   4.218738     1.3785     1.5624   -0.00162   -0.00291    89.8630     0.0466     0.0289    104.674    100.496    35.3926    35.3918    26.5571    26.5535    1506.60    1506.64         18 0.0000e+00
      34496  64.001228    216.000    214.676    13.7228    13.7341   4.218400   4.219278     1.3899     1.5715    0.00082   -0.00250    89.8759     0.0480     0.0287    105.998    101.352    35.3947    35.3925    26.5569    26.5528    1506.61    1506.65         18 0.0000e+00
      34514  64.001236    215.000    213.681    13.7354    13.7487   4.219733   4.220919     1.4021     1.5839    0.00519   -0.00093    89.8724     0.0556     0.0287    107.409    102.514    35.3959    35.3948    26.5552    26.5516    1506.64    1506.68         19 0.0000e+00
      34535  64.001251    214.000    212.685    13.7468    13.7622   4.220947   4.222311     1.4129     1.5993    0.01152    0.00376    89.8610     0.0547     0.0296    108.656    103.959    35.3972    35.3958    26.5538    26.5495    1506.66    1506.71         23 0.0000e+00
      34560  64.001259    213.000    211.692    13.7600    13.7662   4.222372   4.222666     1.4203     1.6146    0.01559    0.01195    89.8695     0.0511     0.0299    109.492    105.425    35.3988    35.3958    26.5523    26.5487    1506.69    1506.71         26 0.0000e+00
