data-processing/CTD/data/cnv/ures016.cnv
* Sea-Bird SBE 9 Data File:
* FileName = C:\SEASOFT\PIRATA-FR32\data\fr32016.hex
* Software Version Seasave V 7.26.7.107
* Temperature SN = 6083
* Conductivity SN = 4509
* Number of Bytes Per Scan = 42
* Number of Voltage Words = 3
* Number of Scans Averaged by the Deck Unit = 1
* NMEA Latitude = 03 59.85 S
* NMEA Longitude = 010 00.12 W
* NMEA UTC (Time) = Mar 10 2022 01:27:56
** Cruise: PIRATA-FR32
** Ship: THALASSA
** Station: 016
** Bottom Depth: 3584
** Barometric pressure : 1006.4
** Temp Air: 28.1
** Operator: SCP
** Comments:
# nquan = 25
# nvalues = 538                         
# units = specified
# name 0 = scan: Scan Count
# name 1 = timeJ: Julian Days
# name 2 = prDM: Pressure, Digiquartz [db]
# name 3 = depSM: Depth [salt water, m]
# name 4 = t090C: Temperature [ITS-90, deg C]
# name 5 = t190C: Temperature, 2 [ITS-90, deg C]
# name 6 = c0S/m: Conductivity [S/m]
# name 7 = c1S/m: Conductivity, 2 [S/m]
# name 8 = sbeox0V: Oxygen raw, SBE 43 [V]
# name 9 = sbeox1V: Oxygen raw, SBE 43, 2 [V]
# name 10 = sbox0dV/dT: Oxygen, SBE 43 [dov/dt]
# name 11 = sbox1dV/dT: Oxygen, SBE 43, 2 [dov/dt]
# name 12 = CStarTr0: Beam Transmission, WET Labs C-Star [%]
# name 13 = flECO-AFL: Fluorescence, WET Labs ECO-AFL/FL [mg/m^3]
# name 14 = flC: Fluorescence, Chelsea Aqua 3 Chl Con [ug/l]
# name 15 = sbox0Mm/Kg: Oxygen, SBE 43 [umol/kg], WS = 2
# name 16 = sbox1Mm/Kg: Oxygen, SBE 43, 2 [umol/kg], WS = 2
# name 17 = sal00: Salinity, Practical [PSU]
# name 18 = sal11: Salinity, Practical, 2 [PSU]
# name 19 = sigma-é00: Density [sigma-theta, kg/m^3]
# name 20 = sigma-é11: Density, 2 [sigma-theta, kg/m^3]
# name 21 = svCM: Sound Velocity [Chen-Millero, m/s]
# name 22 = svCM1: Sound Velocity, 2 [Chen-Millero, m/s]
# name 23 = nbin: number of scans per bin
# name 24 = flag: flag
# span 0 =      33623,      72890       
# span 1 =  69.077291,  69.096227       
# span 2 =      0.000,    537.000       
# span 3 =     -0.030,    533.344       
# span 4 =     7.3159,    28.7480       
# span 5 =     7.3089,    28.7483       
# span 6 =   3.549632,   5.775414       
# span 7 =   3.548680,   5.774946       
# span 8 =     1.0383,     2.7474       
# span 9 =     1.1731,     3.1855       
# span 10 =   -0.01507,    0.13191      
# span 11 =   -0.04197,    0.17420      
# span 12 =    68.4788,    90.0188      
# span 13 =     0.0419,     1.3433      
# span 14 =     0.0294,     0.3644      
# span 15 =     73.545,    207.006      
# span 16 =     71.535,    200.337      
# span 17 =    23.6562,    36.1182      
# span 18 =    22.9213,    36.1341      
# span 19 =    13.6822,    27.1059      
# span 20 =    13.1393,    27.1042      
# span 21 =    1488.27,    1543.66      
# span 22 =    1488.24,    1543.66      
# span 23 =         11,        126      
# span 24 = 0.0000e+00, 0.0000e+00      
# interval = decibars: 1                
# start_time = Mar 10 2022 01:27:57 [System UTC, first data scan.]
# bad_flag = -9.990e-29
*END*
[from data line 290]
      45919  69.083221    247.000    245.497    12.6221    12.6183   4.095971   4.095591     1.2161     1.3833   -0.00087   -0.00105    89.8272     0.0541     0.0364     87.731     85.483    35.2409    35.2409    26.6617    26.6624    1503.30    1503.29         16 0.0000e+00
      45934  69.083229    246.000    244.499    12.6270    12.6684   4.096734   4.101600     1.2169     1.3837   -0.00097   -0.00076    89.8285     0.0552     0.0356     87.802     85.414    35.2441    35.2522    26.6632    26.6613    1503.30    1503.45         15 0.0000e+00
      45950  69.083237    245.000    243.493    12.6597    12.7331   4.100356   4.108521     1.2174     1.3846   -0.00062   -0.00101    89.8215     0.0555     0.0350     87.796     85.375    35.2488    35.2586    26.6603    26.6534    1503.40    1503.66         17 0.0000e+00
      45967  69.083244    244.000    242.506    12.7115    12.7711   4.105893   4.112211     1.2190     1.3854    0.00017   -0.00068    89.8114     0.0512     0.0344     87.871     85.374    35.2540    35.2590    26.6541    26.6461    1503.56    1503.77         18 0.0000e+00
      45988  69.083252    243.000    241.515    12.7371    12.7806   4.108698   4.113154     1.2204     1.3860    0.00098    0.00049    89.8187     0.0506     0.0358     87.986     85.407    35.2574    35.2596    26.6516    26.6447    1503.64    1503.79         22 0.0000e+00
      46011  69.083267    242.000    240.522    12.7466    12.7748   4.109725   4.112397     1.2208     1.3870    0.00120    0.00118    89.8283     0.0623     0.0377     88.007     85.505    35.2589    35.2582    26.6509    26.6447    1503.65    1503.75         25 0.0000e+00
      46037  69.083275    241.000    239.526    12.7574    12.7623   4.110695   4.110783     1.2211     1.3895    0.00182    0.00093    89.8284     0.0565     0.0376     88.014     85.768    35.2585    35.2548    26.6484    26.6445    1503.67    1503.69         27 0.0000e+00
      46067  69.083290    240.000    238.536    12.7928    12.7275   4.114264   4.107069     1.2207     1.3909    0.00075    0.00111    89.8284     0.0523     0.0351     87.885     85.963    35.2601    35.2521    26.6426    26.6494    1503.78    1503.55         34 0.0000e+00
      46100  69.083305    239.000    237.549    12.8059    12.7336   4.116244   4.108073     1.2217     1.3929    0.00017    0.00213    89.8275     0.0478     0.0348     87.968     86.136    35.2673    35.2564    26.6456    26.6514    1503.81    1503.56         28 0.0000e+00
      46124  69.083321    238.000    236.555    12.8642    12.8567   4.122726   4.122221     1.2240     1.3945   -0.00033    0.00106    89.8226     0.0470     0.0347     88.121     86.049    35.2754    35.2776    26.6401    26.6433    1504.00    1503.98         21 0.0000e+00
      46143  69.083328    237.000    235.556    12.8686    12.8970   4.122701   4.125923     1.2263     1.3961    0.00013    0.00101    89.8146     0.0482     0.0350     88.383     86.117    35.2715    35.2758    26.6362    26.6339    1503.99    1504.09         19 0.0000e+00
      46163  69.083336    236.000    234.558    12.8949    12.9137   4.126046   4.127895     1.2279     1.3970    0.00120    0.00175    89.8282     0.0570     0.0358     88.516     86.163    35.2794    35.2795    26.6371    26.6334    1504.08    1504.14         21 0.0000e+00
      46185  69.083351    235.000    233.568    12.8980    12.9309   4.126306   4.129552     1.2290     1.3987    0.00227    0.00169    89.8294     0.0564     0.0367     88.633     86.289    35.2794    35.2798    26.6364    26.6301    1504.07    1504.18         24 0.0000e+00
      46212  69.083359    234.000    232.574    12.9303    12.9235   4.129788   4.128722     1.2299     1.4004    0.00249    0.00154    89.8284     0.0494     0.0357     88.657     86.466    35.2830    35.2792    26.6327    26.6311    1504.16    1504.14         30 0.0000e+00
      46243  69.083374    233.000    231.586    12.9598    12.9371   4.133072   4.130460     1.2309     1.4017    0.00129    0.00161    89.8284     0.0484     0.0362     88.719     86.548    35.2873    35.2835    26.6302    26.6317    1504.25    1504.17         31 0.0000e+00
      46271  69.083389    232.000    230.593    12.9976    12.9907   4.137307   4.136185     1.2316     1.4030    0.00081    0.00158    89.8284     0.0571     0.0358     88.720     86.570    35.2929    35.2886    26.6268    26.6249    1504.37    1504.34         25 0.0000e+00
      46295  69.083405    231.000    229.596    13.0251    13.0296   4.140187   4.140532     1.2329     1.4045    0.00084    0.00100    89.8284     0.0560     0.0360     88.809     86.630    35.2952    35.2943    26.6230    26.6215    1504.44    1504.46         24 0.0000e+00
      46319  69.083412    230.000    228.604    13.0447    13.0550   4.142134   4.143249     1.2340     1.4050    0.00070    0.00097    89.8251     0.0563     0.0364     88.898     86.620    35.2960    35.2971    26.6197    26.6185    1504.49    1504.53         22 0.0000e+00
      46341  69.083427    229.000    227.609    13.0394    13.0695   4.141756   4.144881     1.2355     1.4052    0.00076    0.00146    89.8191     0.0559     0.0346     89.069     86.603    35.2977    35.2995    26.6220    26.6174    1504.46    1504.56         23 0.0000e+00
      46364  69.083435    228.000    226.620    13.0897    13.0909   4.147277   4.147131     1.2367     1.4064    0.00135    0.00106    89.8176     0.0504     0.0339     89.107     86.666    35.3040    35.3014    26.6167    26.6145    1504.62    1504.62         22 0.0000e+00
      46385  69.083443    227.000    225.624    13.1036    13.1039   4.148797   4.148545     1.2375     1.4080    0.00117    0.00046    89.8217     0.0509     0.0342     89.169     86.787    35.3059    35.3032    26.6154    26.6133    1504.65    1504.65         21 0.0000e+00
      46406  69.083458    226.000    224.631    13.1061    13.1141   4.148876   4.149536     1.2381     1.4093    0.00147    0.00034    89.8299     0.0560     0.0337     89.226     86.891    35.3048    35.3036    26.6140    26.6115    1504.64    1504.67         20 0.0000e+00
      46425  69.083466    225.000    223.638    13.1138    13.1253   4.149755   4.150832     1.2390     1.4112    0.00138    0.00122    89.8284     0.0565     0.0326     89.303     87.046    35.3064    35.3059    26.6137    26.6110    1504.65    1504.69         19 0.0000e+00
      46444  69.083473    224.000    222.643    13.1213    13.1341   4.150583   4.151668     1.2396     1.4130    0.00095    0.00179    89.8284     0.0491     0.0333     89.350     87.191    35.3078    35.3062    26.6132    26.6094    1504.66    1504.70         19 0.0000e+00
      46463  69.083481    223.000    221.645    13.1306    13.1453   4.151555   4.152962 -9.990e-29     1.4132    0.00079    0.00167    89.8284     0.0508     0.0348 -9.990e-29     87.180    35.3088    35.3084    26.6121    26.6088    1504.68    1504.73         20 0.0000e+00
      46485  69.083496    222.000    220.652    13.1397    13.1531   4.152535   4.153674 -9.990e-29     1.4122    0.00090    0.00212    89.8284     0.0545     0.0351 -9.990e-29     87.050    35.3100    35.3085    26.6112    26.6073    1504.69    1504.74         23 0.0000e+00
      46511  69.083504    221.000    219.658    13.1419    13.1458   4.152800   4.152712 -9.990e-29     1.4119    0.00072    0.00161    89.8269     0.0498     0.0351 -9.990e-29     87.027    35.3109    35.3065    26.6114    26.6072    1504.69    1504.69         30 0.0000e+00
      46545  69.083519    220.000    218.671    13.1471    13.1309   4.153232   4.151102     1.2406     1.4117    0.00034   -0.00068    89.8272     0.0502     0.0359     89.374     87.024    35.3107    35.3055    26.6101    26.6094    1504.69    1504.63         38 0.0000e+00
      46584  69.083542    219.000    217.675    13.1427    13.1413   4.152797   4.152353     1.2408     1.4117    0.00004   -0.00033    89.8019     0.0509     0.0350     89.394     86.999    35.3110    35.3081    26.6112    26.6093    1504.66    1504.65         38 0.0000e+00
      46616  69.083557    218.000    216.691    13.1635    13.1704   4.155041   4.155549     1.2403     1.4132    0.00014    0.00045    89.8276     0.0595     0.0356     89.283     87.076    35.3134    35.3119    26.6089    26.6063    1504.71    1504.73         25 0.0000e+00
      46637  69.083565    217.000    215.697    13.1787    13.1807   4.156664   4.156520     1.2402     1.4130    0.00014   -0.00002    89.8437     0.0466     0.0344     89.230     87.027    35.3152    35.3119    26.6071    26.6042    1504.75    1504.75         18 0.0000e+00
      46653  69.083572    216.000    214.718    13.1777    13.1929   4.156401   4.158035     1.2401     1.4124    0.00023   -0.00043    89.8348     0.0549     0.0351     89.214     86.932    35.3140    35.3155    26.6064    26.6044    1504.73    1504.78         14 0.0000e+00
      46666  69.083580    215.000    213.691    13.1902    13.2108   4.157936   4.159873 -9.990e-29     1.4117   -0.00019    0.00075    89.8285     0.0557     0.0362 -9.990e-29     86.814    35.3174    35.3167    26.6064    26.6017    1504.75    1504.82         14 0.0000e+00
      46681  69.083588    214.000    212.703    13.2028    13.2175   4.159266   4.160549 -9.990e-29     1.4115   -0.00052    0.00131    89.8316     0.0548     0.0370 -9.990e-29     86.772    35.3187    35.3173    26.6049    26.6008    1504.78    1504.83         15 0.0000e+00
      46698  69.083595    213.000    211.704    13.2183    13.2291   4.160909   4.161872 -9.990e-29     1.4114   -0.00019    0.00023    89.8273     0.0538     0.0367 -9.990e-29     86.730    35.3204    35.3195    26.6030    26.6001    1504.82    1504.85         19 0.0000e+00
      46720  69.083611    212.000    210.715    13.2208    13.2342   4.161121   4.162239 -9.990e-29     1.4112   -0.00005   -0.00099    89.8284     0.0549     0.0365 -9.990e-29     86.692    35.3205    35.3187    26.6026    26.5984    1504.81    1504.85         26 0.0000e+00
      46751  69.083618    211.000    209.725    13.2121    13.2152   4.160143   4.160024     1.2401     1.4101    0.00004   -0.00045    89.8284     0.0517     0.0348     89.097     86.613    35.3197    35.3157    26.6037    26.6000    1504.76    1504.77         35 0.0000e+00
      46786  69.083641    210.000    208.735    13.1997    13.2079   4.158823   4.159213     1.2401     1.4100    0.00012   -0.00046    89.8284     0.0535     0.0355     89.097     86.605    35.3191    35.3152    26.6057    26.6010    1504.70    1504.73         35 0.0000e+00
      46824  69.083656    209.000    207.741    13.2069    13.2017   4.159488   4.158485     1.2407     1.4095   -0.00019   -0.00030    89.8256     0.0478     0.0356     89.142     86.557    35.3192    35.3145    26.6043    26.6017    1504.71    1504.69         42 0.0000e+00
      46864  69.083679    208.000    206.754    13.2249    13.2216   4.161455   4.161010     1.2423     1.4127    0.00019   -0.00065    89.8366     0.0537     0.0349     89.289     86.813    35.3215    35.3204    26.6024    26.6022    1504.76    1504.75         32 0.0000e+00
      46888  69.083687    207.000    205.763    13.2704    13.2678   4.166405   4.165895     1.2436     1.4152    0.00049    0.00023    89.8307     0.0616     0.0341     89.355     86.968    35.3267    35.3243    26.5971    26.5958    1504.90    1504.89         20 0.0000e+00
      46907  69.083694    206.000    204.755    13.2629    13.2767   4.165528   4.166837     1.2457     1.4177    0.00094    0.00185    89.8148     0.0565     0.0344     89.601     87.181    35.3257    35.3253    26.5979    26.5948    1504.86    1504.90         19 0.0000e+00
      46928  69.083710    205.000    203.762    13.2702    13.2942   4.166398   4.168725     1.2478     1.4188    0.00110    0.00215    89.8047     0.0499     0.0350     89.830     87.242    35.3277    35.3274    26.5979    26.5928    1504.87    1504.94         23 0.0000e+00
      46956  69.083717    204.000    202.768    13.2852    13.2944   4.167993   4.168581     1.2497     1.4202    0.00182    0.00269    89.8047     0.0524     0.0364     90.016     87.374    35.3293    35.3263    26.5960    26.5919    1504.90    1504.93         35 0.0000e+00
      47000  69.083740    203.000    201.782    13.2831    13.2880   4.167714   4.167877     1.2509     1.4220    0.00213    0.00143    89.8047     0.0501     0.0371     90.156     87.548    35.3290    35.3260    26.5962    26.5929    1504.88    1504.89         49 0.0000e+00
      47041  69.083763    202.000    200.788    13.2871    13.2957   4.168115   4.168673     1.2516     1.4231    0.00076    0.00121    89.8047     0.0588     0.0367     90.223     87.630    35.3295    35.3268    26.5958    26.5919    1504.87    1504.90         35 0.0000e+00
      47076  69.083778    201.000    199.793    13.2966    13.3169   4.169143   4.171053     1.2530     1.4237    0.00037    0.00033    89.8047     0.0496     0.0356     90.363     87.637    35.3309    35.3302    26.5949    26.5902    1504.89    1504.96         36 0.0000e+00
      47113  69.083794    200.000    198.799    13.3183    13.3293   4.171504   4.172263     1.2542     1.4253    0.00079    0.00079    89.8014     0.0515     0.0351     90.447     87.763    35.3336    35.3305    26.5925    26.5879    1504.95    1504.98         39 0.0000e+00
      47159  69.083817    199.000    197.803    13.3318    13.3308   4.172921   4.172328     1.2547     1.4265    0.00079    0.00086    89.7886     0.0488     0.0347     90.480     87.863    35.3348    35.3302    26.5907    26.5873    1504.98    1504.97         59 0.0000e+00
      48806  69.084610    198.000    196.816    13.3524    13.3559   4.175135   4.175123     1.2552     1.4293    0.00007   -0.00014    89.7919     0.0553     0.0371     90.514     88.078    35.3371    35.3338    26.5882    26.5849    1505.03    1505.04         64 0.0000e+00
      49077  69.084740    197.000    195.821    13.3560    13.3602   4.175481   4.175558     1.2574     1.4320 6.1298e-07    0.00001    89.7839     0.0510     0.0376     90.725     88.321    35.3375    35.3343    26.5877    26.5844    1505.03    1505.04         59 0.0000e+00
      49112  69.084763    196.000    194.832    13.3568    13.3600   4.175553   4.175508     1.2577     1.4322    0.00011    0.00163    89.7964     0.0529     0.0379     90.749     88.329    35.3378    35.3345    26.5878    26.5845    1505.01    1505.02         30 0.0000e+00
      49139  69.084770    195.000    193.829    13.3646    13.3668   4.176416   4.176327     1.2586     1.4322    0.00003    0.00032    89.7881     0.0481     0.0373     90.823     88.303    35.3392    35.3363    26.5872    26.5846    1505.02    1505.03         26 0.0000e+00
      49166  69.084785    194.000    192.837    13.3778    13.3808   4.177736   4.177716     1.2584     1.4319    0.00025    0.00024    89.7950     0.0537     0.0357     90.771     88.238    35.3399    35.3370    26.5851    26.5822    1505.05    1505.06         30 0.0000e+00
      49195  69.084801    193.000    191.850    13.3797    13.3868   4.177938   4.178389     1.2586     1.4307    0.00070   -0.00002    89.7900     0.0557     0.0342     90.776     88.094    35.3405    35.3381    26.5851    26.5818    1505.04    1505.06         26 0.0000e+00
      49218  69.084808    192.000    190.858    13.3834    13.3911   4.178305   4.178843     1.2589     1.4323    0.00007   -0.00023    89.7957     0.0464     0.0357     90.792     88.236    35.3409    35.3389    26.5846    26.5815    1505.04    1505.06         21 0.0000e+00
      49237  69.084824    191.000    189.863    13.4059    13.4136   4.180900   4.181455     1.2599     1.4331   -0.00007   -0.00086    89.7901     0.0522     0.0368     90.854     88.253    35.3450    35.3431    26.5831    26.5801    1505.10    1505.12         18 0.0000e+00
