data-processing/CTD/data/cnv/ures019.cnv
* Sea-Bird SBE 9 Data File:
* FileName = C:\SEASOFT\PIRATA-FR32\data\fr32019.hex
* Software Version Seasave V 7.26.7.107
* Temperature SN = 6083
* Conductivity SN = 4509
* Number of Bytes Per Scan = 42
* Number of Voltage Words = 3
* Number of Scans Averaged by the Deck Unit = 1
* NMEA Latitude = 05 29.90 S
* NMEA Longitude = 010 00.01 W
* NMEA UTC (Time) = Mar 10 2022 12:46:45
** Cruise: PIRATA-FR32
** Ship: THALASSA
** Station: 019
** Bottom Depth: 3384
** Barometric pressure : 1007.6
** Temp Air: 28.4
** Operator: SCP
** Comments:
# nquan = 25
# nvalues = 499                         
# units = specified
# name 0 = scan: Scan Count
# name 1 = timeJ: Julian Days
# name 2 = prDM: Pressure, Digiquartz [db]
# name 3 = depSM: Depth [salt water, m]
# name 4 = t090C: Temperature [ITS-90, deg C]
# name 5 = t190C: Temperature, 2 [ITS-90, deg C]
# name 6 = c0S/m: Conductivity [S/m]
# name 7 = c1S/m: Conductivity, 2 [S/m]
# name 8 = sbeox0V: Oxygen raw, SBE 43 [V]
# name 9 = sbeox1V: Oxygen raw, SBE 43, 2 [V]
# name 10 = sbox0dV/dT: Oxygen, SBE 43 [dov/dt]
# name 11 = sbox1dV/dT: Oxygen, SBE 43, 2 [dov/dt]
# name 12 = CStarTr0: Beam Transmission, WET Labs C-Star [%]
# name 13 = flECO-AFL: Fluorescence, WET Labs ECO-AFL/FL [mg/m^3]
# name 14 = flC: Fluorescence, Chelsea Aqua 3 Chl Con [ug/l]
# name 15 = sbox0Mm/Kg: Oxygen, SBE 43 [umol/kg], WS = 2
# name 16 = sbox1Mm/Kg: Oxygen, SBE 43, 2 [umol/kg], WS = 2
# name 17 = sal00: Salinity, Practical [PSU]
# name 18 = sal11: Salinity, Practical, 2 [PSU]
# name 19 = sigma-é00: Density [sigma-theta, kg/m^3]
# name 20 = sigma-é11: Density, 2 [sigma-theta, kg/m^3]
# name 21 = svCM: Sound Velocity [Chen-Millero, m/s]
# name 22 = svCM1: Sound Velocity, 2 [Chen-Millero, m/s]
# name 23 = nbin: number of scans per bin
# name 24 = flag: flag
# span 0 =      21357,      67827       
# span 1 =  69.542775,  69.565186       
# span 2 =      2.000,    500.000       
# span 3 =      1.970,    496.633       
# span 4 =     7.6210,    28.5402       
# span 5 =     7.6175,    28.5280       
# span 6 =   3.578470,   5.835674       
# span 7 =   3.577881,   5.833751       
# span 8 =     1.0843,     2.7084       
# span 9 =     1.2272,     3.1445       
# span 10 =   -0.01467,    0.06660      
# span 11 =   -0.02444,    0.06532      
# span 12 =    83.7790,    90.0643      
# span 13 =     0.0401,     1.4406      
# span 14 =     0.0233,     0.4060      
# span 15 =     80.436,    207.763      
# span 16 =     78.590,    198.480      
# span 17 =    34.6761,    36.1190      
# span 18 =    34.6732,    36.1286      
# span 19 =    23.0307,    27.0827      
# span 20 =    23.0317,    27.0809      
# span 21 =    1488.81,    1544.04      
# span 22 =    1488.81,    1544.03      
# span 23 =         14,        148      
# span 24 = 0.0000e+00, 0.0000e+00      
# interval = decibars: 1                
# start_time = Mar 10 2022 12:46:46 [System UTC, first data scan.]
# bad_flag = -9.990e-29
*END*
[from data line 174]
      33061  69.548424    326.000    323.943     9.6806     9.6887   3.782136   3.782809     1.1588     1.3174    0.00083    0.00175    90.0155     0.0623     0.0322     87.274     85.355    34.8837    34.8828    26.9215    26.9194    1493.91    1493.94         15 0.0000e+00
      33076  69.548424    325.000    322.948     9.6892     9.6988   3.783054   3.783807     1.1589     1.3170    0.00060    0.00141    90.0187     0.0625     0.0320     87.256     85.279    34.8852    34.8837    26.9213    26.9184    1493.93    1493.96         15 0.0000e+00
      33092  69.548431    324.000    321.942     9.6984     9.7097   3.783973   3.784935     1.1592     1.3177    0.00024    0.00065    89.9994     0.0625     0.0313     87.268     85.321    34.8862    34.8851    26.9204    26.9178    1493.94    1493.98         17 0.0000e+00
      33109  69.548447    323.000    320.952     9.7033     9.7257   3.784448   3.786621     1.1594     1.3185    0.00029    0.00001    89.9950     0.0554     0.0312     87.265     85.365    34.8868    34.8874    26.9201    26.9168    1493.95    1494.03         18 0.0000e+00
      33130  69.548454    322.000    319.962     9.7191     9.7481   3.786191   3.789054     1.1604     1.3192    0.00039   -0.00009    89.9949     0.0550     0.0316     87.354     85.377    34.8899    34.8912    26.9198    26.9160    1493.99    1494.10         23 0.0000e+00
      33155  69.548462    321.000    318.970     9.7291     9.7760   3.787232   3.791756     1.1608     1.3195    0.00034    0.00063    89.9949     0.0576     0.0315     87.370     85.341    34.8913    34.8925    26.9193    26.9123    1494.01    1494.18         28 0.0000e+00
      33192  69.548485    320.000    317.978     9.7086     9.7492   3.784895   3.788481 -9.990e-29     1.3188    0.00068    0.00067    90.0026     0.0543     0.0319 -9.990e-29     85.320    34.8876    34.8852    26.9198    26.9111    1493.92    1494.06         50 0.0000e+00
      33253  69.548515    319.000    316.988     9.7095     9.7455   3.784960   3.788752     1.1616     1.3183   -0.00014   -0.00043    90.0005     0.0544     0.0335     87.455     85.261    34.8879    34.8920    26.9198    26.9170    1493.90    1494.04         63 0.0000e+00
      33301  69.548538    318.000    316.002     9.7975     9.8323   3.794318   3.797675     1.1624     1.3205    0.00043   -0.00021    89.9954     0.0634     0.0329     87.414     85.307    34.8993    34.9001    26.9140    26.9087    1494.22    1494.35         30 0.0000e+00
      33323  69.548546    317.000    315.013     9.8614     9.8966   3.800959   3.804769     1.1629     1.3220    0.00069    0.00039    89.9949     0.0620     0.0321     87.338     85.318    34.9061    34.9111    26.9085    26.9065    1494.44    1494.57         19 0.0000e+00
      33339  69.548553    316.000    314.016     9.9037     9.9275   3.805410   3.807846     1.1628     1.3230    0.00038    0.00108    89.9949     0.0568     0.0317     87.224     85.350    34.9113    34.9132    26.9053    26.9028    1494.58    1494.67         15 0.0000e+00
      33354  69.548561    315.000    313.017     9.9287     9.9464   3.807960   3.809628     1.1629     1.3238    0.00057    0.00149    89.9949     0.0550     0.0319     87.172     85.394    34.9137    34.9137    26.9030    26.9000    1494.66    1494.72         14 0.0000e+00
      33368  69.548569    314.000    312.016     9.9409     9.9586   3.809199   3.810824     1.1626     1.3243    0.00071    0.00137    89.9949     0.0619     0.0324     87.101     85.404    34.9150    34.9146    26.9019    26.8986    1494.69    1494.75         14 0.0000e+00
      33382  69.548576    313.000    311.028     9.9479     9.9647   3.809947   3.811420     1.1627     1.3242    0.00051    0.00151    89.9949     0.0602     0.0330     87.088     85.371    34.9164    34.9152    26.9018    26.8981    1494.70    1494.76         15 0.0000e+00
      33399  69.548584    312.000    310.026     9.9595     9.9692   3.811098   3.811805     1.1623     1.3238    0.00010    0.00150    89.9949     0.0484     0.0325     86.990     85.310    34.9174    34.9153    26.9006    26.8973    1494.73    1494.76         19 0.0000e+00
      33424  69.548599    311.000    309.035     9.9483     9.9582   3.809830   3.810532     1.1621     1.3225   -0.00009    0.00098    89.9949     0.0516     0.0315     86.978     85.182    34.9157    34.9133    26.9012    26.8976    1494.67    1494.70         35 0.0000e+00
      33517  69.548637    310.000    308.049     9.9486     9.9467   3.809742   3.809110     1.1625     1.3215    0.00005   -0.00009    90.0008     0.0549     0.0319     87.028     85.093    34.9150    34.9103    26.9005    26.8972    1494.65    1494.64         74 0.0000e+00
      33651  69.548706    309.000    307.065     9.9594     9.9672   3.810903   3.811387 -9.990e-29     1.3214   -0.00021   -0.00025    90.0095     0.0559     0.0333 -9.990e-29     85.030    34.9168    34.9143    26.9001    26.8968    1494.68    1494.70         56 0.0000e+00
      33704  69.548729    308.000    306.063     9.9570     9.9703   3.810533   3.811614 -9.990e-29     1.3217    0.00002    0.00008    90.0093     0.0560     0.0330 -9.990e-29     85.035    34.9159    34.9140    26.8998    26.8960    1494.65    1494.69         28 0.0000e+00
      33843  69.548798    307.000    305.071     9.9697     9.9758   3.811865   3.812148     1.1637     1.3226    0.00009   -0.00003    89.9989     0.0548     0.0308     87.090     85.119    34.9177    34.9146    26.8990    26.8955    1494.68    1494.70         70 0.0000e+00
      34000  69.548874    306.000    304.078     9.9735     9.9789   3.812210   3.812438     1.1642     1.3231    0.00028    0.00027    89.9867     0.0466     0.0317     87.153     85.148    34.9179    34.9150    26.8985    26.8953    1494.68    1494.69         64 0.0000e+00
      34060  69.548904    305.000    303.084     9.9791     9.9856   3.812753   3.813123     1.1650     1.3244    0.00027    0.00015    89.9996     0.0521     0.0318     87.240     85.266    34.9186    34.9161    26.8981    26.8950    1494.68    1494.70         59 0.0000e+00
      34241  69.548988    304.000    302.091     9.9878     9.9954   3.813657   3.814085     1.1674     1.3264    0.00033    0.00033    90.0043     0.0546     0.0319     87.522     85.448    34.9199    34.9169    26.8976    26.8939    1494.70    1494.72        104 0.0000e+00
      34409  69.549072    303.000    301.101    10.0099    10.0126   3.815921   3.815835     1.1718     1.3307    0.00052    0.00012    90.0152     0.0538     0.0321     88.039     85.859    34.9221    34.9186    26.8955    26.8923    1494.76    1494.77         95 0.0000e+00
      34480  69.549103    302.000    300.108    10.0097    10.0252   3.815847   3.817139     1.1751     1.3331    0.00106    0.00087    90.0187     0.0473     0.0319     88.461     86.080    34.9220    34.9202    26.8954    26.8914    1494.75    1494.80         41 0.0000e+00
      34584  69.549156    301.000    299.115    10.0239    10.0353   3.817278   3.818152     1.1793     1.3369    0.00094    0.00110    90.0114     0.0530     0.0304     88.970     86.454    34.9234    34.9213    26.8941    26.8905    1494.78    1494.82         54 0.0000e+00
      35286  69.549492    300.000    298.114    10.0430    10.0476   3.819210   3.819368     1.1847     1.3445    0.00068    0.00135    90.0082     0.0473     0.0305     89.632     87.229    34.9251    34.9223    26.8922    26.8892    1494.84    1494.85         45 0.0000e+00
      36724  69.550186    299.000    297.124    10.0512    10.0523   3.820020   3.819801     1.1879     1.3508    0.00069    0.00049    90.0177     0.0518     0.0318     90.013     87.885    34.9259    34.9227    26.8914    26.8886    1494.85    1494.85         50 0.0000e+00
      36956  69.550301    298.000    296.138    10.0507    10.0530   3.819939   3.819843     1.1905     1.3535    0.00117    0.00096    90.0187     0.0562     0.0313     90.344     88.162    34.9261    34.9229    26.8916    26.8886    1494.83    1494.84         98 0.0000e+00
      37009  69.550323    297.000    295.148    10.0569    10.0582   3.820527   3.820330     1.1913     1.3544    0.00016    0.00054    90.0059     0.0465     0.0318     90.425     88.234    34.9265    34.9233    26.8908    26.8880    1494.84    1494.84         31 0.0000e+00
      37034  69.550339    296.000    294.149    10.0565    10.0592   3.820463   3.820394     1.1920     1.3540    0.00048    0.00031    90.0073     0.0542     0.0325     90.502     88.180    34.9267    34.9234    26.8910    26.8880    1494.82    1494.83         25 0.0000e+00
      37058  69.550346    295.000    293.158    10.0594    10.0602   3.820706   3.820453     1.1923     1.3541    0.00059    0.00051    90.0022     0.0477     0.0314     90.535     88.171    34.9268    34.9235    26.8906    26.8879    1494.82    1494.81         23 0.0000e+00
      37082  69.550362    294.000    292.161    10.0611    10.0614   3.820837   3.820534     1.1924     1.3542    0.00045    0.00001    89.9987     0.0570     0.0324     90.526     88.175    34.9270    34.9237    26.8904    26.8877    1494.81    1494.80         25 0.0000e+00
      37107  69.550369    293.000    291.167    10.0622    10.0628   3.820912   3.820634     1.1924     1.3555    0.00063   -0.00017    90.0101     0.0557     0.0330     90.512     88.296    34.9271    34.9238    26.8903    26.8876    1494.79    1494.79         25 0.0000e+00
      37133  69.550385    292.000    290.175    10.0641    10.0651   3.821049   3.820882     1.1933     1.3568    0.00012    0.00008    90.0177     0.0611     0.0320     90.614     88.418    34.9272    34.9245    26.8900    26.8877    1494.78    1494.78         27 0.0000e+00
      37160  69.550400    291.000    289.184    10.0733    10.0851   3.822034   3.823113     1.1944     1.3577    0.00007    0.00096    90.0102     0.0570     0.0318     90.728     88.455    34.9289    34.9284    26.8897    26.8873    1494.80    1494.84         28 0.0000e+00
      37188  69.550407    290.000    288.196    10.0922    10.1095   3.823992   3.825629     1.1942     1.3579    0.00060    0.00117    90.0072     0.0555     0.0308     90.643     88.413    34.9310    34.9310    26.8881    26.8852    1494.86    1494.92         25 0.0000e+00
      37211  69.550423    289.000    287.196    10.0993    10.1237   3.824776   3.827066     1.1935     1.3574    0.00105    0.00093    90.0167     0.0552     0.0317     90.532     88.325    34.9326    34.9324    26.8881    26.8838    1494.87    1494.95         23 0.0000e+00
      37234  69.550430    288.000    286.202    10.1192    10.1387   3.826785   3.828606     1.1924     1.3570    0.00041    0.00058    90.0177     0.0542     0.0307     90.335     88.237    34.9344    34.9341    26.8861    26.8825    1494.92    1494.99         23 0.0000e+00
      37260  69.550446    287.000    285.206    10.1287    10.1480   3.827806   3.829512     1.1915     1.3564   -0.00059   -0.00028    90.0095     0.0506     0.0312     90.176     88.142    34.9360    34.9349    26.8857    26.8815    1494.94    1495.01         32 0.0000e+00
      37306  69.550468    286.000    284.219    10.1206    10.1499   3.826791   3.829630     1.1903     1.3551   -0.00093   -0.00050    90.0034     0.0529     0.0313     90.028     87.990    34.9339    34.9347    26.8854    26.8810    1494.90    1495.00         56 0.0000e+00
      37352  69.550491    285.000    283.232    10.1375    10.1527   3.828733   3.830050     1.1899     1.3549   -0.00073   -0.00085    89.9985     0.0547     0.0291     89.935     87.950    34.9379    34.9367    26.8856    26.8820    1494.94    1495.00         31 0.0000e+00
      37376  69.550499    284.000    282.242    10.1444    10.1630   3.829249   3.830959     1.1897     1.3552   -0.00035   -0.00029    89.9981     0.0454     0.0311     89.885     87.951    34.9370    34.9365    26.8837    26.8801    1494.95    1495.02         22 0.0000e+00
      37395  69.550507    283.000    281.246    10.1543    10.1647   3.830356   3.831119     1.1898     1.3544   -0.00019   -0.00006    89.9963     0.0463     0.0327     89.855     87.847    34.9392    34.9369    26.8837    26.8801    1494.97    1495.01         17 0.0000e+00
      37412  69.550522    282.000    280.244    10.1642    10.1702   3.831320   3.831654     1.1890     1.3538   -0.00008 -9.601e-07    89.9949     0.0454     0.0326     89.721     87.763    34.9399    34.9375    26.8825    26.8796    1494.99    1495.01         16 0.0000e+00
      37428  69.550529    281.000    279.250    10.1686    10.1721   3.831736   3.831785     1.1887     1.3536   -0.00017    0.00035    89.9949     0.0458     0.0327     89.662     87.725    34.9404    34.9375    26.8821    26.8793    1494.99    1495.00         17 0.0000e+00
      37446  69.550537    280.000    278.252    10.1701    10.1728   3.831853   3.831796     1.1887     1.3536   -0.00009   -0.00031    89.9949     0.0455     0.0326     89.648     87.713    34.9406    34.9374    26.8820    26.8791    1494.98    1494.99         19 0.0000e+00
      37467  69.550545    279.000    277.262    10.1713    10.1727   3.831946   3.831758 -9.990e-29     1.3535   -0.00052   -0.00094    89.9949     0.0500     0.0327 -9.990e-29     87.694    34.9408    34.9375    26.8819    26.8791    1494.97    1494.97         25 0.0000e+00
      37494  69.550560    278.000    276.274    10.1725    10.1742   3.832030   3.831863 -9.990e-29     1.3523   -0.00047   -0.00028    89.9949     0.0586     0.0329 -9.990e-29     87.552    34.9409    34.9376    26.8818    26.8790    1494.96    1494.96         26 0.0000e+00
      37519  69.550568    277.000    275.281    10.1742    10.1777   3.832156   3.832249 -9.990e-29     1.3521    0.00000   -0.00006    89.9979     0.0616     0.0321 -9.990e-29     87.508    34.9411    34.9387    26.8816    26.8791    1494.95    1494.96         24 0.0000e+00
      37541  69.550583    276.000    274.290    10.1813    10.1935   3.832905   3.833957 -9.990e-29     1.3530 4.2131e-07   -0.00049    90.0111     0.0603     0.0323 -9.990e-29     87.560    34.9422    34.9412    26.8813    26.8784    1494.96    1495.00         22 0.0000e+00
      37566  69.550591    275.000    273.285    10.1938    10.2025   3.834198   3.834806     1.1884     1.3527 4.3786e-07   -0.00092    89.9963     0.0545     0.0320     89.505     87.495    34.9438    34.9416    26.8804    26.8771    1494.99    1495.02         29 0.0000e+00
      37603  69.550613    274.000    272.301    10.1942    10.2051   3.834184   3.834981     1.1880     1.3519   -0.00009    0.00049    90.0031     0.0550     0.0318     89.443     87.393    34.9438    34.9414    26.8803    26.8765    1494.97    1495.01         43 0.0000e+00
      37643  69.550629    273.000    271.311    10.1987    10.2107   3.834699   3.835574     1.1885     1.3524   -0.00025   -0.00051    90.0010     0.0459     0.0323     89.476     87.430    34.9451    34.9425    26.8804    26.8763    1494.97    1495.01         35 0.0000e+00
      37673  69.550644    272.000    270.323    10.2037    10.2181   3.835091   3.836383     1.1888     1.3520   -0.00010   -0.00037    90.0180     0.0483     0.0317     89.505     87.358    34.9448    34.9441    26.8793    26.8763    1494.97    1495.03         25 0.0000e+00
      37694  69.550652    271.000    269.329    10.2161    10.2316   3.836429   3.837759     1.1897     1.3528    0.00029    0.00061    90.0136     0.0542     0.0314     89.583     87.409    34.9469    34.9454    26.8788    26.8750    1495.00    1495.06         19 0.0000e+00
      37711  69.550659    270.000    268.332    10.2305    10.2377   3.837846   3.838305     1.1906     1.3535    0.00031    0.00014    90.0091     0.0465     0.0313     89.651     87.456    34.9478    34.9456    26.8770    26.8741    1495.04    1495.06         15 0.0000e+00
