data-processing/CTD/data/cnv/ures004.cnv
* Sea-Bird SBE 9 Data File:
* FileName = C:\SEASOFT\PIRATA-FR32\data\fr32004.hex
* Software Version Seasave V 7.26.7.107
* Temperature SN = 6083
* Conductivity SN = 4509
* Number of Bytes Per Scan = 42
* Number of Voltage Words = 3
* Number of Scans Averaged by the Deck Unit = 1
* NMEA Latitude = 08 00.05 N
* NMEA Longitude = 018 51.14 W
* NMEA UTC (Time) = Mar 05 2022 04:57:11
** Cruise: PIRATA-FR32
** Ship: THALASSA
** Station: 004
** Bottom Depth: 4318
** Barometric pressure : 1007
** Temp Air: 25.1
** Operator: AMGE
** Comments:
# nquan = 25
# nvalues = 501                         
# units = specified
# name 0 = scan: Scan Count
# name 1 = timeJ: Julian Days
# name 2 = prDM: Pressure, Digiquartz [db]
# name 3 = depSM: Depth [salt water, m]
# name 4 = t090C: Temperature [ITS-90, deg C]
# name 5 = t190C: Temperature, 2 [ITS-90, deg C]
# name 6 = c0S/m: Conductivity [S/m]
# name 7 = c1S/m: Conductivity, 2 [S/m]
# name 8 = sbeox0V: Oxygen raw, SBE 43 [V]
# name 9 = sbeox1V: Oxygen raw, SBE 43, 2 [V]
# name 10 = sbox0dV/dT: Oxygen, SBE 43 [dov/dt]
# name 11 = sbox1dV/dT: Oxygen, SBE 43, 2 [dov/dt]
# name 12 = CStarTr0: Beam Transmission, WET Labs C-Star [%]
# name 13 = flECO-AFL: Fluorescence, WET Labs ECO-AFL/FL [mg/m^3]
# name 14 = flC: Fluorescence, Chelsea Aqua 3 Chl Con [ug/l]
# name 15 = sbox0Mm/Kg: Oxygen, SBE 43 [umol/kg], WS = 2
# name 16 = sbox1Mm/Kg: Oxygen, SBE 43, 2 [umol/kg], WS = 2
# name 17 = sal00: Salinity, Practical [PSU]
# name 18 = sal11: Salinity, Practical, 2 [PSU]
# name 19 = sigma-é00: Density [sigma-theta, kg/m^3]
# name 20 = sigma-é11: Density, 2 [sigma-theta, kg/m^3]
# name 21 = svCM: Sound Velocity [Chen-Millero, m/s]
# name 22 = svCM1: Sound Velocity, 2 [Chen-Millero, m/s]
# name 23 = nbin: number of scans per bin
# name 24 = flag: flag
# span 0 =      21265,      62684       
# span 1 =  64.216632,  64.236607       
# span 2 =      2.000,    502.000       
# span 3 =      1.992,    498.589       
# span 4 =     8.4710,    25.8793       
# span 5 =     8.4698,    25.8808       
# span 6 =   3.676221,   5.506075       
# span 7 =   3.675846,   5.506189       
# span 8 =     0.7998,     2.6076       
# span 9 =     0.8854,     3.0175       
# span 10 =   -0.02586,    0.06103      
# span 11 =   -0.02838,    0.07712      
# span 12 =    86.7798,    89.9236      
# span 13 =     0.0455,     1.0953      
# span 14 =     0.0281,     0.4238      
# span 15 =     39.286,    195.852      
# span 16 =     38.231,    189.449      
# span 17 =    34.8799,    35.9525      
# span 18 =    34.8771,    35.9678      
# span 19 =    23.6576,    27.1167      
# span 20 =    23.6542,    27.1147      
# span 21 =    1492.32,    1537.70      
# span 22 =    1492.32,    1537.73      
# span 23 =         14,        165      
# span 24 = 0.0000e+00, 0.0000e+00      
# interval = decibars: 1                
# start_time = Mar 05 2022 04:57:11 [System UTC, first data scan.]
# bad_flag = -9.990e-29
*END*
[from data line 58]
      24126  64.218010    444.000    441.033     9.4799     9.4831   3.780371   3.780408     0.8127     0.9020   -0.00097   -0.00114    89.8927     0.0809     0.0396     42.174     41.225    35.0064    35.0037    27.0531    27.0505    1495.28    1495.29         20 0.0000e+00
      24154  64.218025    443.000    440.039     9.4820     9.4899   3.780530   3.781109     0.8127     0.9011   -0.00085   -0.00091    89.8804     0.0725     0.0409     42.155     41.112    35.0064    35.0047    27.0528    27.0501    1495.27    1495.29         41 0.0000e+00
      24209  64.218056    442.000    439.066     9.4963     9.5119   3.782258   3.783752     0.8117     0.9008   -0.00023   -0.00088    89.8827     0.0742     0.0410     42.005     41.055    35.0107    35.0110    27.0537    27.0514    1495.31    1495.37         50 0.0000e+00
      24240  64.218063    441.000    438.074     9.5371     9.5645   3.786344   3.789262     0.8095     0.8995   -0.00015   -0.00021    89.8901     0.0636     0.0399     41.657     40.854    35.0137    35.0172    27.0493    27.0475    1495.44    1495.55         24 0.0000e+00
      24263  64.218079    440.000    437.070     9.5374     9.5650   3.786618   3.789270     0.8081     0.8984   -0.00055    0.00018    89.8944     0.0677     0.0403     41.460     40.731    35.0167    35.0172    27.0516    27.0474    1495.43    1495.53         22 0.0000e+00
      24285  64.218086    439.000    436.079     9.5611     9.5694   3.789059   3.789616     0.8071     0.8973   -0.00150   -0.00050    89.8946     0.0773     0.0397     41.308     40.597    35.0193    35.0170    27.0497    27.0465    1495.51    1495.53         23 0.0000e+00
      24309  64.218102    438.000    435.088     9.5688     9.5747   3.789831   3.790212     0.8067     0.8957   -0.00167   -0.00133    89.8918     0.0626     0.0399     41.231     40.410    35.0202    35.0184    27.0491    27.0467    1495.52    1495.54         24 0.0000e+00
      24333  64.218109    437.000    434.096     9.5817     9.5920   3.791197   3.792090     0.8063     0.8948   -0.00122   -0.00112    89.8770     0.0646     0.0404     41.158     40.294    35.0222    35.0214    27.0485    27.0461    1495.55    1495.59         24 0.0000e+00
      24356  64.218124    436.000    433.111     9.6039     9.6218   3.793483   3.795049     0.8054     0.8937   -0.00082   -0.00154    89.8858     0.0647     0.0416     41.018     40.138    35.0247    35.0233    27.0467    27.0427    1495.62    1495.68         24 0.0000e+00
      24381  64.218132    435.000    432.103     9.6266     9.6371   3.795750   3.796551     0.8053     0.8930   -0.00036   -0.00112    89.8780     0.0781     0.0418     40.980     40.035    35.0264    35.0244    27.0443    27.0410    1495.69    1495.72         25 0.0000e+00
      24407  64.218147    434.000    431.119     9.6431     9.6487   3.797334   3.797612     0.8053     0.8921   -0.00064   -0.00105    89.8752     0.0667     0.0400     40.959     39.926    35.0271    35.0246    27.0421    27.0391    1495.73    1495.75         27 0.0000e+00
      24435  64.218163    433.000    430.124     9.6525     9.6551   3.798126   3.797980     0.8053     0.8919   -0.00030   -0.00086    89.8760     0.0641     0.0405     40.945     39.886    35.0266    35.0225    27.0401    27.0364    1495.75    1495.75         29 0.0000e+00
      24468  64.218178    432.000    429.133     9.6487     9.6478   3.797288   3.796718     0.8074     0.8929   -0.00017   -0.00067    89.8760     0.0726     0.0417     41.226     40.007    35.0221    35.0171    27.0372    27.0334    1495.71    1495.70         38 0.0000e+00
      24507  64.218193    431.000    428.145     9.6579     9.6615   3.798039   3.798167     0.8099     0.8954    0.00082    0.00021    89.8760     0.0711     0.0419     41.547     40.255    35.0214    35.0191    27.0351    27.0327    1495.73    1495.74         37 0.0000e+00
      24540  64.218208    430.000    427.156     9.6774     9.6876   3.800097   3.800988     0.8101     0.8973    0.00168    0.00110    89.8760     0.0731     0.0411     41.548     40.430    35.0241    35.0233    27.0339    27.0316    1495.78    1495.82         27 0.0000e+00
      24562  64.218224    429.000    426.163     9.6877     9.7054   3.801324   3.802896     0.8091     0.8969    0.00162    0.00157    89.8760     0.0847     0.0403     41.399     40.369    35.0271    35.0261    27.0345    27.0307    1495.81    1495.87         21 0.0000e+00
      24581  64.218231    428.000    425.168     9.7042     9.7108   3.802868   3.803170     0.8088     0.8969    0.00074    0.00180    89.8760     0.0714     0.0397     41.327     40.361    35.0274    35.0241    27.0319    27.0283    1495.85    1495.87         18 0.0000e+00
      24600  64.218239    427.000    424.168     9.7061     9.7086   3.802930   3.802876     0.8086     0.8966   -0.00013    0.00109    89.8660     0.0590     0.0396     41.305     40.323    35.0266    35.0236    27.0310    27.0282    1495.84    1495.85         19 0.0000e+00
      24620  64.218246    426.000    423.178     9.7074     9.7078   3.803004   3.802719     0.8087     0.8966   -0.00078    0.00002    89.8684     0.0721     0.0403     41.305     40.316    35.0266    35.0233    27.0308    27.0281    1495.83    1495.83         22 0.0000e+00
      24651  64.218262    425.000    422.181     9.7062     9.7100   3.802849   3.802895     0.8089     0.8962   -0.00040   -0.00018    89.8595     0.0699     0.0402     41.336     40.270    35.0266    35.0234    27.0309    27.0278    1495.81    1495.82         43 0.0000e+00
      24696  64.218285    424.000    421.203     9.7146     9.7232   3.803721   3.804310     0.8089     0.8960    0.00018   -0.00025    89.8732     0.0762     0.0400     41.314     40.232    35.0279    35.0256    27.0305    27.0273    1495.83    1495.85         38 0.0000e+00
      24725  64.218300    423.000    420.205     9.7203     9.7298   3.804217   3.804972     0.8084     0.8956    0.00013   -0.00014    89.8750     0.0797     0.0401     41.232     40.175    35.0279    35.0265    27.0295    27.0268    1495.83    1495.86         24 0.0000e+00
      24748  64.218315    422.000    419.212     9.7263     9.7367   3.804875   3.805682     0.8081     0.8956   -0.00006   -0.00001    89.8760     0.0727     0.0407     41.184     40.164    35.0293    35.0275    27.0296    27.0265    1495.84    1495.87         22 0.0000e+00
      24771  64.218323    421.000    418.217     9.7396     9.7484   3.806182   3.806794     0.8080     0.8951   -0.00034   -0.00031    89.8606     0.0735     0.0404     41.160     40.086    35.0303    35.0280    27.0282    27.0249    1495.87    1495.90         26 0.0000e+00
      24801  64.218338    420.000    417.225     9.7623     9.7676   3.808340   3.808587     0.8086     0.8956   -0.00033   -0.00017    89.8213     0.0709     0.0411     41.211     40.124    35.0309    35.0282    27.0248    27.0218    1495.94    1495.95         33 0.0000e+00
      24836  64.218353    419.000    416.231     9.7735     9.7753   3.809381   3.809263     0.8091     0.8961    0.00006   -0.00022    89.8629     0.0716     0.0414     41.260     40.165    35.0312    35.0282    27.0231    27.0205    1495.96    1495.96         36 0.0000e+00
      24867  64.218369    418.000    415.247     9.7756     9.7776   3.809537   3.809458     0.8090     0.8971    0.00052    0.00040    89.8614     0.0755     0.0401     41.242     40.261    35.0312    35.0284    27.0227    27.0203    1495.95    1495.95         26 0.0000e+00
      24890  64.218384    417.000    414.249     9.7759     9.7795   3.809563   3.809592     0.8090     0.8970    0.00035    0.00028    89.8727     0.0732     0.0396     41.237     40.250    35.0316    35.0284    27.0230    27.0199    1495.94    1495.94         22 0.0000e+00
      24915  64.218391    416.000    413.248     9.7796     9.7810   3.809869   3.809709     0.8090     0.8970    0.00002    0.00076    89.8736     0.0642     0.0411     41.228     40.234    35.0316    35.0285    27.0223    27.0197    1495.93    1495.93         31 0.0000e+00
      24972  64.218422    415.000    412.265     9.7794     9.7826   3.809817   3.809824     0.8093     0.8973    0.00010   -0.00005    89.8623     0.0731     0.0418     41.262     40.270    35.0317    35.0286    27.0224    27.0195    1495.92    1495.92         75 0.0000e+00
      25029  64.218445    414.000    411.274     9.7974     9.8010   3.811625   3.811728     0.8095     0.8973   -0.00004    0.00036    89.8430     0.0598     0.0405     41.259     40.244    35.0333    35.0308    27.0206    27.0181    1495.97    1495.98         42 0.0000e+00
      25074  64.218468    413.000    410.277     9.8077     9.8131   3.812571   3.812775     0.8090     0.8969    0.00007   -0.00008    89.8739     0.0715     0.0402     41.195     40.184    35.0334    35.0303    27.0190    27.0156    1495.99    1496.00         50 0.0000e+00
      25120  64.218491    412.000    409.290     9.8166     9.8162   3.813324   3.812970 -9.990e-29     0.8975    0.00016   -0.00031    89.8717     0.0652     0.0408 -9.990e-29     40.239    35.0330    35.0297    27.0171    27.0146    1496.00    1496.00         39 0.0000e+00
      25156  64.218506    411.000    408.291     9.8167     9.8205   3.813213   3.813231     0.8114     0.8981    0.00034    0.00024    89.8714     0.0752     0.0422     41.486     40.293    35.0322    35.0287    27.0164    27.0131    1495.98    1495.99         36 0.0000e+00
      25200  64.218529    410.000    407.301     9.8226     9.8302   3.813725   3.814204     0.8118     0.8990    0.00045    0.00038    89.8639     0.0667     0.0416     41.528     40.376    35.0322    35.0297    27.0154    27.0122    1495.99    1496.01         55 0.0000e+00
      25267  64.218559    409.000    406.311     9.8523     9.8631   3.816882   3.817727     0.8113     0.8991    0.00023    0.00040    89.8598     0.0669     0.0403     41.419     40.355    35.0362    35.0344    27.0136    27.0103    1496.08    1496.12         67 0.0000e+00
      25325  64.218590    408.000    405.318     9.8891     9.8915   3.820799   3.820795     0.8099     0.8981   -0.00047   -0.00004    89.8543     0.0702     0.0400     41.197     40.213    35.0411    35.0387    27.0112    27.0089    1496.21    1496.21         58 0.0000e+00
      25380  64.218613    407.000    404.326     9.9150     9.9202   3.823565   3.823967     0.8086     0.8966   -0.00048   -0.00057    89.8495     0.0759     0.0396     40.991     40.017    35.0447    35.0439    27.0096    27.0080    1496.29    1496.31         46 0.0000e+00
      25422  64.218636    406.000    403.331     9.9452     9.9544   3.826821   3.827585     0.8072     0.8952   -0.00059   -0.00067    89.8493     0.0666     0.0404     40.766     39.824    35.0493    35.0482    27.0080    27.0056    1496.39    1496.42         48 0.0000e+00
      25503  64.218674    405.000    402.342     9.9848     9.9851   3.831167   3.830911     0.8049     0.8928   -0.00075   -0.00076    89.8480     0.0613     0.0410     40.422     39.526    35.0558    35.0529    27.0063    27.0040    1496.52    1496.52        103 0.0000e+00
      25585  64.218712    404.000    401.348    10.0106    10.0106   3.833960   3.833700     0.8029     0.8895   -0.00061   -0.00077    89.8533     0.0689     0.0408     40.119     39.139    35.0598    35.0571    27.0050    27.0029    1496.60    1496.60         59 0.0000e+00
      25635  64.218742    403.000    400.352    10.0153    10.0188   3.834467   3.834583     0.8020     0.8886   -0.00050   -0.00096    89.8522     0.0688     0.0414     39.992     39.030    35.0609    35.0586    27.0050    27.0027    1496.60    1496.61         52 0.0000e+00
      25723  64.218781    402.000    399.362    10.0398    10.0407   3.837122   3.836944     0.8009     0.8869   -0.00044   -0.00050    89.8480     0.0725     0.0416     39.821     38.820    35.0647    35.0620    27.0039    27.0016    1496.68    1496.68        109 0.0000e+00
      25814  64.218826    401.000    398.371    10.0481    10.0551   3.837930   3.838438     0.7999     0.8859   -0.00016   -0.00054    89.8524     0.0669     0.0405     39.672     38.691    35.0654    35.0638    27.0029    27.0005    1496.69    1496.72         38 0.0000e+00
      25855  64.218849    400.000    397.374    10.0473    10.0516   3.837813   3.837864     0.8002     0.8856   -0.00024   -0.00011    89.8522     0.0667     0.0407     39.708     38.663    35.0654    35.0618    27.0030    26.9995    1496.67    1496.68         59 0.0000e+00
      27442  64.219612    399.000    396.384    10.0476    10.0490   3.837484   3.837282     0.8012     0.8867    0.00023    0.00033    89.8460     0.0695     0.0422     39.838     38.777    35.0622    35.0588    27.0005    26.9976    1496.65    1496.66        120 0.0000e+00
      28113  64.219933    398.000    395.395    10.0553    10.0563   3.838207   3.838006     0.8015     0.8868    0.00016    0.00026    89.8397     0.0749     0.0431     39.859     38.774    35.0627    35.0596    26.9995    26.9969    1496.67    1496.67         37 0.0000e+00
      28118  64.219940    397.000    394.401    10.0549    10.0601   3.838146   3.838351     0.8016     0.8873    0.00006   -0.00010    89.8327     0.0728     0.0433     39.867     38.822    35.0628    35.0599    26.9997    26.9965    1496.65    1496.66         34 0.0000e+00
      28156  64.219955    396.000    393.406    10.0622    10.0669   3.838860   3.839025     0.8018     0.8877   -0.00005    0.00031    89.8596     0.0661     0.0417     39.892     38.856    35.0635    35.0606    26.9989    26.9959    1496.66    1496.67         42 0.0000e+00
      28200  64.219978    395.000    392.414    10.0774    10.0826   3.840443   3.840763 -9.990e-29     0.8876    0.00021    0.00035    89.8514     0.0668     0.0428 -9.990e-29     38.827    35.0654    35.0636    26.9978    26.9955    1496.70    1496.72         43 0.0000e+00
      28239  64.219994    394.000    391.425    10.0978    10.1025   3.842544   3.842790     0.8018     0.8876   -0.00000   -0.00016    89.8522     0.0652     0.0413     39.841     38.805    35.0676    35.0655    26.9960    26.9935    1496.76    1496.77         36 0.0000e+00
      28274  64.220009    393.000    390.435    10.1073    10.1192   3.843582   3.844583     0.8013     0.8873   -0.00002    0.00010    89.8522     0.0651     0.0397     39.762     38.748    35.0694    35.0680    26.9958    26.9926    1496.78    1496.82         33 0.0000e+00
      28304  64.220024    392.000    389.438    10.1219    10.1335   3.845090   3.846070     0.8007     0.8871   -0.00017   -0.00010    89.8495     0.0654     0.0411     39.660     38.707    35.0711    35.0698    26.9945    26.9916    1496.82    1496.86         28 0.0000e+00
      28330  64.220039    391.000    388.446    10.1315    10.1425   3.846140   3.847030     0.8006     0.8866   -0.00020   -0.00018    89.8482     0.0701     0.0419     39.643     38.647    35.0729    35.0713    26.9943    26.9912    1496.84    1496.87         24 0.0000e+00
      28353  64.220047    390.000    387.453    10.1438    10.1518   3.847392   3.847953     0.8006     0.8866   -0.00055   -0.00028    89.8439     0.0660     0.0415     39.620     38.626    35.0742    35.0723    26.9932    26.9903    1496.87    1496.89         23 0.0000e+00
      28377  64.220062    389.000    386.455    10.1546    10.1594   3.848530   3.848732     0.8006     0.8864   -0.00023   -0.00021    89.8503     0.0634     0.0431     39.605     38.599    35.0759    35.0732    26.9926    26.9897    1496.89    1496.90         25 0.0000e+00
      28407  64.220078    388.000    385.464    10.1628    10.1679   3.849315   3.849540     0.8006     0.8860   -0.00003   -0.00016    89.8426     0.0641     0.0417     39.592     38.540    35.0764    35.0738    26.9916    26.9886    1496.90    1496.92         36 0.0000e+00
