data-processing/CTD/data/cnv/ures003.cnv
* Sea-Bird SBE 9 Data File:
* FileName = C:\SEASOFT\PIRATA-FR32\data\fr32003.hex
* Software Version Seasave V 7.26.7.107
* Temperature SN = 6083
* Conductivity SN = 4509
* Number of Bytes Per Scan = 42
* Number of Voltage Words = 3
* Number of Scans Averaged by the Deck Unit = 1
* NMEA Latitude = 08 29.97 N
* NMEA Longitude = 019 27.09 W
* NMEA UTC (Time) = Mar 04 2022 23:37:48
** Cruise: PIRATA-FR32
** Ship: THALASSA
** Station: 003
** Bottom Depth: 4492
** Barometric pressure : 1009
** Temp Air: 25.8
** Operator: LWMH
** Comments:
# nquan = 25
# nvalues = 501                         
# units = specified
# name 0 = scan: Scan Count
# name 1 = timeJ: Julian Days
# name 2 = prDM: Pressure, Digiquartz [db]
# name 3 = depSM: Depth [salt water, m]
# name 4 = t090C: Temperature [ITS-90, deg C]
# name 5 = t190C: Temperature, 2 [ITS-90, deg C]
# name 6 = c0S/m: Conductivity [S/m]
# name 7 = c1S/m: Conductivity, 2 [S/m]
# name 8 = sbeox0V: Oxygen raw, SBE 43 [V]
# name 9 = sbeox1V: Oxygen raw, SBE 43, 2 [V]
# name 10 = sbox0dV/dT: Oxygen, SBE 43 [dov/dt]
# name 11 = sbox1dV/dT: Oxygen, SBE 43, 2 [dov/dt]
# name 12 = CStarTr0: Beam Transmission, WET Labs C-Star [%]
# name 13 = flECO-AFL: Fluorescence, WET Labs ECO-AFL/FL [mg/m^3]
# name 14 = flC: Fluorescence, Chelsea Aqua 3 Chl Con [ug/l]
# name 15 = sbox0Mm/Kg: Oxygen, SBE 43 [umol/kg], WS = 2
# name 16 = sbox1Mm/Kg: Oxygen, SBE 43, 2 [umol/kg], WS = 2
# name 17 = sal00: Salinity, Practical [PSU]
# name 18 = sal11: Salinity, Practical, 2 [PSU]
# name 19 = sigma-é00: Density [sigma-theta, kg/m^3]
# name 20 = sigma-é11: Density, 2 [sigma-theta, kg/m^3]
# name 21 = svCM: Sound Velocity [Chen-Millero, m/s]
# name 22 = svCM1: Sound Velocity, 2 [Chen-Millero, m/s]
# name 23 = nbin: number of scans per bin
# name 24 = flag: flag
# span 0 =      20754,      65247       
# span 1 =  63.994603,  64.016060       
# span 2 =      1.000,    501.000       
# span 3 =      0.982,    497.584       
# span 4 =     9.3705,    25.7965       
# span 5 =     9.3710,    25.8052       
# span 6 =   3.772837,   5.515045       
# span 7 =   3.772628,   5.515237       
# span 8 =     0.7717,     2.6257       
# span 9 =     0.8525,     3.0360       
# span 10 =   -0.04044,    0.05416      
# span 11 =   -0.04728,    0.04945      
# span 12 =    83.6947,    89.9028      
# span 13 =     0.0406,     2.3894      
# span 14 =     0.0262,     0.7545      
# span 15 =     36.019,    197.836      
# span 16 =     35.149,    191.211      
# span 17 =    35.0104,    36.0026      
# span 18 =    35.0075,    36.0179      
# span 19 =    23.7829,    27.0753      
# span 20 =    23.7760,    27.0742      
# span 21 =    1495.77,    1537.65      
# span 22 =    1495.77,    1537.67      
# span 23 =         14,        152      
# span 24 = 0.0000e+00, 0.0000e+00      
# interval = decibars: 1                
# start_time = Mar 04 2022 23:37:49 [System UTC, first data scan.]
# bad_flag = -9.990e-29
*END*
[from data line 464]
      54712  64.010979     37.000     36.791    21.1980    21.2177   5.035067   5.037611     2.0069     2.2786    0.02113    0.03072    87.0231     1.4908     0.4293    151.775    143.967    35.9576    35.9615    25.1708    25.1683    1526.42    1526.47         36 0.0000e+00
      54748  64.010994     36.000     35.793    21.2523    21.3403   5.040848   5.049887     2.0421     2.3213    0.02366    0.04859    87.1620     1.2956     0.3965    155.152    147.158    35.9587    35.9572    25.1566    25.1313    1526.55    1526.78         38 0.0000e+00
      54804  64.011024     35.000     34.799    21.5439    21.5711   5.071605   5.074106     2.1102     2.4115    0.02643    0.03541    87.2379     1.3155     0.4212    161.165    153.938    35.9605    35.9577    25.0773    25.0676    1527.31    1527.38         78 0.0000e+00
      54889  64.011063     34.000     33.807    21.7141    21.7304   5.089214   5.090583     2.1732     2.4958    0.02438    0.03128    86.5216     1.4814     0.5070    166.970    160.390    35.9588    35.9560    25.0286    25.0219    1527.74    1527.78         86 0.0000e+00
      54967  64.011101     33.000     32.811    21.7190    21.7595   5.089450   5.093387     2.1888     2.5171    0.00840    0.01417    85.5475     1.6286     0.6696    168.497    162.028    35.9570    35.9544    25.0258    25.0125    1527.73    1527.84         81 0.0000e+00
      55656  64.011436     32.000     31.817    21.7905    21.8004   5.096827   5.097535     2.2048     2.5390    0.00154   -0.00426    84.4025     2.0041     0.7218    169.860    163.681    35.9562    35.9535    25.0051    25.0003    1527.90    1527.93        101 0.0000e+00
      56464  64.011826     31.000     30.828    21.8120    21.8037   5.099146   5.097847     2.2090     2.5455    0.00108    0.00295    84.0380     2.1601     0.7324    170.190    164.177    35.9570    35.9536    24.9997    24.9995    1527.94    1527.92         38 0.0000e+00
      56485  64.011833     30.000     29.826    21.8240    21.8309   5.100103   5.100322     2.2114     2.5537    0.00316    0.00046    84.0382     2.0788     0.7356    170.374    164.760    35.9549    35.9510    24.9947    24.9898    1527.96    1527.97         34 0.0000e+00
      56569  64.011871     29.000     28.836    21.8022    21.8170   5.097809   5.098870     2.2132     2.5535    0.00156    0.00318    84.0130     2.3894     0.7451    170.604    164.757    35.9552    35.9514    25.0010    24.9939    1527.88    1527.92         68 0.0000e+00
      56665  64.011925     28.000     27.846    21.7958    21.8135   5.097148   5.098719     2.2167     2.5529   -0.00059   -0.00095    83.9326     2.2096     0.7545    170.946    164.697    35.9557    35.9534    25.0031    24.9964    1527.85    1527.89         33 0.0000e+00
      56692  64.011932     27.000     26.844    21.9267    21.9417   5.111403   5.112949     2.2414     2.5835    0.00003    0.00023    83.8280     2.0846     0.7381    172.989    166.799    35.9599    35.9597    24.9695    24.9651    1528.18    1528.22         30 0.0000e+00
      56745  64.011963     26.000     25.847    22.5967    22.5318   5.181150   5.174732     2.2815     2.6409    0.00427    0.00228    83.6947     2.0982     0.6966    174.964    169.779    35.9532    35.9569    24.7736    24.7956    1529.89    1529.73         52 0.0000e+00
      56868  64.012016     25.000     24.864    22.5167    22.3759   5.179012   5.161081     2.3505     2.6927   -0.01008   -0.01564    83.7562     2.1994     0.6574    181.881    174.333    36.0026    35.9791    24.8337    24.8569    1529.72    1529.34         27 0.0000e+00
      56889  64.012032     24.000     23.854    24.2045    24.3972   5.353130   5.380686     2.4739     2.7869    0.00938    0.00514    84.4250     1.7458     0.5800    188.639    176.063    35.9653    36.0179    24.3116    24.2920    1533.91    1534.42         32 0.0000e+00
      56980  64.012070     23.000     22.870    23.5965    23.7263   5.286178   5.302687     2.4152     2.7835   -0.00836    0.00413    84.5939     1.2450     0.4057    184.883    177.733    35.9467    35.9667    24.4752    24.4508    1532.34    1532.67         96 0.0000e+00
      57719  64.012428     22.000     21.867    25.7965    25.8052   5.515045   5.515237     2.6228     3.0341   -0.00002    0.00068    87.6965     0.5419     0.1245    197.772    191.211    35.9058    35.9003    23.7829    23.7760    1537.65    1537.67         59 0.0000e+00
      58470  64.012794     21.000     20.881    25.7000    25.7183   5.505105   5.506574     2.6174     3.0234   -0.00054   -0.00305    87.5592     0.2733     0.1020    197.522    190.601    35.9086    35.9050    23.8140    23.8056    1537.40    1537.44         57 0.0000e+00
      58508  64.012810     20.000     19.890    25.7158    25.7226   5.506804   5.506961     2.6185     3.0198   -0.00208   -0.00159    87.4960     0.3196     0.1015    197.552    190.295    35.9089    35.9048    23.8093    23.8040    1537.42    1537.44         25 0.0000e+00
      58532  64.012825     19.000     18.887    25.7229    25.7256   5.507477   5.507232     2.6203     3.0187   -0.00020    0.00692    87.5371     0.2596     0.1006    197.673    190.177    35.9086    35.9047    23.8068    23.8030    1537.42    1537.43         26 0.0000e+00
      58576  64.012840     18.000     17.895    25.7191    25.7248   5.507027   5.507102     2.6171     3.0164    0.00109   -0.00070    87.5759     0.2746     0.1076    197.366    189.984    35.9087    35.9047    23.8079    23.8032    1537.40    1537.41         69 0.0000e+00
      58643  64.012878     17.000     16.907    25.7169    25.7255   5.506791   5.507145     2.6180     3.0274   -0.00156   -0.00078    87.5286     0.3098     0.0977    197.432    190.799    35.9089    35.9048    23.8087    23.8029    1537.38    1537.39         50 0.0000e+00
      58686  64.012894     16.000     15.909    25.7237    25.7254   5.507450   5.507113     2.6205     3.0239    0.00052    0.00565    87.5254     0.3078     0.0979    197.615    190.509    35.9088    35.9049    23.8065    23.8030    1537.38    1537.38         44 0.0000e+00
      58737  64.012924     15.000     14.918    25.7239    25.7229   5.507439   5.506795     2.6203     3.0248    0.00134   -0.00162    87.5614     0.3189     0.0968    197.573    190.561    35.9088    35.9049    23.8063    23.8037    1537.36    1537.35         55 0.0000e+00
      58783  64.012939     14.000     13.919    25.7207    25.7209   5.507070   5.506560     2.6184     3.0229    0.00004    0.00092    87.4809     0.3105     0.0943    197.386    190.398    35.9090    35.9051    23.8074    23.8044    1537.34    1537.33         39 0.0000e+00
      58886  64.012993     13.000     12.923    25.7207    25.7228   5.507032   5.506734     2.6210     3.0247   -0.00051   -0.00082    87.5125     0.2760     0.0967    197.605    190.506    35.9090    35.9052    23.8073    23.8038    1537.32    1537.32         76 0.0000e+00
      60201  64.013626     12.000     11.937    25.7275    25.7273   5.507759   5.507233     2.6208     3.0260    0.00053    0.00145    87.5847     0.2839     0.0936    197.535    190.569    35.9094    35.9056    23.8054    23.8026    1537.32    1537.31         86 0.0000e+00
      60396  64.013718     11.000     10.938    25.7247    25.7263   5.507409   5.507078     2.6205     3.0282   -0.00025   -0.00259    87.6882     0.2634     0.0928    197.499    190.717    35.9093    35.9056    23.8062    23.8029    1537.29    1537.29         44 0.0000e+00
      60439  64.013741     10.000      9.943    25.7250    25.7260   5.507403   5.507008     2.6211     3.0288   -0.00055    0.00242    87.7096     0.2768     0.0953    197.525    190.737    35.9093    35.9056    23.8060    23.8029    1537.28    1537.28         47 0.0000e+00
      60497  64.013771      9.000      8.949    25.7267    25.7266   5.507542   5.507038     2.6211     3.0266    0.00010   -0.00040    87.7471     0.3098     0.0940    197.497    190.546    35.9093    35.9057    23.8054    23.8027    1537.27    1537.26         72 0.0000e+00
      60564  64.013802      8.000      7.952    25.7271    25.7269   5.507535   5.507010     2.6232     3.0307    0.00056    0.00046    87.7403     0.2985     0.0972    197.671    190.834    35.9093    35.9056    23.8052    23.8025    1537.25    1537.25         66 0.0000e+00
      61420  64.014214      7.000      6.957    25.7254    25.7258   5.507332   5.506875     2.6237     3.0262   -0.00019   -0.00002    87.8187     0.2832     0.0938    197.695    190.473    35.9094    35.9058    23.8057    23.8029    1537.23    1537.23        152 0.0000e+00
      62429  64.014702      6.000      5.971    25.7246    25.7254   5.507178   5.506783     2.6228     3.0194    0.00198   -0.00129    87.9142     0.2837     0.0935    197.593    189.935    35.9093    35.9058    23.8058    23.8029    1537.21    1537.21         47 0.0000e+00
      62794  64.014877      5.000      4.963    25.7217    25.7231   5.506858   5.506517     2.6240     3.0278   -0.00055   -0.00070    87.8549     0.2772     0.0928    197.691    190.560    35.9095    35.9059    23.8069    23.8037    1537.19    1537.19        112 0.0000e+00
      64505  64.015701      4.000      3.973    25.7189    25.7167   5.506532   5.505840     2.6257     3.0359    0.00047   -0.00451    87.8950     0.2527     0.0919    197.836    191.169    35.9096    35.9063    23.8077    23.8059    1537.16    1537.16         45 0.0000e+00
      64587  64.015739      3.000      2.982    25.7167    25.7156   5.506261   5.505690     2.6245     3.0360    0.00124    0.00243    87.8744     0.2840     0.0912    197.700    191.154    35.9097    35.9064    23.8084    23.8062    1537.14    1537.14         49 0.0000e+00
      64679  64.015785      2.000      1.989    25.7154    25.7160   5.506115   5.505712     2.6251     3.0294   -0.00073   -0.00260    87.7845     0.2925     0.0933    197.739    190.633    35.9100    35.9066    23.8089    23.8062    1537.12    1537.12        102 0.0000e+00
      65247  64.016060      1.000      0.982    25.7154    25.7182   5.506041   5.505874     2.6253     3.0274    0.00052   -0.00061    87.6788     0.2567     0.0920    197.733    190.447    35.9098    35.9063    23.8087    23.8053    1537.11    1537.11         74 0.0000e+00
